3.741508091447909123e+01
3.741853574077054390e+01
3.742198935081160016e+01
3.742544159992329611e+01
3.742889234285469513e+01
3.743234143386418111e+01
3.743578872676087599e+01
3.743923407491773503e+01
3.744267733128081943e+01
3.744611834839409426e+01
3.744955697846324938e+01
3.745299307346427753e+01
3.745642648525892326e+01
3.745985706568965412e+01
3.746328466668538226e+01
3.746670914039342648e+01
3.747013033928718784e+01
3.747354811619879911e+01
3.747696232428260998e+01
3.748037281694850265e+01
3.748377944778937376e+01
3.748718207051831541e+01
3.749058053893605802e+01
3.749397470692370860e+01
3.749736442844328366e+01
3.750074955754218564e+01
3.750412994835179603e+01
3.750750545508319078e+01
3.751087593204913873e+01
3.751424123370946972e+01
3.751760121470093878e+01
3.752095572984559624e+01
3.752430463416403228e+01
3.752764778290819692e+01
3.753098503162723176e+01
3.753431623627529490e+01
3.753764125333004387e+01
3.754095993987511548e+01
3.754427215363491399e+01
3.754757775297134970e+01
3.755087659683776735e+01
3.755416854470760057e+01
3.755745345653215850e+01
3.756073119273357719e+01
3.756400161418216044e+01
3.756726458213963582e+01
3.757051995819074364e+01
3.757376760417777461e+01
3.757700738213409863e+01
3.758023915420996985e+01
3.758346278259438833e+01
3.758667812944873532e+01
3.758988505686468784e+01
3.759308342684560955e+01
3.759627310130543520e+01
3.759945394207633740e+01
3.760262581091934209e+01
3.760578856956225025e+01
3.760894207979015391e+01
3.761208620355640875e+01
3.761522080306733784e+01
3.761834574084846139e+01
3.762146087981946607e+01
3.762456608338090547e+01
3.762766121553209331e+01
3.763074614105524063e+01
3.763382072572589010e+01
3.763688483645326244e+01
3.763993834133098915e+01
3.764298110966544897e+01
3.764601301202945649e+01
3.764903392032572071e+01
3.765204370782593912e+01
3.765504224917778231e+01
3.765802942039241685e+01
3.766100509883008129e+01
3.766396916319835952e+01
3.766692149356799746e+01
3.766986197140433035e+01
3.767279047959482341e+01
3.767570690243375964e+01
3.767861112554755465e+01
3.768150303580254246e+01
3.768438252126636456e+01
3.768724947124532321e+01
3.769010377635589748e+01
3.769294532859233726e+01
3.769577402138263267e+01
3.769858974963374720e+01
3.770139240976812545e+01
3.770418189974268586e+01
3.770695811903959793e+01
3.770972096864922918e+01
3.771247035107657553e+01
3.771520617035934464e+01
3.771792833205976336e+01
3.772063674322819082e+01
3.772333131237157744e+01
3.772601194944049041e+01
3.772867856582004720e+01
3.773133107431890210e+01
3.773396938915828258e+01
3.773659342594643817e+01
3.773920310161704350e+01
3.774179833431209374e+01
3.774437904320836878e+01
3.774694514834779113e+01
3.774949657055838514e+01
3.775203323147949419e+01
3.775455505362699427e+01
3.775706196045166507e+01
3.775955387641123195e+01
3.776203072708531039e+01
3.776449243930789379e+01
3.776693894125700979e+01
3.776937016245964429e+01
3.777178603371974930e+01
3.777418648702483495e+01
3.777657145548084117e+01
3.777894087326940564e+01
3.778129467559156041e+01
3.778363279857444468e+01
3.778595517916630087e+01
3.778826175509095009e+01
3.779055246487926212e+01
3.779282724791225689e+01
3.779508604443222453e+01
3.779732879554789804e+01
3.779955544327575723e+01
3.780176593060275536e+01
3.780396020151502512e+01
3.780613820099245714e+01
3.780829987501503098e+01
3.781044517057501508e+01
3.781257403565897590e+01
3.781468641921618712e+01
3.781678227115628488e+01
3.781886154237909636e+01
3.782092418480643659e+01
3.782297015138472318e+01
3.782499939604569761e+01
3.782701187363800699e+01
3.782900753983633990e+01
3.783098635101264051e+01
3.783294826408593536e+01
3.783489323643544111e+01
3.783682122594523634e+01
3.783873219113372954e+01
3.784062609127435195e+01
3.784250288648512139e+01
3.784436253780363302e+01
3.784620500724548009e+01
3.784803025784812291e+01
3.784983825370797916e+01
3.785162896000383626e+01
3.785340234298236339e+01
3.785515836988129479e+01
3.785689700882437592e+01
3.785861822877869542e+01
3.786032199960360600e+01
3.786200829213374419e+01
3.786367707825237972e+01
3.786532833094332062e+01
3.786696202430098879e+01
3.786857813348302670e+01
3.787017663462786743e+01
3.787175750477917546e+01
3.787332072182977072e+01
3.787486626447923044e+01
3.787639411221292818e+01
3.787790424529576683e+01
3.787939664474443191e+01
3.788087129226951077e+01
3.788232817023036603e+01
3.788376726163959063e+01
3.788518855021239062e+01
3.788659202042861551e+01
3.788797765757831826e+01
3.788934544779360891e+01
3.789069537807087329e+01
3.789202743626573522e+01
3.789334161106752674e+01
3.789463789196803845e+01
3.789591626921561129e+01
3.789717673378486751e+01
3.789841927741076688e+01
3.789964389264801525e+01
3.790085057288275294e+01
3.790203931229265777e+01
3.790321010578370675e+01
3.790436294893181923e+01
3.790549783797128214e+01
3.790661476983679989e+01
3.790771374219288248e+01
3.790879475337077054e+01
3.790985780221179624e+01
3.791090288789622775e+01
3.791193000982082140e+01
3.791293916756406190e+01
3.791393036099564284e+01
3.791490359050960279e+01
3.791585885726050975e+01
3.791679616332847047e+01
3.791771551181608402e+01
3.791861690688199360e+01
3.791950035371316829e+01
3.792036585845922048e+01
3.792121342816478347e+01
3.792204307071459368e+01
3.792285479479025412e+01
3.792364860985534136e+01
3.792442452617360260e+01
3.792518255482916345e+01
3.792592270773113228e+01
3.792664499761634289e+01
3.792734943805598391e+01
3.792803604344862833e+01
3.792870482896947948e+01
3.792935581046599935e+01
3.792998900434196230e+01
3.793060442748920735e+01
3.793120209727497638e+01
3.793178203154287331e+01
3.793234424860418130e+01
3.793288876723497793e+01
3.793341560668599044e+01
3.793392478665250422e+01
3.793441632713817313e+01
3.793489024824380351e+01
3.793534656996981624e+01
3.793578531206257054e+01
3.793620649389482935e+01
3.793661013439199081e+01
3.793699625206456716e+01
3.793736486520237605e+01
3.793771599215740054e+01
3.793804965156728315e+01
3.793836586246870723e+01
3.793866464433780550e+01
3.793894601707506098e+01
3.793921000094152873e+01
3.793945661650381851e+01
3.793968588464445446e+01
3.793989782660526089e+01
3.794009246399679824e+01
3.794026981875513371e+01
3.794042991305875745e+01
3.794057276922604416e+01
3.794069840962827556e+01
3.794080685666700958e+01
3.794089813284795554e+01
3.794097226089765940e+01
3.794102926380526952e+01
3.794106916475811886e+01
3.794109198707540287e+01
3.794109775422760578e+01
3.794108648990560084e+01
3.794105821807522005e+01
3.794101296300454607e+01
3.794095074926199374e+01
3.794087160168326278e+01
3.794077554531980212e+01
3.794066260539218405e+01
3.794053280728050481e+01
3.794038617656062939e+01
3.794022273904723619e+01
3.794004252080377171e+01
3.793984554813201271e+01
3.793963184757330964e+01
3.793940144591083197e+01
3.793915437014946690e+01
3.793889064747818196e+01
3.793861030521390632e+01
3.793831337072791854e+01
3.793799987137808927e+01
3.793766983446159458e+01
3.793732328722421698e+01
3.793696025697673235e+01
3.793658077126010397e+01
3.793618485794539907e+01
3.793577254527918541e+01
3.793534386193673669e+01
3.793489883706069321e+01
3.793443750023931216e+01
3.793395988142338382e+01
3.793346601083734271e+01
3.793295591897414454e+01
3.793242963668567569e+01
3.793188719526246899e+01
3.793132862641011371e+01
3.793075396215566286e+01
3.793016323479881891e+01
3.792955647695177390e+01
3.792893372158785326e+01
3.792829500203666981e+01
3.792764035196164940e+01
3.792696980536886286e+01
3.792628339667038517e+01
3.792558116081583108e+01
3.792486313341914439e+01
3.792412935076256275e+01
3.792337984970522768e+01
3.792261466759666888e+01
3.792183384218441233e+01
3.792103741150319252e+01
3.792022541384399403e+01
3.791939788785078491e+01
3.791855487265133462e+01
3.791769640792568197e+01
3.791682253390944624e+01
3.791593329139706725e+01
3.791502872178605799e+01
3.791410886711245354e+01
3.791317377001232103e+01
3.791222347361603084e+01
3.791125802143670143e+01
3.791027745732591825e+01
3.790928182553952297e+01
3.790827117087159337e+01
3.790724553876026448e+01
3.790620497532825084e+01
3.790514952738345755e+01
3.790407924237873516e+01
3.790299416831806667e+01
3.790189435363839010e+01
3.790077984711196279e+01
3.789965069780226514e+01
3.789850695508428657e+01
3.789734866870467300e+01
3.789617588886734012e+01
3.789498866635507568e+01
3.789378705265797009e+01
3.789257110003569551e+01
3.789134086146384561e+01
3.789009639050335210e+01
3.788883774122349735e+01
3.788756496824963449e+01
3.788627812684210738e+01
3.788497727290894801e+01
3.788366246299033691e+01
3.788233375426845129e+01
3.788099120455876800e+01
3.787963487223715475e+01
3.787826481615428520e+01
3.787688109560560434e+01
3.787548377035976443e+01
3.787407290072993504e+01
3.787264854764417521e+01
3.787121077264179547e+01
3.786975963782199273e+01
3.786829520584316811e+01
3.786681753997974909e+01
3.786532670416827528e+01
3.786382276300586369e+01
3.786230578170670213e+01
3.786077582604108471e+01
3.785923296229685775e+01
3.785767725728182143e+01
3.785610877830079346e+01
3.785452759301095682e+01
3.785293376920026276e+01
3.785132737467882436e+01
3.784970847735935706e+01
3.784807714538629853e+01
3.784643344719191305e+01
3.784477745151146877e+01
3.784310922741215677e+01
3.784142884431219755e+01
3.783973637194546313e+01
3.783803188028614528e+01
3.783631543949004339e+01
3.783458711988454581e+01
3.783284699201806944e+01
3.783109512676212205e+01
3.782933159541140355e+01
3.782755646972455565e+01
3.782576982189278425e+01
3.782397172445693911e+01
3.782216225023622513e+01
3.782034147234369215e+01
3.781850946427770310e+01
3.781666630000951557e+01
3.781481205403093071e+01
3.781294680138348241e+01
3.781107061769347411e+01
3.780918357920409534e+01
3.780728576277736863e+01
3.780537724587569670e+01
3.780345810653847849e+01
3.780152842332763896e+01
3.779958827523707754e+01
3.779763774160609557e+01
3.779567690205905706e+01
3.779370583646172577e+01
3.779172462489309225e+01
3.778973334765532144e+01
3.778773208530893868e+01
3.778572091867400928e+01
3.778369992879720485e+01
3.778166919695591019e+01
3.777962880472667706e+01
3.777757883409937989e+01
3.777551936763920537e+01
3.777345048866519051e+01
3.777137228134887437e+01
3.776928483067565878e+01
3.776718822230871098e+01
3.776508254243739771e+01
3.776296787766846563e+01
3.776084431497676519e+01
3.775871194170561296e+01
3.775657084559346544e+01
3.775442111480357710e+01
3.775226283794092552e+01
3.775009610404976002e+01
3.774792100262181549e+01
3.774573762365228191e+01
3.774354605768706961e+01
3.774134639578232253e+01
3.773913872943580117e+01
3.773692315057759572e+01
3.773469975157849632e+01
3.773246862521832412e+01
3.773022986463781336e+01
3.772798356329042946e+01
3.772572981486500510e+01
3.772346871317920858e+01
3.772120035209729139e+01
3.771892482551511705e+01
3.771664222742312234e+01
3.771435265204041087e+01
3.771205619395463060e+01
3.770975294816261680e+01
3.770744300999504617e+01
3.770512647501676184e+01
3.770280343896706654e+01
3.770047399771463148e+01
3.769813824719974349e+01
3.769579628339215560e+01
3.769344820228009496e+01
3.769109409985350112e+01
3.768873407205698811e+01
3.768636821473216969e+01
3.768399662357066404e+01
3.768161939408371808e+01
3.767923662159126508e+01
3.767684840124024959e+01
3.767445482805997869e+01
3.767205599703108732e+01
3.766965200312824891e+01
3.766724294132488637e+01
3.766482890657549376e+01
3.766240999379403576e+01
3.765998629782269091e+01
3.765755791335570279e+01
3.765512493480193257e+01
3.765268745612498691e+01
3.765024557076031897e+01
3.764779937170085589e+01
3.764534895169853002e+01
3.764289440343079463e+01
3.764043581956967444e+01
3.763797329278366988e+01
3.763550691568799778e+01
3.763303678073837233e+01
3.763056298010137368e+01
3.762808560556381110e+01
3.762560474849667713e+01
3.762312049984533502e+01
3.762063295013241770e+01
3.761814218945390564e+01
3.761564830743431997e+01
3.761315139316531031e+01
3.761065153519688664e+01
3.760814882157833949e+01
3.760564333987674246e+01
3.760313517715356113e+01
3.760062441994227811e+01
3.759811115423865147e+01
3.759559546548224063e+01
3.759307743853303663e+01
3.759055715766172767e+01
3.758803470654490297e+01
3.758551016823483337e+01
3.758298362511083468e+01
3.758045515886565369e+01
3.757792485054157083e+01
3.757539278058009558e+01
3.757285902887755924e+01
3.757032367484750779e+01
3.756778679745191596e+01
3.756524847517980703e+01
3.756270878599763563e+01
3.756016780728506887e+01
3.755762561573763492e+01
3.755508228723235220e+01
3.755253789669726672e+01
3.754999251803845794e+01
3.754744622413719668e+01
3.754489908687921229e+01
3.754235117717136205e+01
3.753980256492705792e+01
3.753725331902352735e+01
3.753470350724047222e+01
3.753215319618710311e+01
3.752960245122625338e+01
3.752705133641111956e+01
3.752449991444151323e+01
3.752194824663082073e+01
3.751939639287881789e+01
3.751684441165810568e+01
3.751429236002098833e+01
3.751174029362492490e+01
3.750918826676959128e+01
3.750663633243592443e+01
3.750408454231448729e+01
3.750153294681624061e+01
3.749898159507554141e+01
3.749643053497067768e+01
3.749387981319312502e+01
3.749132947537911775e+01
3.748877956627339358e+01
3.748623012987244607e+01
3.748368120952591909e+01
3.748113284800779610e+01
3.747858508756128515e+01
3.747603796990765090e+01
3.747349153622096907e+01
3.747094582708239585e+01
3.746840088242378641e+01
3.746585674147025458e+01
3.746331344269937347e+01
3.746077102383632251e+01
3.745822952188613186e+01
3.745568897317171775e+01
3.745314941334372350e+01
3.745061087736105776e+01
3.744807339946373048e+01
3.744553701315433614e+01
3.744300175119038698e+01
3.744046764557947427e+01
3.743793472757832319e+01
3.743540302770750827e+01
3.743287257577873817e+01
3.743034340091634249e+01
3.742781553156122243e+01
3.742528899545434484e+01
3.742276381959977272e+01
3.742024003021597167e+01
3.741771765269496797e+01
3.741519671158482652e+01
3.741267723058970063e+01
3.741015923256500031e+01
3.740764273949208985e+01
3.740512777243834819e+01
3.740261435152412162e+01
3.740010249592370428e+01
3.739759222392379456e+01
3.739508355302776010e+01
3.739257650005693279e+01
3.739007108123053058e+01
3.738756731226890651e+01
3.738506520856599025e+01
3.738256478542304251e+01
3.738006605831755280e+01
3.737756904318570861e+01
3.737507375666103826e+01
3.737258021620495896e+01
3.737008844013305975e+01
3.736759844757222737e+01
3.736511025835056188e+01
3.736262389283761820e+01
3.736013937179436084e+01
3.735765671627088125e+01
3.735517594756543502e+01
3.735269708724976567e+01
3.735022015721776256e+01
3.734774517969419350e+01
3.734527217721228709e+01
3.734280117263509879e+01
3.734033218921977948e+01
3.733786525061264427e+01
3.733540038073224565e+01
3.733293760362514035e+01
3.733047694336843847e+01
3.732801842403465997e+01
3.732556206971214152e+01
3.732310790455952088e+01
3.732065595286022130e+01
3.731820623903795564e+01
3.731575878762256337e+01
3.731331362321098055e+01
3.731087077046518630e+01
3.730843025412576708e+01
3.730599209900695712e+01
3.730355632997900983e+01
3.730112297195934445e+01
3.729869204992802167e+01
3.729626358897438365e+01
3.729383761435834543e+01
3.729141415154825268e+01
3.728899322620907242e+01
3.728657486414871158e+01
3.728415909124386474e+01
3.728174593335318576e+01
3.727933541621973745e+01
3.727692756537442875e+01
3.727452240605794032e+01
3.727211996317285525e+01
3.726972026126793480e+01
3.726732332455158314e+01
3.726492917692385731e+01
3.726253784201330177e+01
3.726014934321869276e+01
3.725776370375948687e+01
3.725538094672733536e+01
3.725300109512480873e+01
3.725062417188083685e+01
3.724825019984854180e+01
3.724587920180896106e+01
3.724351120048937958e+01
3.724114621857575713e+01
3.723878427869792773e+01
3.723642540338361329e+01
3.723406961498415058e+01
3.723171693558272466e+01
3.722936738691816316e+01
3.722702099035939938e+01
3.722467776692855779e+01
3.722233773735241158e+01
3.722000092214489797e+01
3.721766734171985291e+01
3.721533701650184156e+01
3.721300996701257446e+01
3.721068621394369558e+01
3.720836577823737201e+01
3.720604868117076336e+01
3.720373494441128059e+01
3.720142459003574942e+01
3.719911764054963044e+01
3.719681411894419654e+01
3.719451404880726386e+01
3.719221745446022709e+01
3.718992436106006494e+01
3.718763479462919008e+01
3.718534878202493132e+01
3.718306635087005674e+01
3.718078752944917653e+01
3.717851234660027870e+01
3.717624083166957405e+01
3.717397301454134606e+01
3.717170892565707874e+01
3.716944859596054584e+01
3.716719205680393401e+01
3.716493933986367892e+01
3.716269047705728923e+01
3.716044550045142358e+01
3.715820444221080976e+01
3.715596733464072088e+01
3.715373421029764245e+01
3.715150510210668244e+01
3.714928004346153045e+01
3.714705906830388926e+01
3.714484221117469787e+01
3.714262950720781475e+01
3.714042099203511071e+01
3.713821670165158650e+01
3.713601667232921244e+01
3.713382094058820115e+01
3.713162954318973874e+01
3.712944251713550159e+01
3.712725989965353079e+01
3.712508172814224139e+01
3.712290804007248823e+01
3.712073887289064800e+01
3.711857426397231308e+01
3.711641425062764199e+01
3.711425887012809000e+01
3.711210815974485655e+01
3.710996215680678034e+01
3.710782089876899192e+01
3.710568442325322280e+01
3.710355276802682312e+01
3.710142597093302896e+01
3.709930406980758733e+01
3.709718710239927475e+01
3.709507510629529037e+01
3.709296811885339906e+01
3.709086617714292800e+01
3.708876931788373810e+01
3.708667757737448767e+01
3.708459099142773852e+01
3.708250959534006341e+01
3.708043342390701014e+01
3.707836251147018913e+01
3.707629689197210610e+01
3.707423659900032931e+01
3.707218166582186569e+01
3.707013212541072988e+01
3.706808801045698942e+01
3.706604935335339945e+01
3.706401618617424276e+01
3.706198854065998205e+01
3.705996644821264852e+01
3.705794993989899666e+01
3.705593904644978664e+01
3.705393379824631239e+01
3.705193422530215486e+01
3.704994035725751900e+01
3.704795222339501493e+01
3.704596985266322662e+01
3.704399327368077621e+01
3.704202251471216556e+01
3.704005760363379807e+01
3.703809856791174582e+01
3.703614543459897845e+01
3.703419823034423075e+01
3.703225698139217315e+01
3.703032171355325630e+01
3.702839245214251918e+01
3.702646922191632228e+01
3.702455204703932168e+01
3.702264095108941433e+01
3.702073595708995413e+01
3.701883708754194657e+01
3.701694436442217295e+01
3.701505780914226307e+01
3.701317744250786035e+01
3.701130328473031028e+01
3.700943535549874497e+01
3.700757367406384901e+01
3.700571825928658853e+01
3.700386912964594899e+01
3.700202630323600062e+01
3.700018979778533890e+01
3.699835963069599387e+01
3.699653581907453770e+01
3.699471837974076749e+01
3.699290732921890168e+01
3.699110268372577082e+01
3.698930445916877119e+01
3.698751267114867858e+01
3.698572733494686560e+01
3.698394846548719528e+01
3.698217607728714285e+01
3.698041018441968930e+01
3.697865080049466258e+01
3.697689793865560404e+01
3.697515161158837316e+01
3.697341183154239275e+01
3.697167861035869407e+01
3.696995195949018864e+01
3.696823189000528487e+01
3.696651841257600779e+01
3.696481153745536119e+01
3.696311127445172673e+01
3.696141763290814453e+01
3.695973062168549461e+01
3.695805024914175618e+01
3.695637652311221899e+01
3.695470945091893356e+01
3.695304903943080888e+01
3.695139529514800358e+01
3.694974822426101468e+01
3.694810783266690635e+01
3.694647412595143265e+01
3.694484710934188598e+01
3.694322678764342527e+01
3.694161316519580396e+01
3.694000624588080228e+01
3.693840603316269267e+01
3.693681253012390187e+01
3.693522573949183396e+01
3.693364566367447566e+01
3.693207230480378200e+01
3.693050566477030117e+01
3.692894574524118667e+01
3.692739254766947710e+01
3.692584607330529423e+01
3.692430632321382689e+01
3.692277329829140342e+01
3.692124699925813758e+01
3.691972742662622409e+01
3.691821458067212802e+01
3.691670846143506424e+01
3.691520906874562513e+01
3.691371640227296069e+01
3.691223046156218146e+01
3.691075124603765545e+01
3.690927875497221322e+01
3.690781298744365557e+01
3.690635394230491784e+01
3.690490161817755421e+01
3.690345601345990190e+01
3.690201712633712106e+01
3.690058495477759237e+01
3.689915949650595195e+01
3.689774074896730838e+01
3.689632870931003339e+01
3.689492337440250935e+01
3.689352474087436917e+01
3.689213280514785254e+01
3.689074756343124761e+01
3.688936901167916460e+01
3.688799714554892972e+01
3.688663196038225323e+01
3.688527345122004419e+01
3.688392161282986592e+01
3.688257643971973465e+01
3.688123792613340157e+01
3.687990606603689514e+01
3.687858085310303125e+01
3.687726228069988821e+01
3.687595034188603904e+01
3.687464502940675004e+01
3.687334633568532638e+01
3.687205425280954785e+01
3.687076877251519136e+01
3.686948988617150036e+01
3.686821758477342570e+01
3.686695185893584181e+01
3.686569269888089906e+01
3.686444009442053016e+01
3.686319403494573521e+01
3.686195450943148444e+01
3.686072150645421175e+01
3.685949501421325181e+01
3.685827502055514060e+01
3.685706151300479405e+01
3.685585447879852694e+01
3.685465390490938375e+01
3.685345977806260009e+01
3.685227208474724847e+01
3.685109081123268737e+01
3.684991594359967593e+01
3.684874746778891819e+01
3.684758536966333509e+01
3.684642963508875368e+01
3.684528025004387075e+01
3.684413720076619825e+01
3.684300047393993083e+01
3.684187005691395456e+01
3.684074593790332841e+01
3.683962810612645455e+01
3.683851655188961161e+01
3.683741126667343480e+01
3.683631224323305275e+01
3.683521947566602961e+01
3.683413295941509347e+01
3.683305269122985237e+01
3.683197866913539542e+01
3.683091089242519445e+01
3.682984936167448353e+01
3.682879407876919231e+01
3.682774504692024919e+01
3.682670227061849033e+01
3.682566575553595101e+01
3.682463550843884548e+01
3.682361153715218194e+01
3.682259385053894363e+01
3.682158245844519939e+01
3.682057737161790101e+01
3.681957860163829110e+01
3.681858616089717628e+01
3.681760006259936802e+01
3.681662032077599633e+01
3.681564695029572931e+01
3.681467996686244959e+01
3.681371938699532365e+01
3.681276522800887818e+01
3.681181750799988350e+01
3.681087624583423690e+01
3.680994146115038745e+01
3.680901317440562082e+01
3.680809140694373127e+01
3.680717618102180211e+01
3.680626751977463584e+01
3.680536544716942160e+01
3.680446998798959868e+01
3.680358116781194866e+01
3.680269901295340418e+01
3.680182355042862952e+01
3.680095480793968221e+01
3.680009281387251008e+01
3.679923759729246768e+01
3.679838918795344682e+01
3.679754761631969018e+01
3.679671291359142771e+01
3.679588511171790799e+01
3.679506424336944548e+01
3.679425034188710697e+01
3.679344344126938182e+01
3.679264357619098291e+01
3.679185078199141401e+01
3.679106509461196595e+01
3.679028655049560115e+01
3.678951518645379792e+01
3.678875103950991843e+01
3.678799414674556090e+01
3.678724454517121245e+01
3.678650227162901842e+01
3.678576736272483316e+01
3.678503985478257476e+01
3.678431978381715339e+01
3.678360718551610375e+01
3.678290209520956466e+01
3.678220454782264426e+01
3.678151457783464906e+01
3.678083221926753055e+01
3.678015750569471720e+01
3.677949047025195739e+01
3.677883114564905043e+01
3.677817956418648038e+01
3.677753575776912953e+01
3.677689975791601995e+01
3.677627159579545690e+01
3.677565130231072743e+01
3.677503890820534593e+01
3.677443444413997042e+01
3.677383794073720225e+01
3.677324942861466184e+01
3.677266893842295303e+01
3.677209650088359894e+01
3.677153214679771764e+01
3.677097590701285412e+01
3.677042781236828972e+01
3.676988789364335020e+01
3.676935618151927088e+01
3.676883270655177682e+01
3.676831749914077818e+01
3.676781058949026004e+01
3.676731200757205897e+01
3.676682178310911553e+01
3.676633994557626295e+01
3.676586652420976975e+01
3.676540154802266613e+01
3.676494504582111489e+01
3.676449704621482084e+01
3.676405757762461235e+01
3.676362666829286496e+01
3.676320434629294454e+01
3.676279063953085569e+01
3.676238557574686894e+01
3.676198918253760439e+01
3.676160148739951694e+01
3.676122251776848771e+01
3.676085230103990398e+01
3.676049086457411619e+01
3.676013823569215333e+01
3.675979444166069499e+01
3.675945950966536202e+01
3.675913346676932747e+01
3.675881633985543573e+01
3.675850815557116391e+01
3.675820894031060249e+01
3.675791872023346940e+01
3.675763752128405315e+01
3.675736536919071540e+01
3.675710228945851554e+01
3.675684830736965125e+01
3.675660344799262447e+01
3.675636773619337561e+01
3.675614119664439272e+01
3.675592385383096428e+01
3.675571573204955200e+01
3.675551685539451086e+01
3.675532724773892568e+01
3.675514693272030797e+01
3.675497593373408023e+01
3.675481427392702471e+01
3.675466197618196418e+01
3.675451906309368155e+01
3.675438555694381648e+01
3.675426147968062907e+01
3.675414685290851224e+01
3.675404169790178344e+01
3.675394603565457885e+01
3.675385988695504125e+01
3.675378327245851295e+01
3.675371621274125289e+01
3.675365872832686875e+01
3.675361083968542886e+01
3.675357256721701305e+01
3.675354393123326702e+01
3.675352495193601499e+01
3.675351564939005300e+01
3.675351604349006607e+01
3.675352615391092570e+01
3.675354600004247629e+01
3.675357560093588916e+01
3.675361497527737242e+01
3.675366414137835136e+01
3.675372311717154616e+01
3.675379192020988484e+01
3.675387056766449945e+01
3.675395907631388326e+01
3.675405746251356476e+01
3.675416574213461729e+01
3.675428393047290143e+01
3.675441204216123481e+01
3.675455009112634741e+01
3.675469809061107895e+01
3.675485605324526972e+01
3.675502399111081075e+01
3.675520191575503048e+01
3.675538983815826555e+01
3.675558776868297173e+01
3.675579571701494785e+01
3.675601369210654212e+01
3.675624170214418029e+01
3.675647975455095917e+01
3.675672785601356196e+01
3.675698601251693276e+01
3.675725422937315301e+01
3.675753251123755661e+01
3.675782086211322763e+01
3.675811928534662343e+01
3.675842778361839436e+01
3.675874635894094666e+01
3.675907501270181399e+01
3.675941374580926890e+01
3.675976255891878708e+01
3.676012145262924946e+01
3.676049042759447616e+01
3.676086948458203807e+01
3.676125862450194859e+01
3.676165784841383299e+01
3.676206715754484833e+01
3.676248655334553916e+01
3.676291603757201187e+01
3.676335561236614069e+01
3.676380528031625516e+01
3.676426504447788091e+01
3.676473490833311786e+01
3.676521487569637969e+01
3.676570495059777954e+01
3.676620513716547123e+01
3.676671543951285770e+01
3.676723586163359414e+01
3.676776640731214485e+01
3.676830708006549742e+01
3.676885788313162351e+01
3.676941881950466495e+01
3.676998989199255163e+01
3.677057110326384048e+01
3.677116245586920229e+01
3.677176395224447703e+01
3.677237559471066675e+01
3.677299738548471453e+01
3.677362932670094864e+01
3.677427142042862585e+01
3.677492366866997031e+01
3.677558607333482854e+01
3.677625863619968527e+01
3.677694135886088844e+01
3.677763424268682257e+01
3.677833728877007502e+01
3.677905049788060410e+01
3.677977387042368917e+01
3.678050740641063499e+01
3.678125110545463627e+01
3.678200496679990295e+01
3.678276898936430683e+01
3.678354317175673316e+01
3.678432751224762143e+01
3.678512200869857907e+01
3.678592665846964138e+01
3.678674145832447806e+01
3.678756640435123160e+01
3.678840149190864395e+01
3.678924671559165205e+01
3.679010206919987525e+01
3.679096754571000361e+01
3.679184313728909217e+01
3.679272883537209538e+01
3.679362463076279255e+01
3.679453051371034178e+01
3.679544647396338064e+01
3.679637250081540856e+01
3.679730858313742203e+01
3.679825470939404397e+01
3.679921086765077121e+01
3.680017704559299574e+01
3.680115323057616195e+01
3.680213940969532160e+01
3.680313556983818302e+01
3.680414169770305932e+01
3.680515777978855851e+01
3.680618380236958842e+01
3.680721975148021130e+01
3.680826561292470700e+01
3.680932137231878443e+01
3.681038701514155065e+01
3.681146252677673658e+01
3.681254789252760418e+01
3.681364309759865705e+01
3.681474812705309319e+01
3.681586296576528383e+01
3.681698759838595691e+01
3.681812200932483847e+01
3.681926618274210483e+01
3.682042010253883291e+01
3.682158375234253356e+01
3.682275711548683717e+01
3.682394017498826599e+01
3.682513291352883300e+01
3.682633531345317834e+01
3.682754735677553271e+01
3.682876902518169260e+01
3.683000030002425973e+01
3.683124116231969225e+01
3.683249159274645734e+01
3.683375157163624181e+01
3.683502107896225652e+01
3.683630009434021702e+01
3.683758859705363164e+01
3.683888656610244539e+01
3.684019398025657210e+01
3.684151081808894190e+01
3.684283705798223707e+01
3.684417267811901553e+01
3.684551765646408228e+01
3.684687197074876508e+01
3.684823559846395824e+01
3.684960851685994498e+01
3.685099070294426582e+01
3.685238213346693215e+01
3.685378278489100268e+01
3.685519263336020401e+01
3.685661165467822542e+01
3.685803982430363845e+01
3.685947711735251886e+01
3.686092350860207034e+01
3.686237897249912265e+01
3.686384348317930915e+01
3.686531701449398213e+01
3.686679954003817272e+01
3.686829103317260348e+01
3.686979146703309596e+01
3.687130081452727381e+01
3.687281904832539681e+01
3.687434614085314166e+01
3.687588206429603588e+01
3.687742679062147033e+01
3.687898029160839286e+01
3.688054253886443945e+01
3.688211350381862275e+01
3.688369315769453038e+01
3.688528147147378888e+01
3.688687841585563376e+01
3.688848396121739626e+01
3.689009807758278470e+01
3.689172073460186851e+01
3.689335190153880717e+01
3.689499154726055963e+01
3.689663964022460618e+01
3.689829614847054984e+01
3.689996103961849627e+01
3.690163428086943043e+01
3.690331583900356804e+01
3.690500568037777640e+01
3.690670377092679644e+01
3.690841007618697489e+01
3.691012456136274267e+01
3.691184719143110016e+01
3.691357793127340159e+01
3.691531674582753908e+01
3.691706360022939037e+01
3.691881845990560862e+01
3.692058129060983873e+01
3.692235205843460477e+01
3.692413072984654576e+01
3.692591727175769023e+01
3.692771165160159086e+01
3.692951383738020610e+01
3.693132379768157847e+01
3.693314150169745602e+01
3.693496691924875108e+01
3.693680002079243252e+01
3.693864077740310137e+01
3.694048916074381594e+01
3.694234514302428352e+01
3.694420869696484289e+01
3.694607979581500956e+01
3.694795841341971965e+01
3.694984452427097210e+01
3.695173810351855792e+01
3.695363912695150788e+01
3.695554757095422360e+01
3.695746341245387612e+01
3.695938662889302151e+01
3.696131719823056017e+01
3.696325509894942485e+01
3.696520031006529194e+01
3.696715281113327478e+01
3.696911258224002950e+01
3.697107960396660076e+01
3.697305385730847149e+01
3.697503532356233791e+01
3.697702398421206738e+01
3.697901982083106276e+01
3.698102281500319322e+01
3.698303294825931431e+01
3.698505020201959326e+01
3.698707455754164641e+01
3.698910599588622006e+01
3.699114449790142345e+01
3.699319004421366230e+01
3.699524261521962387e+01
3.699730219108307949e+01
3.699936875173168005e+01
3.700144227683231435e+01
3.700352274573430833e+01
3.700561013741459959e+01
3.700770443048225644e+01
3.700980560324826740e+01
3.701191363380707600e+01
3.701402850009462497e+01
3.701615017992796908e+01
3.701827865103019377e+01
3.702041389103199265e+01
3.702255587744595999e+01
3.702470458762817884e+01
3.702685999874857714e+01
3.702902208777882720e+01
3.703119083149385204e+01
3.703336620647625921e+01
3.703554818911194957e+01
3.703773675556924871e+01
3.703993188175744677e+01
3.704213354327182373e+01
3.704434171533663545e+01
3.704655637273832269e+01
3.704877748973739671e+01
3.705100503998211536e+01
3.705323899646806041e+01
3.705547933156483964e+01
3.705772601709247027e+01
3.705997902440947911e+01
3.706223832448537081e+01
3.706450388794580419e+01
3.706677568508857945e+01
3.706905368588009253e+01
3.707133785993719499e+01
3.707362817648367326e+01
3.707592460428830350e+01
3.707822711161737317e+01
3.708053566621458685e+01
3.708285023529066393e+01
3.708517078550509893e+01
3.708749728293044967e+01
3.708982969301165156e+01
3.709216798056341702e+01
3.709451210982110325e+01
3.709686204450530767e+01
3.709921774786492676e+01
3.710157918269883481e+01
3.710394631136487931e+01
3.710631909577717380e+01
3.710869749738098733e+01
3.711108147709643390e+01
3.711347099525728765e+01
3.711586601159266507e+01
3.711826648524959893e+01
3.712067237480098214e+01
3.712308363821263413e+01
3.712550023279764844e+01
3.712792211518534202e+01
3.713034924129900105e+01
3.713278156632678417e+01
3.713521904468773727e+01
3.713766163000557441e+01
3.714010927510977922e+01
3.714256193209413937e+01
3.714501955242786124e+01
3.714748208705988475e+01
3.714994948647056106e+01
3.715242170067173788e+01
3.715489867917365530e+01
3.715738037093728963e+01
3.715986672432372018e+01
3.716235768704154907e+01
3.716485320609045573e+01
3.716735322771247496e+01
3.716985769736960776e+01
3.717236655974870274e+01
3.717487975879552664e+01
3.717739723778780814e+01
3.717991893943168691e+01
3.718244480596293045e+01
3.718497477925703265e+01
3.718750880094800237e+01
3.719004681255783140e+01
3.719258875564847244e+01
3.719513457197562190e+01
3.719768420359194039e+01
3.720023759288203991e+01
3.720279468255852606e+01
3.720535541563756254e+01
3.720791973539686381e+01
3.721048758533665790e+01
3.721305890916011094e+01
3.721563365076152508e+01
3.721821175421942485e+01
3.722079316382367153e+01
3.722337782414941643e+01
3.722596568014072460e+01
3.722855667717084316e+01
3.723115076109370136e+01
3.723374787830218935e+01
3.723634797576604427e+01
3.723895100102775757e+01
3.724155690218977810e+01
3.724416562791435581e+01
3.724677712739414659e+01
3.724939135028774473e+01
3.725200824670004351e+01
3.725462776724243241e+01
3.725724986311056597e+01
3.725987448613577868e+01
3.726250158880634444e+01
3.726513112421565665e+01
3.726776304592076627e+01
3.727039730782043137e+01
3.727303386416271280e+01
3.727567266964798876e+01
3.727831367952911279e+01
3.728095684966377377e+01
3.728360213652207023e+01
3.728624949714927794e+01
3.728889888908477701e+01
3.729155027025564095e+01
3.729420359884684899e+01
3.729685883315394790e+01
3.729951593147763589e+01
3.730217485210401662e+01
3.730483555332870793e+01
3.730749799347219664e+01
3.731016213089710476e+01
3.731282792403911941e+01
3.731549533142133157e+01
3.731816431164522641e+01
3.732083482338848057e+01
3.732350682542999465e+01
3.732618027670811500e+01
3.732885513640020037e+01
3.733153136398375693e+01
3.733420891924588858e+01
3.733688776224990136e+01
3.733956785329120720e+01
3.734224915286974777e+01
3.734493162167997582e+01
3.734761522057650041e+01
3.735029991048903497e+01
3.735298565236075774e+01
3.735567240719672100e+01
3.735836013616972195e+01
3.736104880067849621e+01
3.736373836235325285e+01
3.736642878305243443e+01
3.736912002486148054e+01
3.737181205008666751e+01
3.737450482123532680e+01
3.737719830097464779e+01
3.737989245207099032e+01
3.738258723731453870e+01
3.738528261943137210e+01
3.738797856098766204e+01
3.739067502429297463e+01
3.739337197130833346e+01
3.739606936356318556e+01
3.739876716208006258e+01
3.740146532731678519e+01
3.740416381915448341e+01
3.740686259693332261e+01
3.740956161950285264e+01
3.741226084527526297e+01
3.741496023228644674e+01
3.741765973825511793e+01
3.742035932063509307e+01
3.742305893666075889e+01
3.742575854338574715e+01
3.742845809772546062e+01
3.743115755649476739e+01
3.743385687640864745e+01
3.743655601404196887e+01
3.743925492577264436e+01
3.744195356772097938e+01
3.744465189568111185e+01
3.744734986504379037e+01
3.745004743072396991e+01
3.745274454710789769e+01
3.745544116801774948e+01
3.745813724668402500e+01
3.746083273572285322e+01
3.746352758711915243e+01
3.746622175221261841e+01
3.746891518168191482e+01
3.747160782552580116e+01
3.747429963304045941e+01
3.747699055278607005e+01
3.747968053254072629e+01
3.748236951925726146e+01
3.748505745905323749e+01
3.748774429725351354e+01
3.749042997845322844e+01
3.749311444654093606e+01
3.749579764467880238e+01
3.749847951529162771e+01
3.750116000008310380e+01
3.750383904004818447e+01
3.750651657546016793e+01
3.750919254585286922e+01
3.751186689004079255e+01
3.751453954619778131e+01
3.751721045196678261e+01
3.751987954456093632e+01
3.752254676084509555e+01
3.752521203739984657e+01
3.752787531055732728e+01
3.753053651640484389e+01
3.753319559077584699e+01
3.753585246925455721e+01
3.753850708721370921e+01
3.754115937989126195e+01
3.754380928249145910e+01
3.754645673028199582e+01
3.754910165865906890e+01
3.755174400317343242e+01
3.755438369955063393e+01
3.755702068374534974e+01
3.755965489202199592e+01
3.756228626102370072e+01
3.756491472781493712e+01
3.756754022989205311e+01
3.757016270513726397e+01
3.757278209172300620e+01
3.757539832804064162e+01
3.757801135272462290e+01
3.758062110475069773e+01
3.758322752352242446e+01
3.758583054891386155e+01
3.758843012131032424e+01
3.759102618165690757e+01
3.759361867146515834e+01
3.759620753276519878e+01
3.759879270805397056e+01
3.760137414027654756e+01
3.760395177283091073e+01
3.760652554957170679e+01
3.760909541480135232e+01
3.761166131325533257e+01
3.761422319009134441e+01
3.761678099088726412e+01
3.761933466165661599e+01
3.762188414887579313e+01
3.762442939950830123e+01
3.762697036103779880e+01
3.762950698151480111e+01
3.763203920958777360e+01
3.763456699449138654e+01
3.763709028597634187e+01
3.763960903418463033e+01
3.764212318951118164e+01
3.764463270249569149e+01
3.764713752375540423e+01
3.764963760394613956e+01
3.765213289373694749e+01
3.765462334379161291e+01
3.765710890475304495e+01
3.765958952722967723e+01
3.766206516180621833e+01
3.766453575910112761e+01
3.766700126984851238e+01
3.766946164496729210e+01
3.767191683558758086e+01
3.767436679299033386e+01
3.767681146844964246e+01
3.767925081305453716e+01
3.768168477760970347e+01
3.768411331264046993e+01
3.768653636846691768e+01
3.768895389530433704e+01
3.769136584334516016e+01
3.769377216278834197e+01
3.769617280381513069e+01
3.769856771653172700e+01
3.770095685089737003e+01
3.770334015664755611e+01
3.770571758321139555e+01
3.770808907960170586e+01
3.771045459425549495e+01
3.771281407484612203e+01
3.771516746811499132e+01
3.771751471974320680e+01
3.771985577427874148e+01
3.772219057516879559e+01
3.772451906490326223e+01
3.772684118518059648e+01
3.772915687702393939e+01
3.773146608085257014e+01
3.773376873654159169e+01
3.773606478350987459e+01
3.773835416086457428e+01
3.774063680758942496e+01
3.774291266272236101e+01
3.774518166546102549e+01
3.774744375518073269e+01
3.774969887138895075e+01
3.775194695363905595e+01
3.775418794144885482e+01
3.775642177428537849e+01
3.775864839158869302e+01
3.776086773273431163e+01
3.776307973689919351e+01
3.776528434290241876e+01
3.776748148915695680e+01
3.776967111383569176e+01
3.777185315517877484e+01
3.777402755176195370e+01
3.777619424266074333e+01
3.777835316755707851e+01
3.778050426681293317e+01
3.778264748150589014e+01
3.778478275344041037e+01
3.778691002516202957e+01
3.778902923998128216e+01
3.779114034198502736e+01
3.779324327600586031e+01
3.779533798753990226e+01
3.779742442263348323e+01
3.779950252778243680e+01
3.780157224991620524e+01
3.780363353652513325e+01
3.780568633586177185e+01
3.780773059707017580e+01
3.780976627021483694e+01
3.781179330627360002e+01
3.781381165710332226e+01
3.781582127537048166e+01
3.781782211449542785e+01
3.781981412864045922e+01
3.782179727269992497e+01
3.782377150225909901e+01
3.782573677355699715e+01
3.782769304348722983e+01
3.782964026962217474e+01
3.783157841025865054e+01
3.783350742449378856e+01
3.783542727228726932e+01
3.783733791444955585e+01
3.783923931257070450e+01
3.784113142898718962e+01
3.784301422683935101e+01
3.784488767016291177e+01
3.784675172395230192e+01
3.784860635417037855e+01
3.785045152769002641e+01
3.785228721218116021e+01
3.785411337596858061e+01
3.785592998787033991e+01
3.785773701704192007e+01
3.785953443288967435e+01
3.786132220511083801e+01
3.786310030383977931e+01
3.786486869981568759e+01
3.786662736450740141e+01
3.786837627017882824e+01
3.787011538992322812e+01
3.787184469770141959e+01
3.787356416836145456e+01
3.787527377760670078e+01
3.787697350193082713e+01
3.787866331854888102e+01
3.788034320533133581e+01
3.788201314073523207e+01
3.788367310373919850e+01
3.788532307381941422e+01
3.788696303097431439e+01
3.788859295573271879e+01
3.789021282909771315e+01
3.789182263246421911e+01
3.789342234755510930e+01
3.789501195636805875e+01
3.789659144112235367e+01
3.789816078422627044e+01
3.789971996830379908e+01
3.790126897630618430e+01
3.790280779166729985e+01
3.790433639842883196e+01
3.790585478132457808e+01
3.790736292584530531e+01
3.790886081825678389e+01
3.791034844554489069e+01
3.791182579533531793e+01
3.791329285585424458e+01
3.791474961592896165e+01
3.791619606499240547e+01
3.791763219308378297e+01
3.791905799084830164e+01
3.792047344951932786e+01
3.792187856085966757e+01
3.792327331706874816e+01
3.792465771070937564e+01
3.792603173469770894e+01
3.792739538233620777e+01
3.792874864734360330e+01
3.793009152385864269e+01
3.793142400641558964e+01
3.793274608992164332e+01
3.793405776968602794e+01
3.793535904148031790e+01
3.793664990153244077e+01
3.793793034642533968e+01
3.793920037298584447e+01
3.794045997823494076e+01
3.794170915939358935e+01
3.794294791392750454e+01
3.794417623962121411e+01
3.794539413465793132e+01
3.794660159769069452e+01
3.794779862789211933e+01
3.794898522495542181e+01
3.795016138902339264e+01
3.795132712054240187e+01
3.795248242006766759e+01
3.795362728807051411e+01
3.795476172481190247e+01
3.795588573034063984e+01
3.795699930461823612e+01
3.795810244769249664e+01
3.795919515982437531e+01
3.796027744153496286e+01
3.796134929360083987e+01
3.796241071703488501e+01
3.796346171309724582e+01
3.796450228338233046e+01
3.796553242994381350e+01
3.796655215535631100e+01
3.796756146268848653e+01
3.796856035544490737e+01
3.796954883751874377e+01
3.797052691316291373e+01
3.797149458697976598e+01
3.797245186390399141e+01
3.797339874914750624e+01
3.797433524813664008e+01
3.797526136649111805e+01
3.797617711002072127e+01
3.797708248468190106e+01
3.797797749653059896e+01
3.797886215178508706e+01
3.797973645699705258e+01
3.798060041919044494e+01
3.798145404589130436e+01
3.798229734507769706e+01
3.798313032509850018e+01
3.798395299461268593e+01
3.798476536258022662e+01
3.798556743828906690e+01
3.798635923137916848e+01
3.798714075183737293e+01
3.798791200996791417e+01
3.798867301634445681e+01
3.798942378172607448e+01
3.799016431694114004e+01
3.799089463277702805e+01
3.799161473989716598e+01
3.799232464879117543e+01
3.799302436977182396e+01
3.799371391300601886e+01
3.799439328854395370e+01
3.799506250634430415e+01
3.799572157631507707e+01
3.799637050837589669e+01
3.799700931255143388e+01
3.799763799908535589e+01
3.799825657850751526e+01
3.799886506160472521e+01
3.799946345934282022e+01
3.800005178282287943e+01
3.800063004328903560e+01
3.800119825216264502e+01
3.800175642109785912e+01
3.800230456205382978e+01
3.800284268735030935e+01
3.800337080968142800e+01
3.800388894209633150e+01
3.800439709795647758e+01
3.800489529086274842e+01
3.800538353456210672e+01
3.800586184286795088e+01
3.800633022962227869e+01
3.800678870871155368e+01
3.800723729413413565e+01
3.800767600009893243e+01
3.800810484112114551e+01
3.800852383208295038e+01
3.800893298825034350e+01
3.800933232528029748e+01
3.800972185925422764e+01
3.801010160669976301e+01
3.801047158453070551e+01
3.801083180991690824e+01
3.801118230015996602e+01
3.801152307261571650e+01
3.801185414466739587e+01
3.801217553377183123e+01
3.801248725758851776e+01
3.801278933411741434e+01
3.801308178174524954e+01
3.801336461920408993e+01
3.801363786551539903e+01
3.801390153992819876e+01
3.801415566182126327e+01
3.801440025059456929e+01
3.801463532560947556e+01
3.801486090619516744e+01
3.801507701168626596e+01
3.801528366147607585e+01
3.801548087510584395e+01
3.801566867235406733e+01
3.801584707324592927e+01
3.801601609799162418e+01
3.801617576693542588e+01
3.801632610054862482e+01
3.801646711944582790e+01
3.801659884439348502e+01
3.801672129624928687e+01
3.801683449575446616e+01
3.801693846321605719e+01
3.801703321828071580e+01
3.801711877994820554e+01
3.801719516677481892e+01
3.801726239713433841e+01
3.801732048940588271e+01
3.801736946201572209e+01
3.801740933338845707e+01
3.801744012191188204e+01
3.801746184592718691e+01
3.801747452369187386e+01
3.801747817332909563e+01
3.801747281283737578e+01
3.801745846017336561e+01
3.801743513331717139e+01
3.801740285024312271e+01
3.801736162886914627e+01
3.801731148709482255e+01
3.801725244288912364e+01
3.801718451436159540e+01
3.801710771984718917e+01
3.801702207801644562e+01
3.801692760796523629e+01
3.801682432924216926e+01
3.801671226179418284e+01
3.801659142584591677e+01
3.801646184175086773e+01
3.801632352982495888e+01
3.801617651017731703e+01
3.801602080263153738e+01
3.801585642680772281e+01
3.801568340228253362e+01
3.801550174870727972e+01
3.801531148586273190e+01
3.801511263368573879e+01
3.801490521229773378e+01
3.801468924204792188e+01
3.801446474355938676e+01
3.801423173776059627e+01
3.801399024590718057e+01
3.801374028961639340e+01
3.801348189093178576e+01
3.801321507239858732e+01
3.801293985709528300e+01
3.801265626858435098e+01
3.801236433078022969e+01
3.801206406778122471e+01
3.801175550377449497e+01
3.801143866307939589e+01
3.801111357026191939e+01
3.801078025022188456e+01
3.801043872822072700e+01
3.801008902984987259e+01
3.800973118095235748e+01
3.800936520753376158e+01
3.800899113567995613e+01
3.800860899146515237e+01
3.800821880086967752e+01
3.800782058978448674e+01
3.800741438413446360e+01
3.800700021003687823e+01
3.800657809387409003e+01
3.800614806224842823e+01
3.800571014189321772e+01
3.800526435961208449e+01
3.800481074223677780e+01
3.800434931657136417e+01
3.800388010934130989e+01
3.800340314718152968e+01
3.800291845665757506e+01
3.800242606429561221e+01
3.800192599660753956e+01
3.800141828009172684e+01
3.800090294120652601e+01
3.800038000636425295e+01
3.799984950198166445e+01
3.799931145455190062e+01
3.799876589067645227e+01
3.799821283702220143e+01
3.799765232021116645e+01
3.799708436669673972e+01
3.799650900269049458e+01
3.799592625418159031e+01
3.799533614705357820e+01
3.799473870723632274e+01
3.799413396080722549e+01
3.799352193402723543e+01
3.799290265333009131e+01
3.799227614525703700e+01
3.799164243637792993e+01
3.799100155329999495e+01
3.799035352279642552e+01
3.798969837196128196e+01
3.798903612827479748e+01
3.798836681957129002e+01
3.798769047399536447e+01
3.798700711995719814e+01
3.798631678599524975e+01
3.798561950059323067e+01
3.798491529214122409e+01
3.798420418905175922e+01
3.798348621986509954e+01
3.798276141326302024e+01
3.798202979802318424e+01
3.798129140296862971e+01
3.798054625693091424e+01
3.797979438868991764e+01
3.797903582686979718e+01
3.797827059984371090e+01
3.797749873570675305e+01
3.797672026230442555e+01
3.797593520727184568e+01
3.797514359806999806e+01
3.797434546201230887e+01
3.797354082626294058e+01
3.797272971781370643e+01
3.797191216348041110e+01
3.797108818994312429e+01
3.797025782381270176e+01
3.796942109171679647e+01
3.796857802041808583e+01
3.796772863693243494e+01
3.796687296859256833e+01
3.796601104307764984e+01
3.796514288848472773e+01
3.796426853341581165e+01
3.796338800697730420e+01
3.796250133872774057e+01
3.796160855866359896e+01
3.796070969719828980e+01
3.795980478511384604e+01
3.795889385357402546e+01
3.795797693420947638e+01
3.795705405917665587e+01
3.795612526112418550e+01
3.795519057308907662e+01
3.795425002838809547e+01
3.795330366054228222e+01
3.795235150323262729e+01
3.795139359028694770e+01
3.795042995571252220e+01
3.794946063376967516e+01
3.794848565903270554e+01
3.794750506639238807e+01
3.794651889102431142e+01
3.794552716835149653e+01
3.794452993398067520e+01
3.794352722359663233e+01
3.794251907283914704e+01
3.794150551721875075e+01
3.794048659211935615e+01
3.793946233288062331e+01
3.793843277491061627e+01
3.793739795377216240e+01
3.793635790522535700e+01
3.793531266526813539e+01
3.793426227021289066e+01
3.793320675676703502e+01
3.793214616205312950e+01
3.793108052355401583e+01
3.793000987901805843e+01
3.792893426636630494e+01
3.792785372364545537e+01
3.792676828905776887e+01
3.792567800103097397e+01
3.792458289824328688e+01
3.792348301958912060e+01
3.792237840415249650e+01
3.792126909122826817e+01
3.792015512036572744e+01
3.791903653139955566e+01
3.791791336446031124e+01
3.791678565995574246e+01
3.791565345850140289e+01
3.791451680080846387e+01
3.791337572756369667e+01
3.791223027932896628e+01
3.791108049647775857e+01
3.790992641917161876e+01
3.790876808736974368e+01
3.790760554087170675e+01
3.790643881937963755e+01
3.790526796254486186e+01
3.790409300997943376e+01
3.790291400124824150e+01
3.790173097586790618e+01
3.790054397331254421e+01
3.789935303300290315e+01
3.789815819427413146e+01
3.789695949633966876e+01
3.789575697826092693e+01
3.789455067892193796e+01
3.789334063700485444e+01
3.789212689095877096e+01
3.789090947895677175e+01
3.788968843884716620e+01
3.788846380810085179e+01
3.788723562373625953e+01
3.788600392221701441e+01
3.788476873936134126e+01
3.788353011031377093e+01
3.788228806960257344e+01
3.788104265123913450e+01
3.787979388876370024e+01
3.787854181519082886e+01
3.787728646288761780e+01
3.787602786345779293e+01
3.787476604771055122e+01
3.787350104574920096e+01
3.787223288715922109e+01
3.787096160125664568e+01
3.786968721733453691e+01
3.786840976483057375e+01
3.786712927341282153e+01
3.786584577304795118e+01
3.786455929406461962e+01
3.786326986716031229e+01
3.786197752332445532e+01
3.786068229372354921e+01
3.785938420960673056e+01
3.785808330222306495e+01
3.785677960272028741e+01
3.785547314203871139e+01
3.785416395082754093e+01
3.785285205937776709e+01
3.785153749753163055e+01
3.785022029454344050e+01
3.784890047892480425e+01
3.784757807833758392e+01
3.784625311955986859e+01
3.784492562849490582e+01
3.784359563018286821e+01
3.784226314879612119e+01
3.784092820762084841e+01
3.783959082908150862e+01
3.783825103490366359e+01
3.783690884641706731e+01
3.783556428484019563e+01
3.783421737137787488e+01
3.783286812714636227e+01
3.783151657309073101e+01
3.783016273000254870e+01
3.782880661861159410e+01
3.782744825967856883e+01
3.782608767403228001e+01
3.782472488252596321e+01
3.782335990593029607e+01
3.782199276480502448e+01
3.782062347936275160e+01
3.781925206931227024e+01
3.781787855369805840e+01
3.781650295075725410e+01
3.781512527779513988e+01
3.781374555113375635e+01
3.781236378619779970e+01
3.781097999765997031e+01
3.780959419951616240e+01
3.780820640510907538e+01
3.780681662718881597e+01
3.780542487799104379e+01
3.780403116924985341e+01
3.780263551215413287e+01
3.780123791733905847e+01
3.779983839494278897e+01
3.779843695467199893e+01
3.779703360583908278e+01
3.779562835739165649e+01
3.779422121795464307e+01
3.779281219587145557e+01
3.779140129922857483e+01
3.778998853588017681e+01
3.778857391350289419e+01
3.778715743969255669e+01
3.778573912208128860e+01
3.778431896840208282e+01
3.778289698643938266e+01
3.778147318396312926e+01
3.778004756881374959e+01
3.777862014909432276e+01
3.777719093327021938e+01
3.777575993011287636e+01
3.777432714856762885e+01
3.777289259760003404e+01
3.777145628603059890e+01
3.777001822237334494e+01
3.776857841468316934e+01
3.776713687040321332e+01
3.776569359624728861e+01
3.776424859818359892e+01
3.776280188151493178e+01
3.776135345096176366e+01
3.775990331067521311e+01
3.775845146419158738e+01
3.775699791436741037e+01
3.775554266330475883e+01
3.775408571227654875e+01
3.775262706171614013e+01
3.775116671136771629e+01
3.774970466060116081e+01
3.774824090873683957e+01
3.774677545522025923e+01
3.774530829963798340e+01
3.774383944164006266e+01
3.774236888081175323e+01
3.774089661653167838e+01
3.773942264784261624e+01
3.773794697333881487e+01
3.773646959107870202e+01
3.773499049854333975e+01
3.773350969263871946e+01
3.773202716971366044e+01
3.773054292558746425e+01
3.772905695559798289e+01
3.772756925465846933e+01
3.772607981731059112e+01
3.772458863777637816e+01
3.772309571000636907e+01
3.772160102771016454e+01
3.772010458435486413e+01
3.771860637312842357e+01
3.771710638689913964e+01
3.771560461821405852e+01
3.771410105934615586e+01
3.771259570240966497e+01
3.771108853957962737e+01
3.770957956335436023e+01
3.770806876673993457e+01
3.770655614334604167e+01
3.770504168744875528e+01
3.770352539400457204e+01
3.770200725856900448e+01
3.770048727713429315e+01
3.769896544595550836e+01
3.769744176141941949e+01
3.769591621994754860e+01
3.769438881788455120e+01
3.769285955135251243e+01
3.769132841611212825e+01
3.768979540746765622e+01
3.768826052019232264e+01
3.768672374845088058e+01
3.768518508574548775e+01
3.768364452491906036e+01
3.768210205822391146e+01
3.768055767743327067e+01
3.767901137392746591e+01
3.767746313867583297e+01
3.767591296214175856e+01
3.767436083423928750e+01
3.767280674438523391e+01
3.767125068155321088e+01
3.766969263425948355e+01
3.766813259052063501e+01
3.766657053788711096e+01
3.766500646364634974e+01
3.766344035516029720e+01
3.766187220016006165e+01
3.766030198684968155e+01
3.765872970381506946e+01
3.765715533984328545e+01
3.765557888375747098e+01
3.765400032428780719e+01
3.765241964996386770e+01
3.765083684903430594e+01
3.764925190941083599e+01
3.764766481863276226e+01
3.764607556386356180e+01
3.764448413191676934e+01
3.764289050928570646e+01
3.764129468215766394e+01
3.763969663644071773e+01
3.763809635787437458e+01
3.763649383224048961e+01
3.763488904558787596e+01
3.763328198437212535e+01
3.763167263549028974e+01
3.763006098625317009e+01
3.762844702433229571e+01
3.762683073768744890e+01
3.762521211448246561e+01
3.762359114300399199e+01
3.762196781160167092e+01
3.762034210869941120e+01
3.761871402291678379e+01
3.761708354324980519e+01
3.761545065920692110e+01
3.761381536082618027e+01
3.761217763855209739e+01
3.761053748301513622e+01
3.760889488480827225e+01
3.760724983436877977e+01
3.760560232201972752e+01
3.760395233807386717e+01
3.760229987285468667e+01
3.760064491664544306e+01
3.759898745964690647e+01
3.759732749193317858e+01
3.759566500337341921e+01
3.759399998353802630e+01
3.759233242160964039e+01
3.759066230632144823e+01
3.758898962596173021e+01
3.758731436844954032e+01
3.758563652143176625e+01
3.758395607235105018e+01
3.758227300848439256e+01
3.758058731698478994e+01
3.757889898495491821e+01
3.757720799957253632e+01
3.757551434826355319e+01
3.757381801889854955e+01
3.757211899997363247e+01
3.757041728072319842e+01
3.756871285113032854e+01
3.756700570183304677e+01
3.756529582396525058e+01
3.756358320900350378e+01
3.756186784864798511e+01
3.756014973470040985e+01
3.755842885891186711e+01
3.755670521283936836e+01
3.755497878776963461e+01
3.755324957471203362e+01
3.755151756446555567e+01
3.754978274784068759e+01
3.754804511604005768e+01
3.754630466102157982e+01
3.754456137568718788e+01
3.754281525388851293e+01
3.754106629031264220e+01
3.753931448033684148e+01
3.753755981991630364e+01
3.753580230549431462e+01
3.753404193390179699e+01
3.753227870225674678e+01
3.753051260789587218e+01
3.752874364834326570e+01
3.752697182131024078e+01
3.752519712473993252e+01
3.752341955688899588e+01
3.752163911639562599e+01
3.751985580229695216e+01
3.751806961399186946e+01
3.751628055116587745e+01
3.751448861371693511e+01
3.751269380169976131e+01
3.751089611526925438e+01
3.750909555463552891e+01
3.750729212007354363e+01
3.750548581198142983e+01
3.750367663094857562e+01
3.750186457782661620e+01
3.750004965381408084e+01
3.749823186054496205e+01
3.749641120015190410e+01
3.749458767528366110e+01
3.749276128909428252e+01
3.749093204523820333e+01
3.748909994788279221e+01
3.748726500174530685e+01
3.748542721217369689e+01
3.748358658526146314e+01
3.748174312794890994e+01
3.747989684807472344e+01
3.747804775435740510e+01
3.747619585629784211e+01
3.747434116405162996e+01
3.747248368835892052e+01
3.747062344056385541e+01
3.746876043267884171e+01
3.746689467743227198e+01
3.746502618826067277e+01
3.746315497924346971e+01
3.746128106502014532e+01
3.745940446072499697e+01
3.745752518192184510e+01
3.745564324450761262e+01
3.745375866459641401e+01
3.745187145842215415e+01
3.744998164228007909e+01
3.744808923250928956e+01
3.744619424553268061e+01
3.744429669798069682e+01
3.744239660687254201e+01
3.744049398977985987e+01
3.743858886494073346e+01
3.743668125134352920e+01
3.743477116878926125e+01
3.743285863792671364e+01
3.743094368026224572e+01
3.742902631815400127e+01
3.742710657479832292e+01
3.742518447420645344e+01
3.742326004116661409e+01
3.742133330119343526e+01
3.741940428046760303e+01
3.741747300576972890e+01
3.741553950442004606e+01
3.741360380423463283e+01
3.741166593350897784e+01
3.740972592105310923e+01
3.740778379629593786e+01
3.740583958942857379e+01
3.740389333151740203e+01
3.740194505453924734e+01
3.739999479134838367e+01
3.739804257562112610e+01
3.739608844180626335e+01
3.739413242506478241e+01
3.739217456117550142e+01
3.739021488640661772e+01
3.738825343737752149e+01
3.738629025096248881e+01
3.738432536426644504e+01
3.738235881463876353e+01
3.738039063967923425e+01
3.737842087726160401e+01
3.737644956565252841e+01
3.737447674370756090e+01
3.737250245099107104e+01
3.737052672771408623e+01
3.736854961455617286e+01
3.736657115251364303e+01
3.736459138282567238e+01
3.736261034693355043e+01
3.736062808643504241e+01
3.735864464301835852e+01
3.735666005837948944e+01
3.735467437416490810e+01
3.735268763195616515e+01
3.735069987325543650e+01
3.734871113945843035e+01
3.734672147186137892e+01
3.734473091173914838e+01
3.734273950047983703e+01
3.734074727973108310e+01
3.733875429151517977e+01
3.733676057829060824e+01
3.733476618295910043e+01
3.733277114883846792e+01
3.733077551964239404e+01
3.732877933950008753e+01
3.732678265301002796e+01
3.732478550530154138e+01
3.732278794209635464e+01
3.732079000977990546e+01
3.731879175549501326e+01
3.731679322725510417e+01
3.731479447403303595e+01
3.731279554578172508e+01
3.731079649339832827e+01
3.730879736866597085e+01
3.730679822418965585e+01
3.730479911332826504e+01
3.730280009010904507e+01
3.730080120911868846e+01
3.729880252541877184e+01
3.729680409454985579e+01
3.729480597260085517e+01
3.729280821625205533e+01
3.729081088275391664e+01
3.728881402987463645e+01
3.728681771586525429e+01
3.728482199947547571e+01
3.728282694000838404e+01
3.728083259737613986e+01
3.727883903215278849e+01
3.727684630563680201e+01
3.727485447990285650e+01
3.727286361782151403e+01
3.727087378306136856e+01
3.726888504009114911e+01
3.726689745417407096e+01
3.726491109133974078e+01
3.726292601832981433e+01
3.726094230252606820e+01
3.725896001188336015e+01
3.725697921488011843e+01
3.725499998047176575e+01
3.725302237804897487e+01
3.725104647743297193e+01
3.724907234891173857e+01
3.724710006329080869e+01
3.724512969195579615e+01
3.724316130696018234e+01
3.724119498112192872e+01
3.723923078809373521e+01
3.723726880240509729e+01
3.723530909949942469e+01
3.723335175576634981e+01
3.723139684854769627e+01
3.722944445611324937e+01
3.722749465762483823e+01
3.722554753309847797e+01
3.722360316335186070e+01
3.722166162992949978e+01
3.721972301502487568e+01
3.721778740142796238e+01
3.721585487251167024e+01
3.721392551225532230e+01
3.721199940530318884e+01
3.721007663706102164e+01
3.720815729380620240e+01
3.720624146275016386e+01
3.720432923204232623e+01
3.720242069082377867e+01
3.720051592940848906e+01
3.719861503949669412e+01
3.719671811429378039e+01
3.719482524851521532e+01
3.719293653832129820e+01
3.719105208121783335e+01
3.718917197591101598e+01
3.718729632211067582e+01
3.718542522033349940e+01
3.718355877174526114e+01
3.718169707803317436e+01
3.717984024129386000e+01
3.717798836393497197e+01
3.717614154860792297e+01
3.717429989820398362e+01
3.717246351591653308e+01
3.717063250531995777e+01
3.716880697041243309e+01
3.716698701561487184e+01
3.716517274575429042e+01
3.716336426606763155e+01
3.716156168223671585e+01
3.715976510042617065e+01
3.715797462728716027e+01
3.715619036991930102e+01
3.715441243582476005e+01
3.715264093289637515e+01
3.715087596943607906e+01
3.714911765417222256e+01
3.714736609627500741e+01
3.714562140538843948e+01
3.714388369168566584e+01
3.714215306594378063e+01
3.714042963960790900e+01
3.713871352479679899e+01
3.713700483424415921e+01
3.713530368121853797e+01
3.713361017945778997e+01
3.713192444311913931e+01
3.713024658673210610e+01
3.712857672515249163e+01
3.712691497352108172e+01
3.712526144722345123e+01
3.712361626183893293e+01
3.712197953307212117e+01
3.712035137667554352e+01
3.711873190838012704e+01
3.711712124384123257e+01
3.711551949859733668e+01
3.711392678803750300e+01
3.711234322738047808e+01
3.711076893167425794e+01
3.710920401581317662e+01
3.710764859455301234e+01
3.710610278251438388e+01
3.710456669418228870e+01
3.710304044390556300e+01
3.710152414588954883e+01
3.710001791417705164e+01
3.709852186262143903e+01
3.709703610485785674e+01
3.709556075427438060e+01
3.709409592398314715e+01
3.709264172679440463e+01
3.709119827520030555e+01
3.708976568136353080e+01
3.708834405708931570e+01
3.708693351377416292e+01
3.708553416234857281e+01
3.708414611322864118e+01
3.708276947627923192e+01
3.708140436078794266e+01
3.708005087544771072e+01
3.707870912834924582e+01
3.707737922698602517e+01
3.707606127826324638e+01
3.707475538848720475e+01
3.707346166332349213e+01
3.707218020774163136e+01
3.707091112597220928e+01
3.706965452148651963e+01
3.706841049699169588e+01
3.706717915443072542e+01
3.706596059498049556e+01
3.706475491904787134e+01
3.706356222626866526e+01
3.706238261551145996e+01
3.706121618488142389e+01
3.706006303172215866e+01
3.705892325262239240e+01
3.705779694342747632e+01
3.705668419924219137e+01
3.705558511441782343e+01
3.705449978253741250e+01
3.705342829641254099e+01
3.705237074808213293e+01
3.705132722879753970e+01
3.705029782899694624e+01
3.704928263827967783e+01
3.704828174538349117e+01
3.704729523816373415e+01
3.704632320357544017e+01
3.704536572766216551e+01
3.704442289556339318e+01
3.704349479154912217e+01
3.704258149906613795e+01
3.704168310077064064e+01
3.704079967854136868e+01
3.703993131348389767e+01
3.703907808593494622e+01
3.703824007546668184e+01
3.703741736088799996e+01
3.703661002024197302e+01
3.703581813079542684e+01
3.703504176900806044e+01
3.703428101047619236e+01
3.703353592987360088e+01
3.703280660091468235e+01
3.703209309633714952e+01
3.703139548788463031e+01
3.703071384627955354e+01
3.703004824119596350e+01
3.702939874125085140e+01
3.702876541401786170e+01
3.702814832604484252e+01
3.702754754285876260e+01
3.702696312897053588e+01
3.702639514791494690e+01
3.702584366233920576e+01
3.702530873409739343e+01
3.702479042429217770e+01
3.702428879325911737e+01
3.702380390053045289e+01
3.702333580480276254e+01
3.702288456391143256e+01
3.702245023481675190e+01
3.702203287360950412e+01
3.702163253553012368e+01
3.702124927498790186e+01
3.702088314557131099e+01
3.702053420004277484e+01
3.702020249031195220e+01
3.701988806738856397e+01
3.701959098132640236e+01
3.701931128117610115e+01
3.701904901495733924e+01
3.701880422964856621e+01
3.701857697118350643e+01
3.701836728444180125e+01
3.701817521322794846e+01
3.701800080024045059e+01
3.701784408703020546e+01
3.701770511394724394e+01
3.701758392009223542e+01
3.701748054329820548e+01
3.701739502014533656e+01
3.701732738598452244e+01
3.701727767494720212e+01
3.701724591994453561e+01
3.701723215267233513e+01
3.701723640362863677e+01
3.701725870214880132e+01
3.701729907646883788e+01
3.701735755380033766e+01
3.701743416037721346e+01
3.701752892146822660e+01
3.701764186138470336e+01
3.701777300349787936e+01
3.701792237025241405e+01
3.701808998316126065e+01
3.701827586279572557e+01
3.701848002880468869e+01
3.701870249996980533e+01
3.701894329426463770e+01
3.701920242889521262e+01
3.701947992032886248e+01
3.701977578431625915e+01
3.702009003589872549e+01
3.702042268940100200e+01
3.702077375842001317e+01
3.702114325581557353e+01
3.702153119370401413e+01
3.702193758345761410e+01
3.702236243570981600e+01
3.702280576036240944e+01
3.702326756659069673e+01
3.702374786284475761e+01
3.702424665685165905e+01
3.702476395561954092e+01
3.702529976542910362e+01
3.702585409180060338e+01
3.702642693943461438e+01
3.702701831212442585e+01
3.702762821266946958e+01
3.702825664285294494e+01
3.702890360350222920e+01
3.702956909459312840e+01
3.703025311536281805e+01
3.703095566441694331e+01
3.703167673984057018e+01
3.703241633931884280e+01
3.703317446022549575e+01
3.703395109963922494e+01
3.703474625429964107e+01
3.703555992054080548e+01
3.703639209425101342e+01
3.703724277088613803e+01
3.703811194550148400e+01
3.703899961275041619e+01
3.703990576683140290e+01
3.704083040139312999e+01
3.704177350943466251e+01
3.704273508323781527e+01
3.704371511433056696e+01
3.704471359346125325e+01
3.704573051057167987e+01
3.704676585476540396e+01
3.704781961427882209e+01
3.704889177647569909e+01
3.704998232788252466e+01
3.705109125426675831e+01
3.705221854072956233e+01
3.705336417176643238e+01
3.705452813127811140e+01
3.705571040254934445e+01
3.705691096821195174e+01
3.705812981019625596e+01
3.705936690967466518e+01
3.706062224700617946e+01
3.706189580168675946e+01
3.706318755231518480e+01
3.706449747659695504e+01
3.706582555138022883e+01
3.706717175267719711e+01
3.706853605564833742e+01
3.706991843458183666e+01
3.707131886290314782e+01
3.707273731320690047e+01
3.707417375728108766e+01
3.707562816611355316e+01
3.707710050989076933e+01
3.707859075799846948e+01
3.708009887903201474e+01
3.708162484081551469e+01
3.708316861041602408e+01
3.708473015414411833e+01
3.708630943754656784e+01
3.708790642539614879e+01
3.708952108166678130e+01
3.709115336948035235e+01
3.709280325103505760e+01
3.709447068753954113e+01
3.709615563916941028e+01
3.709785806505003336e+01
3.709957792325293013e+01
3.710131517078532681e+01
3.710306976356992692e+01
3.710484165642763799e+01
3.710663080306893136e+01
3.710843715609016158e+01
3.711026066697074555e+01
3.711210128607521597e+01
3.711395896267573846e+01
3.711583364499691839e+01
3.711772528024022932e+01
3.711963381454698663e+01
3.712155919292623452e+01
3.712350135919720628e+01
3.712546025595225530e+01
3.712743582452655033e+01
3.712942800498231577e+01
3.713143673612725593e+01
3.713346195556009377e+01
3.713550359969766390e+01
3.713756160375325521e+01
3.713963590169054640e+01
3.714172642619216447e+01
3.714383310865644461e+01
3.714595587921073871e+01
3.714809466672274851e+01
3.715024939880304800e+01
3.715242000180273152e+01
3.715460640081005295e+01
3.715680851964704345e+01
3.715902628086512038e+01
3.716125960573779707e+01
3.716350841424937812e+01
3.716577262507883717e+01
3.716805215558269992e+01
3.717034692178953748e+01
3.717265683840908252e+01
3.717498181884328545e+01
3.717732177519339132e+01
3.717967661826900638e+01
3.718204625760198212e+01
3.718443060146611856e+01
3.718682955691340908e+01
3.718924302983170804e+01
3.719167092500232741e+01
3.719411314613040531e+01
3.719656959584596478e+01
3.719904017570110000e+01
3.720152478617976755e+01
3.720402332671246626e+01
3.720653569570059460e+01
3.720906179056224516e+01
3.721160150781499709e+01
3.721415474324729189e+01
3.721672139217456987e+01
3.721930134966517301e+01
3.722189451066105903e+01
3.722450077002830682e+01
3.722712002258521125e+01
3.722975216312843116e+01
3.723239708647081159e+01
3.723505468748789582e+01
3.723772486115377944e+01
3.724040750253694654e+01
3.724310250672888856e+01
3.724580976874252514e+01
3.724852918346028474e+01
3.725126064563279016e+01
3.725400404986974223e+01
3.725675929061620195e+01
3.725952626215318730e+01
3.726230485863133168e+01
3.726509497408414973e+01
3.726789650238081464e+01
3.727070933718579937e+01
3.727353337199927807e+01
3.727636850023948512e+01
3.727921461530840475e+01
3.728207161062439923e+01
3.728493937960508475e+01
3.728781781561517050e+01
3.729070681192398951e+01
3.729360626167471082e+01
3.729651605783113411e+01
3.729943609308842412e+01
3.730236625976238685e+01
3.730530644968069964e+01
3.730825655409459074e+01
3.731121646361284405e+01
3.731418606813976879e+01
3.731716525680140961e+01
3.732015391786493552e+01
3.732315193865802883e+01
3.732615920548822430e+01
3.732917560356519715e+01
3.733220101693274273e+01
3.733523532841928727e+01
3.733827841961077354e+01
3.734133017083810557e+01
3.734439046116757055e+01
3.734745916839702318e+01
3.735053616908134444e+01
3.735362133860655121e+01
3.735671455130967900e+01
3.735981568062107527e+01
3.736292459919203424e+01
3.736604117898641420e+01
3.736916529134592935e+01
3.737229680704862034e+01
3.737543559637213519e+01
3.737858152915415388e+01
3.738173447483814016e+01
3.738489430251809864e+01
3.738806088099504166e+01
3.739123407882661354e+01
3.739441376433970987e+01
3.739759980558945784e+01
3.740079207028023234e+01
3.740399042569156052e+01
3.740719473864291444e+01
3.741040487550237970e+01
3.741362070222061931e+01
3.741684208437263948e+01
3.742006888720244717e+01
3.742330097565113789e+01
3.742653821433825101e+01
3.742978046749632881e+01
3.743302759888111808e+01
3.743627947166910275e+01
3.743953594835505783e+01
3.744279689067781192e+01
3.744606215958398110e+01
3.744933161520438603e+01
3.745260511682170090e+01
3.745588252283806696e+01
3.745916369076611119e+01
3.746244847725012761e+01
3.746573673809895411e+01
3.746902832831689523e+01
3.747232310213561135e+01
3.747562091300802223e+01
3.747892161349309958e+01
3.748222505512310221e+01
3.748553108849585414e+01
3.748883956364073811e+01
3.749215033046356638e+01
3.749546323911450685e+01
3.749877814026152123e+01
3.750209488530241231e+01
3.750541332653212123e+01
3.750873331726121762e+01
3.751205471187405749e+01
3.751537736581972382e+01
3.751870113556592656e+01
3.752202587856460525e+01
3.752535145323506072e+01
3.752867771894513993e+01
3.753200453599920650e+01
3.753533176565638740e+01
3.753865927017891835e+01
3.754198691288932110e+01
3.754531455822269947e+01
3.754864207177119084e+01
3.755196932031291368e+01
3.755529617181260704e+01
3.755862249538431996e+01
3.756194816123846891e+01
3.756527304065719619e+01
3.756859700600279695e+01
3.757191993074372505e+01
3.757524168949812093e+01
3.757856215807636602e+01
3.758188121348855049e+01
3.758519873391302468e+01
3.758851459865416444e+01
3.759182868812654732e+01
3.759514088387895470e+01
3.759845106862625386e+01
3.760175912626273487e+01
3.760506494187837490e+01
3.760836840178777862e+01
3.761166939354257721e+01
3.761496780592430156e+01
3.761826352894996717e+01
3.762155645388546077e+01
3.762484647322965259e+01
3.762813348068200980e+01
3.763141737114918328e+01
3.763469804080800429e+01
3.763797538718323921e+01
3.764124930918040945e+01
3.764451970705051309e+01
3.764778648232160663e+01
3.765104953775474428e+01
3.765430877736029913e+01
3.765756410647374253e+01
3.766081543185089942e+01
3.766406266173787998e+01
3.766730570590205218e+01
3.767054447562795616e+01
3.767377888368885408e+01
3.767700884431735631e+01
3.768023427319451457e+01
3.768345508744968697e+01
3.768667120565059747e+01
3.768988254778861346e+01
3.769308903527662125e+01
3.769629059095283452e+01
3.769948713907088944e+01
3.770267860526759307e+01
3.770586491650825423e+01
3.770904600102034010e+01
3.771222178824370985e+01
3.771539220882176124e+01
3.771855719462668333e+01
3.772171667879052848e+01
3.772487059571785295e+01
3.772801888107589008e+01
3.773116147177503876e+01
3.773429830594056966e+01
3.773742932286489804e+01
3.774055446295101746e+01
3.774367366766576026e+01
3.774678687949302969e+01
3.774989404188415421e+01
3.775299509923741681e+01
3.775608999690006584e+01
3.775917868111864095e+01
3.776226109891241123e+01
3.776533719795457245e+01
3.776840692654602094e+01
3.777147023367388812e+01
3.777452706909146940e+01
3.777757738336023152e+01
3.778062112784409265e+01
3.778365825470170591e+01
3.778668871689926334e+01
3.778971246822623442e+01
3.779272946332472571e+01
3.779573965773248290e+01
3.779874300787919594e+01
3.780173947101943810e+01
3.780472900517344925e+01
3.780771156911659858e+01
3.781068712239326857e+01
3.781365562533556357e+01
3.781661703908108052e+01
3.781957132559166013e+01
3.782251844768872218e+01
3.782545836908759895e+01
3.782839105437348337e+01
3.783131646890331723e+01
3.783423457870186724e+01
3.783714535043086613e+01
3.784004875142927204e+01
3.784294474974965539e+01
3.784583331413124796e+01
3.784871441393796943e+01
3.785158801913543414e+01
3.785445410031759650e+01
3.785731262873443370e+01
3.786016357629333839e+01
3.786300691553613262e+01
3.786584261961127140e+01
3.786867066227717515e+01
3.787149101794457096e+01
3.787430366172569052e+01
3.787710856947661142e+01
3.787990571785130811e+01
3.788269508436646049e+01
3.788547664745161825e+01
3.788825038647119214e+01
3.789101628171425062e+01
3.789377431435415389e+01
3.789652446639068728e+01
3.789926672058728485e+01
3.790200106041611861e+01
3.790472747001093268e+01
3.790744593410437346e+01
3.791015643794968781e+01
3.791285896726582649e+01
3.791555350821666792e+01
3.791824004739220300e+01
3.792091857176340852e+01
3.792358906860793866e+01
3.792625152544943035e+01
3.792890593005434852e+01
3.793155227046579370e+01
3.793419053504906202e+01
3.793682071255179977e+01
3.793944279217296867e+01
3.794205676363763047e+01
3.794466261726788048e+01
3.794726034401966785e+01
3.794984993546804475e+01
3.795243138374269876e+01
3.795500468143041672e+01
3.795756982148630243e+01
3.796012679720445249e+01
3.796267560225680882e+01
3.796521623074860230e+01
3.796774867723093649e+01
3.797027293665104253e+01
3.797278900426651660e+01
3.797529687557804579e+01
3.797779654629628965e+01
3.798028801229411755e+01
3.798277126953161797e+01
3.798524631401422624e+01
3.798771314180638115e+01
3.799017174902570559e+01
3.799262213172618630e+01
3.799506428567907790e+01
3.799749820616351315e+01
3.799992388785652508e+01
3.800234132481077154e+01
3.800475051045560093e+01
3.800715143758063874e+01
3.800954409829986957e+01
3.801192848399920621e+01
3.801430458525480560e+01
3.801667239172223844e+01
3.801903189203243016e+01
3.802138307372853632e+01
3.802372592323893485e+01
3.802606042585987467e+01
3.802838656572068032e+01
3.803070432571191617e+01
3.803301368738629407e+01
3.803531463086741127e+01
3.803760713479157829e+01
3.803989117628574235e+01
3.804216673096585311e+01
3.804443377293816297e+01
3.804669227481617355e+01
3.804894220777647718e+01
3.805118354163028016e+01
3.805341624485299690e+01
3.805564028456711156e+01
3.805785562655526633e+01
3.806006223536007127e+01
3.806226007441797066e+01
3.806444910613861765e+01
3.806662929191993072e+01
3.806880059215252743e+01
3.807096296623965515e+01
3.807311637261526016e+01
3.807526076875718957e+01
3.807739611121691325e+01
3.807952235567368149e+01
3.808163945703250874e+01
3.808374736960107754e+01
3.808584604730264545e+01
3.808793544383451035e+01
3.809001551278159070e+01
3.809208620775834930e+01
3.809414748257793804e+01
3.809619929139121552e+01
3.809824158876141809e+01
3.810027432967076777e+01
3.810229746947340601e+01
3.810431096382600202e+01
3.810631476862809563e+01
3.810830883999363294e+01
3.811029313425468246e+01
3.811226760797288904e+01
3.811423221793742755e+01
3.811618692115796847e+01
3.811813167486552345e+01
3.812006643651820781e+01
3.812199116382056019e+01
3.812390581476049789e+01
3.812581034763942966e+01
3.812770472108873321e+01
3.812958889410481333e+01
3.813146282612697036e+01
3.813332647712603318e+01
3.813517980765016802e+01
3.813702277883265879e+01
3.813885535239292324e+01
3.814067749061808144e+01
3.814248915631038983e+01
3.814429031271328085e+01
3.814608092341506307e+01
3.814786095223309559e+01
3.814963036310967937e+01
3.815138912004599803e+01
3.815313718709154500e+01
3.815487452840471150e+01
3.815660110836888208e+01
3.815831689170568097e+01
3.816002184353070703e+01
3.816171592935570800e+01
3.816339911507330385e+01
3.816507136692895585e+01
3.816673265147166916e+01
3.816838293552210359e+01
3.817002218621481546e+01
3.817165037110086701e+01
3.817326745824564682e+01
3.817487341629544773e+01
3.817646821453342909e+01
3.817805182293845689e+01
3.817962421223717229e+01
3.818118535393369228e+01
3.818273522030809630e+01
3.818427378439161402e+01
3.818580101993985210e+01
3.818731690141383694e+01
3.818882140396398484e+01
3.819031450342288991e+01
3.819179617632050139e+01
3.819326639991588479e+01
3.819472515221634268e+01
3.819617241196054636e+01
3.819760815858503378e+01
3.819903237221615200e+01
3.820044503368435329e+01
3.820184612452199246e+01
3.820323562693580044e+01
3.820461352377546405e+01
3.820597979850810333e+01
3.820733443518979300e+01
3.820867741842837972e+01
3.821000873334923398e+01
3.821132836557951151e+01
3.821263630124412458e+01
3.821393252695104081e+01
3.821521702975804402e+01
3.821648979713079086e+01
3.821775081691258436e+01
3.821900007733013638e+01
3.822023756702767372e+01
3.822146327508154684e+01
3.822267719096616645e+01
3.822387930450237548e+01
3.822506960584099289e+01
3.822624808548232522e+01
3.822741473428312275e+01
3.822856954343522062e+01
3.822971250445305458e+01
3.823084360918835500e+01
3.823196284986446614e+01
3.823307021913494452e+01
3.823416571015489751e+01
3.823524931663571635e+01
3.823632103288431949e+01
3.823738085383359930e+01
3.823842877503977888e+01
3.823946479262911424e+01
3.824048890323099670e+01
3.824150110395395785e+01
3.824250139240258051e+01
3.824348976669343614e+01
3.824446622546035002e+01
3.824543076786358853e+01
3.824638339360780748e+01
3.824732410296292784e+01
3.824825289676854823e+01
3.824916977640419447e+01
3.825007474374696415e+01
3.825096780115551098e+01
3.825184895147931030e+01
3.825271819806119566e+01
3.825357554471552390e+01
3.825442099568782339e+01
3.825525455560674004e+01
3.825607622943692832e+01
3.825688602245242009e+01
3.825768394024702701e+01
3.825846998876522775e+01
3.825924417433405011e+01
3.826000650370275480e+01
3.826075698408351400e+01
3.826149562317166186e+01
3.826222242914450788e+01
3.826293741063780374e+01
3.826364057669977825e+01
3.826433193675691058e+01
3.826501150062258461e+01
3.826567927852521223e+01
3.826633528111014471e+01
3.826697951941032017e+01
3.826761200482094694e+01
3.826823274909748562e+01
3.826884176436245610e+01
3.826943906311034027e+01
3.827002465821928467e+01
3.827059856297159257e+01
3.827116079106743030e+01
3.827171135661420465e+01
3.827225027408571378e+01
3.827277755826482064e+01
3.827329322419388546e+01
3.827379728714377904e+01
3.827428976259842841e+01
3.827477066624530266e+01
3.827524001394537123e+01
3.827569782166617784e+01
3.827614410541289658e+01
3.827657888121395047e+01
3.827700216516516463e+01
3.827741397347873686e+01
3.827781432249916094e+01
3.827820322869575875e+01
3.827858070864454021e+01
3.827894677898372322e+01
3.827930145634110204e+01
3.827964475728862936e+01
3.827997669836235417e+01
3.828029729609887255e+01
3.828060656702022868e+01
3.828090452754182849e+01
3.828119119385509350e+01
3.828146658191135998e+01
3.828173070756856333e+01
3.828198358679632918e+01
3.828222523579049152e+01
3.828245567095228097e+01
3.828267490878369728e+01
3.828288296576830874e+01
3.828307985827641602e+01
3.828326560250044963e+01
3.828344021441764511e+01
3.828360370978389682e+01
3.828375610415591979e+01
3.828389741291920956e+01
3.828402765129754926e+01
3.828414683433235410e+01
3.828425497683374346e+01
3.828435209331706801e+01
3.828443819793938729e+01
3.828451330445551548e+01
3.828457742622271809e+01
3.828463057626980515e+01
3.828467276740803982e+01
3.828470401233237652e+01
3.828472432367887990e+01
3.828473371405191727e+01
3.828473219605729838e+01
3.828471978234897222e+01
3.828469648564753669e+01
3.828466231869550285e+01
3.828461729419394999e+01
3.828456142480357727e+01
3.828449472320907887e+01
3.828441720216110866e+01
3.828432887445882926e+01
3.828422975292765784e+01
3.828411985043400279e+01
3.828399917991075085e+01
3.828386775436231204e+01
3.828372558683652471e+01
3.828357269035478083e+01
3.828340907785084113e+01
3.828323476219541988e+01
3.828304975628023499e+01
3.828285407307283350e+01
3.828264772561781371e+01
3.828243072701672389e+01
3.828220309041181224e+01
3.828196482898145803e+01
3.828171595595519250e+01
3.828145648465395823e+01
3.828118642854605724e+01
3.828090580128356635e+01
3.828061461668233534e+01
3.828031288866786497e+01
3.828000063124360253e+01
3.827967785850310634e+01
3.827934458469383827e+01
3.827900082431217754e+01
3.827864659215361343e+01
3.827828190328209246e+01
3.827790677296923150e+01
3.827752121665587737e+01
3.827712524993327037e+01
3.827671888850461812e+01
3.827630214810977805e+01
3.827587504446159272e+01
3.827543759323872763e+01
3.827498981009900803e+01
3.827453171066743920e+01
3.827406331050379151e+01
3.827358462508576764e+01
3.827309566983799982e+01
3.827259646017855488e+01
3.827208701152458303e+01
3.827156733925120591e+01
3.827103745865139928e+01
3.827049738492802788e+01
3.826994713319469099e+01
3.826938671845412898e+01
3.826881615553385529e+01
3.826823545894185230e+01
3.826764464266388188e+01
3.826704372002316745e+01
3.826643270367057426e+01
3.826581160564207096e+01
3.826518043741224773e+01
3.826453920992160818e+01
3.826388793354539075e+01
3.826322661799230929e+01
3.826255527220814656e+01
3.826187390438457214e+01
3.826118252209852955e+01
3.826048113252076632e+01
3.825976974259907593e+01
3.825904835918114344e+01
3.825831698912183754e+01
3.825757563938078221e+01
3.825682431704881026e+01
3.825606302927897673e+01
3.825529178316502055e+01
3.825451058563829321e+01
3.825371944342709440e+01
3.825291836306858073e+01
3.825210735094704972e+01
3.825128641333216706e+01
3.825045555639972861e+01
3.824961478624660316e+01
3.824876410890853151e+01
3.824790353035760404e+01
3.824703305646164608e+01
3.824615269292323916e+01
3.824526244521972274e+01
3.824436231854998880e+01
3.824345231779886234e+01
3.824253244754143566e+01
3.824160271210487849e+01
3.824066311566630816e+01
3.823971366233215718e+01
3.823875435618348462e+01
3.823778520131737935e+01
3.823680620189036006e+01
3.823581736212183557e+01
3.823481868621768598e+01
3.823381017824030437e+01
3.823279184199812875e+01
3.823176368099559852e+01
3.823072569843375135e+01
3.822967789722937937e+01
3.822862028002440837e+01
3.822755284918853391e+01
3.822647560684423951e+01
3.822538855490548571e+01
3.822429169505890911e+01
3.822318502866812651e+01
3.822206855670822989e+01
3.822094227982105963e+01
3.821980619843097315e+01
3.821866031281373921e+01
3.821750462311201346e+01
3.821633912934974120e+01
3.821516383144956563e+01
3.821397872923659378e+01
3.821278382246165251e+01
3.821157911085865777e+01
3.821036459417960174e+01
3.820914027217790476e+01
3.820790614457722256e+01
3.820666221105091864e+01
3.820540847120938821e+01
3.820414492460297140e+01
3.820287157073755679e+01
3.820158840908432296e+01
3.820029543911388714e+01
3.819899266038984820e+01
3.819768007266920051e+01
3.819635767593648978e+01
3.819502547036889695e+01
3.819368345627589889e+01
3.819233163406436660e+01
3.819097000426983612e+01
3.818959856764341509e+01
3.818821732522693679e+01
3.818682627837846866e+01
3.818542542876668477e+01
3.818401477834088098e+01
3.818259432926790709e+01
3.818116408386517691e+01
3.817972404457857039e+01
3.817827421399728394e+01
3.817681459485610418e+01
3.817534519002595061e+01
3.817386600252495299e+01
3.817237703554408768e+01
3.817087829248261954e+01
3.816936977701276845e+01
3.816785149315606418e+01
3.816632344531881671e+01
3.816478563828379578e+01
3.816323807721450123e+01
3.816168076770342310e+01
3.816011371582600731e+01
3.815853692814312126e+01
3.815695041165089663e+01
3.815535417372374383e+01
3.815374822207203920e+01
3.815213256470855896e+01
3.815050720992761768e+01
3.814887216629197297e+01
3.814722744258374121e+01
3.814557304769104462e+01
3.814390899048296291e+01
3.814223527975655514e+01
3.814055192428919128e+01
3.813885893296871643e+01
3.813715631494220304e+01
3.813544407971991745e+01
3.813372223720035237e+01
3.813199079763491284e+01
3.813024977158287498e+01
3.812849916989752330e+01
3.812673900374444713e+01
3.812496928460620893e+01
3.812319002423055991e+01
3.812140123453966112e+01
3.811960292755593116e+01
3.811779511537752541e+01
3.811597781019575848e+01
3.811415102432131619e+01
3.811231477017052072e+01
3.811046906015322122e+01
3.810861390647403368e+01
3.810674932100273793e+01
3.810487531532585592e+01
3.810299190086939092e+01
3.810109908896409792e+01
3.809919689087567463e+01
3.809728531787006034e+01
3.809536438134791325e+01
3.809343409301219197e+01
3.809149446497637115e+01
3.808954550978109665e+01
3.808758724038450794e+01
3.808561967017895000e+01
3.808364281301543741e+01
3.808165668320673092e+01
3.807966129550897705e+01
3.807765666509460800e+01
3.807564280753889818e+01
3.807361973884062678e+01
3.807158747545832966e+01
3.806954603432805584e+01
3.806749543286460380e+01
3.806543568894520746e+01
3.806336682084649681e+01
3.806128884715712246e+01
3.805920178674199406e+01
3.805710565878062113e+01
3.805500048283364833e+01
3.805288627888219111e+01
3.805076306729798574e+01
3.804863086874830458e+01
3.804648970409211017e+01
3.804433959432395795e+01
3.804218056059193032e+01
3.804001262426531582e+01
3.803783580697788125e+01
3.803565013061566447e+01
3.803345561730773738e+01
3.803125228947047276e+01
3.802904016987626079e+01
3.802681928169689485e+01
3.802458964852743151e+01
3.802235129441016426e+01
3.802010424383220055e+01
3.801784852170462869e+01
3.801558415339330566e+01
3.801331116479830996e+01
3.801102958239159335e+01
3.800873943316695147e+01
3.800644074453251875e+01
3.800413354421207401e+01
3.800181786023301100e+01
3.799949372101080769e+01
3.799716115540814343e+01
3.799482019264307553e+01
3.799247086208907831e+01
3.799011319310042722e+01
3.798774721491943041e+01
3.798537295666646685e+01
3.798299044742255859e+01
3.798059971637628962e+01
3.797820079294537976e+01
3.797579370681057753e+01
3.797337848788534842e+01
3.797095516627382494e+01
3.796852377224828246e+01
3.796608433625191736e+01
3.796363688890556887e+01
3.796118146100470625e+01
3.795871808353396659e+01
3.795624678771967098e+01
3.795376760509406466e+01
3.795128056754982282e+01
3.794878570740138457e+01
3.794628305745994368e+01
3.794377265109089592e+01
3.794125452222167638e+01
3.793872870531249930e+01
3.793619523533695315e+01
3.793365414779660938e+01
3.793110547873475014e+01
3.792854926468768895e+01
3.792598554257190102e+01
3.792341434956716029e+01
3.792083572302803418e+01
3.791824970040897824e+01
3.791565631919431212e+01
3.791305561684090719e+01
3.791044763074032176e+01
3.790783239819656814e+01
3.790520995640190449e+01
3.790258034240099505e+01
3.789994359306770377e+01
3.789729974513648614e+01
3.789464883529024775e+01
3.789199090025022088e+01
3.788932597681903047e+01
3.788665410188485794e+01
3.788397531243045790e+01
3.788128964556847933e+01
3.787859713858363619e+01
3.787589782897197921e+01
3.787319175449084696e+01
3.787047895320110058e+01
3.786775946346059385e+01
3.786503332387484022e+01
3.786230057323693643e+01
3.785956125046561027e+01
3.785681539455685396e+01
3.785406304457456628e+01
3.785130423968015378e+01
3.784853901920013186e+01
3.784576742273563355e+01
3.784298949027192549e+01
3.784020526222363401e+01
3.783741477941669018e+01
3.783461808306827834e+01
3.783181521480193510e+01
3.782900621667721452e+01
3.782619113120573928e+01
3.782337000137120242e+01
3.782054287067656873e+01
3.781770978318553489e+01
3.781487078351519671e+01
3.781202591678888325e+01
3.780917522858990054e+01
3.780631876493674781e+01
3.780345657224662403e+01
3.780058869727272963e+01
3.779771518707457290e+01
3.779483608904293135e+01
3.779195145093644470e+01
3.778906132092801329e+01
3.778616574767553260e+01
3.778326478038484026e+01
3.778035846881908810e+01
3.777744686323216428e+01
3.777453001422320966e+01
3.777160797252393820e+01
3.776868078879080315e+01
3.776574851351313811e+01
3.776281119704889022e+01
3.775986888970030009e+01
3.775692164177204546e+01
3.775396950360699577e+01
3.775101252560152432e+01
3.774805075820427192e+01
3.774508425191491057e+01
3.774211305728680799e+01
3.773913722491216305e+01
3.773615680540618911e+01
3.773317184944681912e+01
3.773018240786507249e+01
3.772718853173054043e+01
3.772419027241743095e+01
3.772118768166280489e+01
3.771818081161703873e+01
3.771516971488649261e+01
3.771215444456254318e+01
3.770913505421849976e+01
3.770611159785096334e+01
3.770308412976083190e+01
3.770005270444306689e+01
3.769701737659823237e+01
3.769397820128918397e+01
3.769093523414938574e+01
3.768788853152790352e+01
3.768483815051462926e+01
3.768178414888851080e+01
3.767872658508042605e+01
3.767566551818866571e+01
3.767260100802947420e+01
3.766953311518564362e+01
3.766646190100448877e+01
3.766338742752176216e+01
3.766030975733789887e+01
3.765722895351851918e+01
3.765414507959439305e+01
3.765105819963734035e+01
3.764796837832056298e+01
3.764487568095172065e+01
3.764178017352349315e+01
3.763868192278469138e+01
3.763558099631612919e+01
3.763247746260464766e+01
3.762937139110445628e+01
3.762626285227215561e+01
3.762315191755598676e+01
3.762003865932957325e+01
3.761692315081006655e+01
3.761380546603086117e+01
3.761068567988931477e+01
3.760756386821783082e+01
3.760444010782379820e+01
3.760131447650613978e+01
3.759818705309137243e+01
3.759505791748910042e+01
3.759192715072517643e+01
3.758879483492997053e+01
3.758566105328388574e+01
3.758252588993062915e+01
3.757938942987692599e+01
3.757625175890091640e+01
3.757311296351523566e+01
3.756997313101371816e+01
3.756683234954257244e+01
3.756369070810720245e+01
3.756054829650502569e+01
3.755740520526413206e+01
3.755426152566474940e+01
3.755111734981814919e+01
3.754797277070954209e+01
3.754482788215334210e+01
3.754168277867917425e+01
3.753853755539847015e+01
3.753539230789832004e+01
3.753224713217819897e+01
3.752910212461200246e+01
3.752595738191885033e+01
3.752281300112804274e+01
3.751966907951676689e+01
3.751652571452828511e+01
3.751338300369796031e+01
3.751024104458797126e+01
3.750709993473187609e+01
3.750395977161412731e+01
3.750082065267694276e+01
3.749768267529792354e+01
3.749454593671703151e+01
3.749141053394988887e+01
3.748827656372058925e+01
3.748514412242859350e+01
3.748201330615753335e+01
3.747888421071513676e+01
3.747575693166830035e+01
3.747263156432169495e+01
3.746950820361156076e+01
3.746638694394498259e+01
3.746326787905574918e+01
3.746015110193612685e+01
3.745703670485149672e+01
3.745392477939484621e+01
3.745081541652771051e+01
3.744770870658400241e+01
3.744460473925055055e+01
3.744150360354172591e+01
3.743840538777017457e+01
3.743531017951951867e+01
3.743221806563261111e+01
3.742912913221640281e+01
3.742604346465157761e+01
3.742296114759349734e+01
3.741988226495168135e+01
3.741680689984394093e+01
3.741373513454081490e+01
3.741066705042845086e+01
3.740760272800170583e+01
3.740454224686895657e+01
3.740148568574514343e+01
3.739843312243027640e+01
3.739538463378786304e+01
3.739234029573605511e+01
3.738930018325044813e+01
3.738626437037270733e+01
3.738323293021921501e+01
3.738020593497898858e+01
3.737718345589597391e+01
3.737416556325432282e+01
3.737115232639767726e+01
3.736814381378747640e+01
3.736514009306899453e+01
3.736214123111503227e+01
3.735914729404419177e+01
3.735615834724212903e+01
3.735317445542077763e+01
3.735019568269704138e+01
3.734722209262956483e+01
3.734425374819418408e+01
3.734129071172717573e+01
3.733833304486363858e+01
3.733538080848757090e+01
3.733243406270434406e+01
3.732949286683749079e+01
3.732655727944791835e+01
3.732362735836480283e+01
3.732070316070572602e+01
3.731778474287445846e+01
3.731487216054794231e+01
3.731196546867209918e+01
3.730906472147612618e+01
3.730616997250132272e+01
3.730328127463392462e+01
3.730039868012904947e+01
3.729752224061816435e+01
3.729465200710768613e+01
3.729178802998251285e+01
3.728893035901927533e+01
3.728607904341026824e+01
3.728323413179227686e+01
3.728039567226461770e+01
3.727756371238875488e+01
3.727473829917416026e+01
3.727191947905841829e+01
3.726910729789115351e+01
3.726630180092868727e+01
3.726350303283550147e+01
3.726071103767982606e+01
3.725792585891269937e+01
3.725514753934015744e+01
3.725237612111006058e+01
3.724961164571249839e+01
3.724685415397731703e+01
3.724410368606380217e+01
3.724136028144161514e+01
3.723862397885510234e+01
3.723589481627305275e+01
3.723317283084329432e+01
3.723045805886670223e+01
3.722775053578980220e+01
3.722505029621093797e+01
3.722235737388837151e+01
3.721967180173377443e+01
3.721699361179111776e+01
3.721432283521649964e+01
3.721165950227450736e+01
3.720900364235993152e+01
3.720635528403700221e+01
3.720371445507467456e+01
3.720108118246437812e+01
3.719845549242320004e+01
3.719583741039308933e+01
3.719322696104787696e+01
3.719062416831490481e+01
3.718802905540440662e+01
3.718544164483012082e+01
3.718286195841042741e+01
3.718029001725481919e+01
3.717772584175335737e+01
3.717516945157964869e+01
3.717262086569684243e+01
3.717008010235185367e+01
3.716754717906178485e+01
3.716502211260817035e+01
3.716250491904481379e+01
3.715999561371047122e+01
3.715749421123670260e+01
3.715500072554882394e+01
3.715251516986496938e+01
3.715003755669994234e+01
3.714756789787206515e+01
3.714510620450210610e+01
3.714265248700159106e+01
3.714020675505810232e+01
3.713776901762938820e+01
3.713533928296468645e+01
3.713291755866016075e+01
3.713050385172309120e+01
3.712809816861654610e+01
3.712570051528165749e+01
3.712331089714719923e+01
3.712092931913432636e+01
3.711855578565738512e+01
3.711619030061198288e+01
3.711383286734366749e+01
3.711148348860776025e+01
3.710914216653992526e+01
3.710680890264715970e+01
3.710448369781728672e+01
3.710216655234012961e+01
3.709985746593157785e+01
3.709755643775184097e+01
3.709526346641484196e+01
3.709297854998991539e+01
3.709070168598486816e+01
3.708843287129016630e+01
3.708617210209771997e+01
3.708391937385765402e+01
3.708167468130716315e+01
3.707943801852857746e+01
3.707720937899085101e+01
3.707498875557641327e+01
3.707277614060510018e+01
3.707057152585225879e+01
3.706837490255799139e+01
3.706618626143063722e+01
3.706400559264723427e+01
3.706183288585501856e+01
3.705966813017577266e+01
3.705751131420728939e+01
3.705536242601598218e+01
3.705322145311983917e+01
3.705108838246057701e+01
3.704896320036216650e+01
3.704684589247474946e+01
3.704473644371852714e+01
3.704263483825004499e+01
3.704054105944891262e+01
3.703845508990551139e+01
3.703637691140377797e+01
3.703430650490596321e+01
3.703224385054418377e+01
3.703018892761875946e+01
3.702814171460047987e+01
3.702610218913378048e+01
3.702407032803897380e+01
3.702204610731153878e+01
3.702002950211943499e+01
3.701802048680137602e+01
3.701601903487584622e+01
3.701402511908706572e+01
3.701203871149091640e+01
3.701005978352625192e+01
3.700808830602379373e+01
3.700612424917225241e+01
3.700416758250870686e+01
3.700221827499961336e+01
3.700027629522403316e+01
3.699834161162023349e+01
3.699641419274681908e+01
3.699449400749032435e+01
3.699258102517148217e+01
3.699067521560177596e+01
3.698877654916924484e+01
3.698688499693589904e+01
3.698500053067870397e+01
3.698312312287401227e+01
3.698125274668978335e+01
3.697938937604111942e+01
3.697753298571880975e+01
3.697568355153548225e+01
3.697384105040539026e+01
3.697200546034441260e+01
3.697017676046512946e+01
3.696835493102739179e+01
3.696653995351717725e+01
3.696473181069325165e+01
3.696293048657440039e+01
3.696113596637993481e+01
3.695934823647208844e+01
3.695756728434517413e+01
3.695579309865662054e+01
3.695402566926481569e+01
3.695226498724354514e+01
3.695051104486432791e+01
3.694876383556307076e+01
3.694702335391168901e+01
3.694528959560616954e+01
3.694356255749074336e+01
3.694184223763556929e+01
3.694012863543976977e+01
3.693842175169744024e+01
3.693672158860614729e+01
3.693502814975596493e+01
3.693334144013016385e+01
3.693166146610882805e+01
3.692998823546369636e+01
3.692832175736176481e+01
3.692666204239611005e+01
3.692500910263331804e+01
3.692336295165699056e+01
3.692172360459758806e+01
3.692009107814180169e+01
3.691846539050979459e+01
3.691684656140709819e+01
3.691523461198524103e+01
3.691362956482188906e+01
3.691203144388632751e+01
3.691044027446501019e+01
3.690885608307052479e+01
3.690727889737008383e+01
3.690570874612756569e+01
3.690414565913386724e+01
3.690258966713049915e+01
3.690104080174380385e+01
3.689949909543672391e+01
3.689796458147714020e+01
3.689643729389934634e+01
3.689491726743145961e+01
3.689340453740036452e+01
3.689189913964251843e+01
3.689040111043325254e+01
3.688891048644335058e+01
3.688742730472286979e+01
3.688595160270833162e+01
3.688448341826301657e+01
3.688302278973868908e+01
3.688156975601393839e+01
3.688012435648474963e+01
3.687868663103171230e+01
3.687725662000472227e+01
3.687583436422816874e+01
3.687441990498949451e+01
3.687301328398592659e+01
3.687161454323217669e+01
3.687022372494573119e+01
3.686884087143311461e+01
3.686746602499270864e+01
3.686609922783409843e+01
3.686474052201301532e+01
3.686338994938667923e+01
3.686204755158869517e+01
3.686071337001260417e+01
3.685938744579451054e+01
3.685806981979372665e+01
3.685676053257732576e+01
3.685545962441533163e+01
3.685416713529448884e+01
3.685288310495632658e+01
3.685160757294299572e+01
3.685034057862069545e+01
3.684908216118167701e+01
3.684783235965010562e+01
3.684659121290059147e+01
3.684535875968057894e+01
3.684413503862690220e+01
3.684292008827355147e+01
3.684171394705259672e+01
3.684051665328733804e+01
3.683932824518245042e+01
3.683814876082882250e+01
3.683697823822777906e+01
3.683581671531632651e+01
3.683466422997673817e+01
3.683352082002766537e+01
3.683238652320255113e+01
3.683126137712610415e+01
3.683014541930241847e+01
3.682903868713228235e+01
3.682794121796074904e+01
3.682685304912168789e+01
3.682577421794632500e+01
3.682470476173669738e+01
3.682364471772152825e+01
3.682259412300240342e+01
3.682155301449208196e+01
3.682052142885282819e+01
3.681949940244444974e+01
3.681848697128500447e+01
3.681748417102024007e+01
3.681649103690275382e+01
3.681550760379456477e+01
3.681453390620174559e+01
3.681356997832567401e+01
3.681261585410542381e+01
3.681167156723777367e+01
3.681073715117386769e+01
3.680981263910213386e+01
3.680889806393027897e+01
3.680799345827016111e+01
3.680709885442460916e+01
3.680621428437715537e+01
3.680533977978270599e+01
3.680447537195136221e+01
3.680362109182156161e+01
3.680277696992829561e+01
3.680194303637426145e+01
3.680111932081556603e+01
3.680030585247958896e+01
3.679950266021499772e+01
3.679870977255144027e+01
3.679792721775339004e+01
3.679715502386621040e+01
3.679639321874853408e+01
3.679564183008321265e+01
3.679490088537166770e+01
3.679417041192535720e+01
3.679345043686008410e+01
3.679274098708739160e+01
3.679204208929914444e+01
3.679135376995108686e+01
3.679067605525516882e+01
3.679000897118841351e+01
3.678935254351345918e+01
3.678870679779515740e+01
3.678807175941137331e+01
3.678744745356663515e+01
3.678683390530677144e+01
3.678623113952963308e+01
3.678563918099282404e+01
3.678505805431762354e+01
3.678448778398500707e+01
3.678392839431997174e+01
3.678337990946227620e+01
3.678284235332831287e+01
3.678231574957494132e+01
3.678180012156627754e+01
3.678129549232868101e+01
3.678080188449217047e+01
3.678031932024345707e+01
3.677984782131406405e+01
3.677938740900445680e+01
3.677893810422666121e+01
3.677849992754200770e+01
3.677807289918420963e+01
3.677765703907274286e+01
3.677725236682127985e+01
3.677685890173930972e+01
3.677647666282109640e+01
3.677610566872291287e+01
3.677574593773829292e+01
3.677539748777816442e+01
3.677506033635679472e+01
3.677473450058845117e+01
3.677441999720252142e+01
3.677411684257228330e+01
3.677382505273973834e+01
3.677354464342874252e+01
3.677327563005715660e+01
3.677301802775775741e+01
3.677277185140200544e+01
3.677253711561409233e+01
3.677231383476841131e+01
3.677210202297530373e+01
3.677190169406679132e+01
3.677171286158426966e+01
3.677153553874956771e+01
3.677136973839218825e+01
3.677121547283855563e+01
3.677107275382847007e+01
3.677094159252317951e+01
3.677082199958642406e+01
3.677071398526648238e+01
3.677061755944210830e+01
3.677053273164123937e+01
3.677045951104796728e+01
3.677039790650849937e+01
3.677034792654198725e+01
3.677030957935524214e+01
3.677028287285743602e+01
3.677026781467084504e+01
3.677026441213482144e+01
3.677027267230286611e+01
3.677029260193582161e+01
3.677032420749213060e+01
3.677036749510929781e+01
3.677042247056681390e+01
3.677048913921886708e+01
3.677056750589299128e+01
3.677065757478664665e+01
3.677075934941066038e+01
3.677087283258026673e+01
3.677099802641691895e+01
3.677113493234228514e+01
3.677128355106535906e+01
3.677144388256472496e+01
3.677161592607080109e+01
3.677179968005390265e+01
3.677199514221907606e+01
3.677220230950584323e+01
3.677242117809469590e+01
3.677265174342527843e+01
3.677289400022043253e+01
3.677314794249942764e+01
3.677341356357276680e+01
3.677369085602321519e+01
3.677397981168206087e+01
3.677428042161600530e+01
3.677459267613841121e+01
3.677491656483218208e+01
3.677525207655905604e+01
3.677559919945808531e+01
3.677595792095587512e+01
3.677632822779034427e+01
3.677671010603261692e+01
3.677710354110006108e+01
3.677750851776542618e+01
3.677792502016792042e+01
3.677835303182917670e+01
3.677879253569054185e+01
3.677924351420693228e+01
3.677970594949322702e+01
3.678017982346870696e+01
3.678066511799172389e+01
3.678116181503139615e+01
3.678166989687334620e+01
3.678218934629234127e+01
3.678272014662451284e+01
3.678326228170913481e+01
3.678381573574554153e+01
3.678438049320461545e+01
3.678495653890195172e+01
3.678554385817428596e+01
3.678614243702566711e+01
3.678675226218305028e+01
3.678737332108173774e+01
3.678800560184100732e+01
3.678864909327683108e+01
3.678930378493299713e+01
3.678996966707817506e+01
3.679064673064256397e+01
3.679133496710872464e+01
3.679203436839847541e+01
3.679274492678905517e+01
3.679346663485163305e+01
3.679419948539075591e+01
3.679494347138285804e+01
3.679569858591762710e+01
3.679646482213451009e+01
3.679724217313776791e+01
3.679803063188422385e+01
3.679883019107685271e+01
3.679964084311095007e+01
3.680046258007581628e+01
3.680129539377978176e+01
3.680213927577521815e+01
3.680299421737579024e+01
3.680386020965898553e+01
3.680473724344535214e+01
3.680562530925812581e+01
3.680652439728293501e+01
3.680743449734013240e+01
3.680835559886580199e+01
3.680928769089386066e+01
3.681023076203504729e+01
3.681118480045314811e+01
3.681214979384205321e+01
3.681312572941160965e+01
3.681411259388517010e+01
3.681511037349900306e+01
3.681611905399884677e+01
3.681713862064612641e+01
3.681816905824559427e+01
3.681921035118565300e+01
3.682026248346887343e+01
3.682132543872208430e+01
3.682239920019276980e+01
3.682348375074057145e+01
3.682457907282593368e+01
3.682568514849275942e+01
3.682680195934921130e+01
3.682792948656111776e+01
3.682906771086578601e+01
3.683021661260143986e+01
3.683137617175125200e+01
3.683254636799994586e+01
3.683372718078170749e+01
3.683491858929880181e+01
3.683612057251681904e+01
3.683733310915014414e+01
3.683855617763963153e+01
3.683978975611760376e+01
3.684103382236015278e+01
3.684228835374041466e+01
3.684355332719739806e+01
3.684482871921942149e+01
3.684611450583435044e+01
3.684741066260470177e+01
3.684871716462853186e+01
3.685003398654425411e+01
3.685136110253347397e+01
3.685269848631112666e+01
3.685404611109616013e+01
3.685540394957241261e+01
3.685677197385341941e+01
3.685815015545396989e+01
3.685953846527142730e+01
3.686093687357870863e+01
3.686234535002016344e+01
3.686376386360356605e+01
3.686519238268719079e+01
3.686663087495715985e+01
3.686807930739888661e+01
3.686953764628707120e+01
3.687100585721557877e+01
3.687248390516726460e+01
3.687397175461782695e+01
3.687546936966504063e+01
3.687697671415598677e+01
3.687849375178407740e+01
3.688002044615584651e+01
3.688155676085192880e+01
3.688310265950843814e+01
3.688465810591882388e+01
3.688622306412688800e+01
3.688779749849062739e+01
3.688938137373141046e+01
3.689097465499581574e+01
3.689257730791454293e+01
3.689418929860965335e+01
3.689581059365215765e+01
3.689744116002925978e+01
3.689908096517013547e+01
3.690072997702812074e+01
3.690238816417554091e+01
3.690405549588492562e+01
3.690573194221119024e+01
3.690741747406499940e+01
3.690911206323644933e+01
3.691081568236715071e+01
3.691252830489786163e+01
3.691424990499768199e+01
3.691598045747173984e+01
3.691771993765428306e+01
3.691946832130371092e+01
3.692122558453166903e+01
3.692299170378184670e+01
3.692476665582523765e+01
3.692655041775059743e+01
3.692834296698992347e+01
3.693014428139652949e+01
3.693195433931919780e+01
3.693377311962957776e+01
3.693560060170960924e+01
3.693743676540292853e+01
3.693928159093114516e+01
3.694113505879747095e+01
3.694299714970008353e+01
3.694486784445519589e+01
3.694674712392012594e+01
3.694863496891539256e+01
3.695053136015454243e+01
3.695243627819056798e+01
3.695434970338178005e+01
3.695627161587422194e+01
3.695820199559091890e+01
3.696014082222104946e+01
3.696208807521404083e+01
3.696404373377946939e+01
3.696600777688499306e+01
3.696798018325429069e+01
3.696996093137566675e+01
3.697194999952139227e+01
3.697394736576411134e+01
3.697595300797859608e+01
3.697796690382987350e+01
3.697998903075449562e+01
3.698201936593795125e+01
3.698405788629006707e+01
3.698610456842042282e+01
3.698815938861080355e+01
3.699022232278474576e+01
3.699229334648193657e+01
3.699437243484134541e+01
3.699645956258923718e+01
3.699855470402814461e+01
3.700065783302190425e+01
3.700276892296906084e+01
3.700488794677031024e+01
3.700701487681159563e+01
3.700914968496958579e+01
3.701129234262587175e+01
3.701344282068119185e+01
3.701560108957253448e+01
3.701776711929511521e+01
3.701994087942335909e+01
3.702212233912119643e+01
3.702431146713277599e+01
3.702650823174697337e+01
3.702871260073451509e+01
3.703092454126958444e+01
3.703314401985912951e+01
3.703537100230244761e+01
3.703760545368673007e+01
3.703984733840307086e+01
3.704209662015758653e+01
3.704435326196015410e+01
3.704661722609363039e+01
3.704888847408887642e+01
3.705116696672612164e+01
3.705345266404894033e+01
3.705574552536851485e+01
3.705804550925908813e+01
3.706035257355243573e+01
3.706266667532942449e+01
3.706498777089886687e+01
3.706731581573453127e+01
3.706965076434094186e+01
3.707199257008417703e+01
3.707434118506354537e+01
3.707669656004559755e+01
3.707905864444390431e+01
3.708142738634655444e+01
3.708380273258357107e+01
3.708618462880214395e+01
3.708857301953305097e+01
3.709096784824637183e+01
3.709336905738575751e+01
3.709577658837830683e+01
3.709819038163280425e+01
3.710061037654376292e+01
3.710303651152367621e+01
3.710546872406747099e+01
3.710790695082369695e+01
3.711035112766672484e+01
3.711280118979426845e+01
3.711525707185020195e+01
3.711771870804052753e+01
3.712018603222992397e+01
3.712265897803337111e+01
3.712513747889214244e+01
3.712762146810602104e+01
3.713011087884598282e+01
3.713260564419514509e+01
3.713510569719358756e+01
3.713761097083154539e+01
3.714012139802700574e+01
3.714263691167439418e+01
3.714515744476535275e+01
3.714768293051826475e+01
3.715021330249026477e+01
3.715274849468725904e+01
3.715528844167882738e+01
3.715783307868678520e+01
3.716038234161438680e+01
3.716293616704719938e+01
3.716549449229689372e+01
3.716805725550242556e+01
3.717062439572639931e+01
3.717319585298226770e+01
3.717577156817379347e+01
3.717835148296248349e+01
3.718093553961356434e+01
3.718352368088284976e+01
3.718611584995814923e+01
3.718871199043579168e+01
3.719131204632435583e+01
3.719391596205912265e+01
3.719652368249805363e+01
3.719913515289335493e+01
3.720175031886500960e+01
3.720436912641424243e+01
3.720699152198277204e+01
3.720961745251203467e+01
3.721224686547125771e+01
3.721487970888839669e+01
3.721751593141232206e+01
3.722015548236421267e+01
3.722279831172566844e+01
3.722544437006445861e+01
3.722809360844273385e+01
3.723074597836222921e+01
3.723340143177379247e+01
3.723605992113559182e+01
3.723872139948007742e+01
3.724138582045662815e+01
3.724405313834000708e+01
3.724672330799605646e+01
3.724939628478692555e+01
3.725207202444809695e+01
3.725475048301990455e+01
3.725743161683947591e+01
3.726011538251123056e+01
3.726280173684132535e+01
3.726549063679645712e+01
3.726818203949873265e+01
3.727087590220585156e+01
3.727357218221925450e+01
3.727627083671239205e+01
3.727897182255115638e+01
3.728167509617574638e+01
3.728438061352627386e+01
3.728708832996260014e+01
3.728979820017828928e+01
3.729251017814476654e+01
3.729522421709442170e+01
3.729794026951443442e+01
3.730065828712793774e+01
3.730337822086348609e+01
3.730610002082939047e+01
3.730882363630458798e+01
3.731154901573638938e+01
3.731427610672839279e+01
3.731700485601385964e+01
3.731973520941736666e+01
3.732246711180865617e+01
3.732520050705554127e+01
3.732793533798554364e+01
3.733067154636020746e+01
3.733340907285619181e+01
3.733614785703962013e+01
3.733888783732283656e+01
3.734162895091338896e+01
3.734437113377368433e+01
3.734711432060018410e+01
3.734985844482788764e+01
3.735260343865527943e+01
3.735534923306833122e+01
3.735809575785759762e+01
3.736084294165489439e+01
3.736359071200886461e+01
3.736633899547131676e+01
3.736908771765233439e+01
3.737183680324525170e+01
3.737458617604375632e+01
3.737733575896199767e+01
3.738008547406825954e+01
3.738283524263525237e+01
3.738558498519230255e+01
3.738833462157368359e+01
3.739108407098153464e+01
3.739383325209067976e+01
3.739658208320116728e+01
3.739933048240545332e+01
3.740207836772140837e+01
3.740482565716992980e+01
3.740757226881541442e+01
3.741031812079851449e+01
3.741306313137666706e+01
3.741580721897435069e+01
3.741855030222557588e+01
3.742129229998033679e+01
3.742403313126911968e+01
3.742677271525094085e+01
3.742951097118082515e+01
3.743224781841233550e+01
3.743498317642058026e+01
3.743771696484471079e+01
3.744044910356841172e+01
3.744317951279647616e+01
3.744590811305349121e+01
3.744863482513573416e+01
3.745135957010300842e+01
3.745408226931924389e+01
3.745680284451542974e+01
3.745952121785356326e+01
3.746223731194482554e+01
3.746495104980635915e+01
3.746766235481027962e+01
3.747037115067072222e+01
3.747307736145709356e+01
3.747578091160352898e+01
3.747848172591049121e+01
3.748117972955812860e+01
3.748387484812441528e+01
3.748656700757709359e+01
3.748925613424899694e+01
3.749194215481243475e+01
3.749462499622723755e+01
3.749730458567136537e+01
3.749998085049480068e+01
3.750265371818518645e+01
3.750532311631102544e+01
3.750798897245132935e+01
3.751065121414951165e+01
3.751330976891805591e+01
3.751596456428789139e+01
3.751861552787832466e+01
3.752126258746982046e+01
3.752390567106517238e+01
3.752654470690774957e+01
3.752917962343258296e+01
3.753181034918043224e+01
3.753443681274397647e+01
3.753705894278516553e+01
3.753967666808956949e+01
3.754228991758760969e+01
3.754489862031056191e+01
3.754750270528320044e+01
3.755010210135609583e+01
3.755269673699505262e+01
3.755528654003742872e+01
3.755787143742897882e+01
3.756045135505418386e+01
3.756302621778975492e+01
3.756559594972560490e+01
3.756816047437609996e+01
3.757071971479101080e+01
3.757327359359241825e+01
3.757582203298827039e+01
3.757836495476449556e+01
3.758090228023331036e+01
3.758343393018152057e+01
3.758595982488604648e+01
3.758847988417524988e+01
3.759099402747466456e+01
3.759350217382547754e+01
3.759600424188938916e+01
3.759850014994369616e+01
3.760098981588133427e+01
3.760347315723618067e+01
3.760595009122300780e+01
3.760842053476676483e+01
3.761088440453179516e+01
3.761334161699886636e+01
3.761579208860743506e+01
3.761823573590668701e+01
3.762067247565111217e+01
3.762310222484534705e+01
3.762552490078134326e+01
3.762794042108324533e+01
3.763034870375332019e+01
3.763274966722273263e+01
3.763514323041111709e+01
3.763752931278516911e+01
3.763990783441236943e+01
3.764227871601088538e+01
3.764464187899452696e+01
3.764699724551973503e+01
3.764934473852667907e+01
3.765168428174536075e+01
3.765401579965588752e+01
3.765633921742638535e+01
3.765865446087331492e+01
3.766096145647932047e+01
3.766326013145287277e+01
3.766555041378415325e+01
3.766783223227261601e+01
3.767010551652244743e+01
3.767237019691854272e+01
3.767462620461616751e+01
3.767687347155104760e+01
3.767911193043392615e+01
3.768134151471488025e+01
3.768356215855257574e+01
3.768577379682736250e+01
3.768797636520209693e+01
3.769016980019662810e+01
3.769235403923499206e+01
3.769452902065663835e+01
3.769669468370133103e+01
3.769885096846483208e+01
3.770099781581858167e+01
3.770313516730598025e+01
3.770526296506699993e+01
3.770738115184457229e+01
3.770948967104556004e+01
3.771158846677546705e+01
3.771367748382439800e+01
3.771575666765895818e+01
3.771782596446864488e+01
3.771988532124640159e+01
3.772193468584870857e+01
3.772397400701474623e+01
3.772600323435739966e+01
3.772802231834155151e+01
3.773003121026532369e+01
3.773202986224819711e+01
3.773401822719472420e+01
3.773599625869304930e+01
3.773796391087055468e+01
3.773992113830215089e+01
3.774186789603544412e+01
3.774380413968996351e+01
3.774572982554959566e+01
3.774764491061997518e+01
3.774954935266539735e+01
3.775144311024382660e+01
3.775332614273902010e+01
3.775519841036535240e+01
3.775705987413564912e+01
3.775891049579887238e+01
3.776075023775440087e+01
3.776257906299556311e+01
3.776439693513209761e+01
3.776620381843215313e+01
3.776799967779698619e+01
3.776978447867153221e+01
3.777155818694020439e+01
3.777332076883164547e+01
3.777507219083410916e+01
3.777681241963912129e+01
3.777854142214658850e+01
3.778025916553023222e+01
3.778196561732062975e+01
3.778366074547462716e+01
3.778534451841455422e+01
3.778701690504311017e+01
3.778867787478265683e+01
3.779032739764564042e+01
3.779196544427878024e+01
3.779359198596828406e+01
3.779520699464408295e+01
3.779681044289294078e+01
3.779840230395783607e+01
3.779998255170431065e+01
3.780155116056538134e+01
3.780310810551766565e+01
3.780465336212080274e+01
3.780618690657151859e+01
3.780770871571878899e+01
3.780921876706920415e+01
3.781071703882550850e+01
3.781220350993687163e+01
3.781367816011896110e+01
3.781514096983797657e+01
3.781659192029273697e+01
3.781803099342901220e+01
3.781945817197131987e+01
3.782087343943531010e+01
3.782227678011579286e+01
3.782366817906213896e+01
3.782504762205173421e+01
3.782641509558779802e+01
3.782777058692647643e+01
3.782911408408442355e+01
3.783044557578608647e+01
3.783176505136317047e+01
3.783307250064250837e+01
3.783436791385148723e+01
3.783565128156048019e+01
3.783692259466715058e+01
3.783818184440813326e+01
3.783942902238139538e+01
3.784066412058420070e+01
3.784188713147447913e+01
3.784309804801277721e+01
3.784429686361644940e+01
3.784548357202145041e+01
3.784665816710219133e+01
3.784782064270311963e+01
3.784897099254531838e+01
3.785010921026169228e+01
3.785123528953062078e+01
3.785234922420271886e+01
3.785345100835755972e+01
3.785454063631263466e+01
3.785561810262360183e+01
3.785668340209424798e+01
3.785773652980017090e+01
3.785877748110952012e+01
3.785980625168132008e+01
3.786082283744732280e+01
3.786182723459771893e+01
3.786281943958638863e+01
3.786379944916146201e+01
3.786476726040568508e+01
3.786572287075436805e+01
3.786666627797438167e+01
3.786759748011202475e+01
3.786851647544089161e+01
3.786942326245556245e+01
3.787031783990815370e+01
3.787120020682540655e+01
3.787207036248197056e+01
3.787292830637663599e+01
3.787377403824167033e+01
3.787460755806002055e+01
3.787542886607760551e+01
3.787623796282638011e+01
3.787703484914836594e+01
3.787781952620025550e+01
3.787859199544728739e+01
3.787935225866399946e+01
3.788010031793493226e+01
3.788083617562034533e+01
3.788155983426348428e+01
3.788227129649105507e+01
3.788297056499258986e+01
3.788365764257878965e+01
3.788433253224371811e+01
3.788499523718130035e+01
3.788564576075503254e+01
3.788628410644629696e+01
3.788691027781631249e+01
3.788752427849543380e+01
3.788812611219188398e+01
3.788871578272003404e+01
3.788929329401116775e+01
3.788985865004143960e+01
3.789041185472479611e+01
3.789095291188675674e+01
3.789148182530547615e+01
3.789199859871573040e+01
3.789250323576330004e+01
3.789299573999929294e+01
3.789347611494950030e+01
3.789394436417889267e+01
3.789440049129671451e+01
3.789484449994404969e+01
3.789527639379506496e+01
3.789569617654659339e+01
3.789610385188822761e+01
3.789649942346660083e+01
3.789688289482630523e+01
3.789725426931867958e+01
3.789761355002035970e+01
3.789796073970542523e+01
3.789829584087407000e+01
3.789861885580853595e+01
3.789892978662913237e+01
3.789922863534046371e+01
3.789951540386696394e+01
3.789979009409436372e+01
3.790005270793155745e+01
3.790030324736861189e+01
3.790054171448417009e+01
3.790076811138369806e+01
3.790098244012604312e+01
3.790118470271040962e+01
3.790137490110330987e+01
3.790155303724994695e+01
3.790171911306902786e+01
3.790187313046516238e+01
3.790201509139094327e+01
3.790214499794313951e+01
3.790226285243358717e+01
3.790236865741432126e+01
3.790246241567348306e+01
3.790254413019620472e+01
3.790261380408750114e+01
3.790267144049809644e+01
3.790271704261654406e+01
3.790275061373634458e+01
3.790277215730165494e+01
3.790278167684100907e+01
3.790277917582894673e+01
3.790276465757786184e+01
3.790273812521270713e+01
3.790269958169925246e+01
3.790264902985580164e+01
3.790258647233282119e+01
3.790251191159742916e+01
3.790242534990718326e+01
3.790232678921181986e+01
3.790221623100823933e+01
3.790209367627538484e+01
3.790195912554749214e+01
3.790181257902824541e+01
3.790165403662995658e+01
3.790148349792313809e+01
3.790130096204030252e+01
3.790110642760416226e+01
3.790089989275417537e+01
3.790068135525307724e+01
3.790045081256899095e+01
3.790020826188651881e+01
3.789995370010413467e+01
3.789968712386380645e+01
3.789940852957285955e+01
3.789911791338385427e+01
3.789881527119120364e+01
3.789850059871536558e+01
3.789817389163577843e+01
3.789783514567611888e+01
3.789748435662038872e+01
3.789712152029007086e+01
3.789674663252520048e+01
3.789635968924139320e+01
3.789596068654638117e+01
3.789554962077959033e+01
3.789512648840069886e+01
3.789469128576724444e+01
3.789424400888491107e+01
3.789378465325043521e+01
3.789331321388538498e+01
3.789282968552491582e+01
3.789233406282693295e+01
3.789182634051897480e+01
3.789130651347789325e+01
3.789077457676861371e+01
3.789023052568588668e+01
3.788967435580769205e+01
3.788910606301655548e+01
3.788852564346632334e+01
3.788793309352558225e+01
3.788732840973372618e+01
3.788671158876004341e+01
3.788608262732569187e+01
3.788544152210145910e+01
3.788478826966390756e+01
3.788412286654119754e+01
3.788344530925988352e+01
3.788275559431477291e+01
3.788205371811737621e+01
3.788133967701160998e+01
3.788061346734013313e+01
3.787987508551563565e+01
3.787912452810083863e+01
3.787836179187782903e+01
3.787758687385996836e+01
3.787679977123948305e+01
3.787600048133997888e+01
3.787518900166735136e+01
3.787436533003375416e+01
3.787352946464363157e+01
3.787268140411738671e+01
3.787182114749855089e+01
3.787094869425605737e+01
3.787006404427195605e+01
3.786916719783594232e+01
3.786825815567498665e+01
3.786733691898883336e+01
3.786640348944072798e+01
3.786545786911496947e+01
3.786450006048431760e+01
3.786353006638804430e+01
3.786254788998960663e+01
3.786155353471875884e+01
3.786054700426429775e+01
3.785952830264380964e+01
3.785849743428023118e+01
3.785745440404046036e+01
3.785639921726034629e+01
3.785533187977650016e+01
3.785425239798738062e+01
3.785316077894943021e+01
3.785205703045181025e+01
3.785094116102006012e+01
3.784981317986911620e+01
3.784867309685925818e+01
3.784752092247058641e+01
3.784635666775611185e+01
3.784518034425392585e+01
3.784399196390525333e+01
3.784279153902606652e+01
3.784157908231772183e+01
3.784035460687369579e+01
3.783911812617560599e+01
3.783786965409906600e+01
3.783660920493602475e+01
3.783533679342498601e+01
3.783405243478608071e+01
3.783275614477079074e+01
3.783144793971751341e+01
3.783012783656916866e+01
3.782879585281486357e+01
3.782745200635847027e+01
3.782609631535610362e+01
3.782472879808669575e+01
3.782334947290929961e+01
3.782195835832563091e+01
3.782055547312538124e+01
3.781914083654037739e+01
3.781771446833831618e+01
3.781627638886783416e+01
3.781482661908800935e+01
3.781336518057352691e+01
3.781189209548769981e+01
3.781040738653508271e+01
3.780891107689752317e+01
3.780740319016146600e+01
3.780588375028033710e+01
3.780435278160908297e+01
3.780281030897272387e+01
3.780125635767949177e+01
3.779969095343261642e+01
3.779811412221393851e+01
3.779652589024637876e+01
3.779492628402467602e+01
3.779331533034704904e+01
3.779169305636058596e+01
3.779005948965627226e+01
3.778841465837574987e+01
3.778675859127329062e+01
3.778509131773785157e+01
3.778341286780634078e+01
3.778172327217792770e+01
3.778002256220398181e+01
3.777831076979526870e+01
3.777658792724730574e+01
3.777485406710467686e+01
3.777310922217446887e+01
3.777135342563610720e+01
3.776958671109473897e+01
3.776780911253427320e+01
3.776602066427049209e+01
3.776422140097324842e+01
3.776241135773067725e+01
3.776059057012111708e+01
3.775875907427246148e+01
3.775691690686399937e+01
3.775506410507083643e+01
3.775320070654143478e+01
3.775132674941510658e+01
3.774944227223432591e+01
3.774754731371585592e+01
3.774564191254418688e+01
3.774372610730829081e+01
3.774179993658250254e+01
3.773986343913212949e+01
3.773791665416876384e+01
3.773595962153638084e+01
3.773399238180501669e+01
3.773201497632152268e+01
3.773002744721750190e+01
3.772802983735785176e+01
3.772602219027763226e+01
3.772400455016175158e+01
3.772197696185985905e+01
3.771993947091183941e+01
3.771789212357727195e+01
3.771583496685811809e+01
3.771376804849314368e+01
3.771169141689486537e+01
3.770960512103587803e+01
3.770750921036639625e+01
3.770540373481748730e+01
3.770328874484719961e+01
3.770116429149449999e+01
3.769903042643516500e+01
3.769688720200653620e+01
3.769473467120791099e+01
3.769257288774382886e+01
3.769040190611899988e+01
3.768822178170886872e+01
3.768603257075228186e+01
3.768383433028379415e+01
3.768162711805134535e+01
3.767941099244663405e+01
3.767718601245497467e+01
3.767495223764220924e+01
3.767270972820199404e+01
3.767045854505184366e+01
3.766819874993107220e+01
3.766593040545303239e+01
3.766365357508624356e+01
3.766136832309848614e+01
3.765907471454868016e+01
3.765677281535373311e+01
3.765446269236033316e+01
3.765214441336021878e+01
3.764981804706845026e+01
3.764748366311045658e+01
3.764514133201981849e+01
3.764279112520586779e+01
3.764043311486480548e+01
3.763806737387815105e+01
3.763569397577062858e+01
3.763331299472167046e+01
3.763092450556032986e+01
3.762852858372028919e+01
3.762612530519000131e+01
3.762371474649014402e+01
3.762129698470461392e+01
3.761887209757585993e+01
3.761644016361387344e+01
3.761400126215156803e+01
3.761155547333397919e+01
3.760910287804119889e+01
3.760664355773339906e+01
3.760417759427447493e+01
3.760170506985500793e+01
3.759922606705847414e+01
3.759674066896830169e+01
3.759424895916204434e+01
3.759175102154673453e+01
3.758924694017667179e+01
3.758673679922812028e+01
3.758422068312594888e+01
3.758169867670339670e+01
3.757917086532970075e+01
3.757663733499489211e+01
3.757409817234488258e+01
3.757155346465815882e+01
3.756900329978252273e+01
3.756644776609618930e+01
3.756388695254585741e+01
3.756132094874615746e+01
3.755874984508495373e+01
3.755617373278772675e+01
3.755359270392451521e+01
3.755100685136326177e+01
3.754841626866865312e+01
3.754582104996975289e+01
3.754322128986275686e+01
3.754061708340528725e+01
3.753800852620712192e+01
3.753539571452974855e+01
3.753277874526701652e+01
3.753015771582648341e+01
3.752753272406727092e+01
3.752490386833141400e+01
3.752227124744113240e+01
3.751963496060843539e+01
3.751699510734181331e+01
3.751435178740166521e+01
3.751170510077906073e+01
3.750905514767939763e+01
3.750640202851292315e+01
3.750374584388519139e+01
3.750108669457004851e+01
3.749842468146019314e+01
3.749575990552163773e+01
3.749309246779882443e+01
3.749042246949770174e+01
3.748775001210479729e+01
3.748507519745763972e+01
3.748239812772456503e+01
3.747971890531439954e+01
3.747703763276665967e+01
3.747435441266124201e+01
3.747166934755342993e+01
3.746898253993231975e+01
3.746629409219573859e+01
3.746360410662231999e+01
3.746091268533380969e+01
3.745821993025248986e+01
3.745552594304008664e+01
3.745283082499194904e+01
3.745013467689604880e+01
3.744743759891643009e+01
3.744473969053797191e+01
3.744204105054332388e+01
3.743934177698982069e+01
3.743664196719717552e+01
3.743394171776721180e+01
3.743124112463193143e+01
3.742854028310060954e+01
3.742583928788442194e+01
3.742313823310455945e+01
3.742043721229450171e+01
3.741773631839155456e+01
3.741503564370110979e+01
3.741233527981516005e+01
3.740963531748109006e+01
3.740693584645198655e+01
3.740423695536421178e+01
3.740153873165781562e+01
3.739884126152524146e+01
3.739614462986975951e+01
3.739344892026677769e+01
3.739075421493397755e+01
3.738806059471405518e+01
3.738536813906824108e+01
3.738267692608145865e+01
3.737998703247917831e+01
3.737729853364720611e+01
3.737461150364656959e+01
3.737192601523138080e+01
3.736924213988123000e+01
3.736655994784047863e+01
3.736387950814484071e+01
3.736120088862651301e+01
3.735852415589791775e+01
3.735584937531690031e+01
3.735317661094611452e+01
3.735050592552307336e+01
3.734783738044775703e+01
3.734517103578581043e+01
3.734250695028244138e+01
3.733984518138117892e+01
3.733718578524266007e+01
3.733452881675752622e+01
3.733187432954861862e+01
3.732922237596927317e+01
3.732657300711039028e+01
3.732392627282016662e+01
3.732128222173545851e+01
3.731864090131711720e+01
3.731600235786773112e+01
3.731336663651430996e+01
3.731073378116272465e+01
3.730810383444823231e+01
3.730547683769575684e+01
3.730285283088986859e+01
3.730023185267306474e+01
3.729761394039465472e+01
3.729499913018496926e+01
3.729238745700816793e+01
3.728977895468967318e+01
3.728717365594363997e+01
3.728457159240427643e+01
3.728197279464549041e+01
3.727937729218497509e+01
3.727678511347847490e+01
3.727419628589951373e+01
3.727161083569762923e+01
3.726902878794980722e+01
3.726645016653043996e+01
3.726387499410849102e+01
3.726130329216616843e+01
3.725873508103019560e+01
3.725617037990212310e+01
3.725360920688473954e+01
3.725105157903962549e+01
3.724849751251974794e+01
3.724594702276824165e+01
3.724340012473575001e+01
3.724085683308407368e+01
3.723831716235962830e+01
3.723578112714256605e+01
3.723324874222218028e+01
3.723072002282684423e+01
3.722819498485684164e+01
3.722567364505978560e+01
3.722315602113585697e+01
3.722064213177484504e+01
3.721813199663277771e+01
3.721562563629206011e+01
3.721312307226728677e+01
3.721062432706662548e+01
3.720812942425320813e+01
3.720563838846946680e+01
3.720315124544492136e+01
3.720066802200591383e+01
3.719818874608338177e+01
3.719571344674690749e+01
3.719324215430405900e+01
3.719077490043282097e+01
3.718831171828287552e+01
3.718585264253884759e+01
3.718339770946215594e+01
3.718094695688605356e+01
3.717850042414640654e+01
3.717605815199978991e+01
3.717362018258543799e+01
3.717118655941828820e+01
3.716875732737528892e+01
3.716633253266313375e+01
3.716391222276652684e+01
3.716149644637791738e+01
3.715908525331459344e+01
3.715667869442601301e+01
3.715427682150112076e+01
3.715187968718734624e+01
3.714948734490277360e+01
3.714709984872495596e+01
3.714471725329526919e+01
3.714233961377392745e+01
3.713996698581642875e+01
3.713759942553731719e+01
3.713523698946129059e+01
3.713287973446063717e+01
3.713052771767515026e+01
3.712818099642424130e+01
3.712583962811707750e+01
3.712350367016664165e+01
3.712117317993394749e+01
3.711884821471025475e+01
3.711652883170023642e+01
3.711421508797594271e+01
3.711190704040537014e+01
3.710960474557039390e+01
3.710730825969240954e+01
3.710501763858528790e+01
3.710273293762775637e+01
3.710045421172412716e+01
3.709818151525623620e+01
3.709591490206163655e+01
3.709365442544106628e+01
3.709140013816878678e+01
3.708915209249027356e+01
3.708691034010135468e+01
3.708467493210986277e+01
3.708244591899330089e+01
3.708022335057314223e+01
3.707800727601926383e+01
3.707579774387190952e+01
3.707359480205004587e+01
3.707139849783332863e+01
3.706920887782855800e+01
3.706702598792828240e+01
3.706484987326159342e+01
3.706268057814396855e+01
3.706051814604267491e+01
3.705836261957526290e+01
3.705621404054316770e+01
3.705407244997398664e+01
3.705193788814241174e+01
3.704981039456865233e+01
3.704769000801009327e+01
3.704557676644024866e+01
3.704347070698388933e+01
3.704137186580344832e+01
3.703928027798443168e+01
3.703719597746465553e+01
3.703511899701315002e+01
3.703304936825288962e+01
3.703098712171468776e+01
3.702893228688913752e+01
3.702688489224733814e+01
3.702484496523145197e+01
3.702281253223254254e+01
3.702078761856360245e+01
3.701877024842664810e+01
3.701676044488178263e+01
3.701475822983766761e+01
3.701276362408781040e+01
3.701077664739547401e+01
3.700879731858642430e+01
3.700682565560851600e+01
3.700486167556009320e+01
3.700290539470867657e+01
3.700095682851640788e+01
3.699901599168109101e+01
3.699708289819086104e+01
3.699515756137397204e+01
3.699323999391251760e+01
3.699133020781034276e+01
3.698942821434054906e+01
3.698753402399681534e+01
3.698564764645448832e+01
3.698376909054234574e+01
3.698189836422415055e+01
3.698003547458495888e+01
3.697818042782140679e+01
3.697633322925339172e+01
3.697449388339413190e+01
3.697266239408754274e+01
3.697083876465227092e+01
3.696902299796057889e+01
3.696721509644115855e+01
3.696541506203524108e+01
3.696362289612924457e+01
3.696183859948355632e+01
3.696006217217688317e+01
3.695829361357103693e+01
3.695653292229132347e+01
3.695478009622050308e+01
3.695303513250445349e+01
3.695129802756564175e+01
3.694956877712044019e+01
3.694784737619547599e+01
3.694613381913714534e+01
3.694442809961332586e+01
3.694273021060922702e+01
3.694104014440858919e+01
3.693935789255156976e+01
3.693768344578377594e+01
3.693601679402187443e+01
3.693435792634645765e+01
3.693270683101242469e+01
3.693106349546035716e+01
3.692942790633271244e+01
3.692780004950756023e+01
3.692617991013229783e+01
3.692456747263106109e+01
3.692296272069753371e+01
3.692136563730912258e+01
3.691977620476938426e+01
3.691819440474267822e+01
3.691662021825082007e+01
3.691505362564043935e+01
3.691349460654454617e+01
3.691194313985476327e+01
3.691039920372375605e+01
3.690886277562512419e+01
3.690733383249317967e+01
3.690581235093279133e+01
3.690429830744583484e+01
3.690279167862837539e+01
3.690129244133763819e+01
3.689980057282491543e+01
3.689831605081093358e+01
3.689683885350573433e+01
3.689536895960122820e+01
3.689390634826767723e+01
3.689245099917837223e+01
3.689100289255476639e+01
3.688956200919991346e+01
3.688812833053192008e+01
3.688670183867287733e+01
3.688528251658551227e+01
3.688387034819521659e+01
3.688246531850818855e+01
3.688106741376465436e+01
3.687967662158906990e+01
3.687829293108779183e+01
3.687691633290869220e+01
3.687554681931835177e+01
3.687418438431912193e+01
3.687282902376134075e+01
3.687148073540586779e+01
3.687013951895150399e+01
3.686880537606926111e+01
3.686747831043363277e+01
3.686615832768867307e+01
3.686484543533802594e+01
3.686353964262134042e+01
3.686224096040912457e+01
3.686094940108890228e+01
3.685966497844058409e+01
3.685838770754984495e+01
3.685711760477798293e+01
3.685585468774539208e+01
3.685459897529752027e+01
3.685335048745223929e+01
3.685210924531030230e+01
3.685087527093353543e+01
3.684964858725326309e+01
3.684842921804789739e+01
3.684721718796333079e+01
3.684601252252654291e+01
3.684481524811338460e+01
3.684362539186962948e+01
3.684244298162320064e+01
3.684126804581296710e+01
3.684010061343312969e+01
3.683894071398924552e+01
3.683778837745137480e+01
3.683664363420228227e+01
3.683550651501003159e+01
3.683437705103168724e+01
3.683325527381610698e+01
3.683214121528131813e+01
3.683103490767241084e+01
3.682993638351950239e+01
3.682884567560628852e+01
3.682776281694548004e+01
3.682668784075322321e+01
3.682562078042155207e+01
3.682456166949378229e+01
3.682351054164473680e+01
3.682246743066095007e+01
3.682143237041698569e+01
3.682040539485176822e+01
3.681938653795066330e+01
3.681837583373638978e+01
3.681737331626965926e+01
3.681637901965556381e+01
3.681539297804810218e+01
3.681441522564783497e+01
3.681344579669170258e+01
3.681248472543509820e+01
3.681153204612900254e+01
3.681058779300006023e+01
3.680965200023842954e+01
3.680872470199147273e+01
3.680780593236226395e+01
3.680689572541496091e+01
3.680599411518595332e+01
3.680510113569306441e+01
3.680421682093115265e+01
3.680334120485303373e+01
3.680247432135622887e+01
3.680161620429212377e+01
3.680076688747804781e+01
3.679992640468206844e+01
3.679909478958238367e+01
3.679827207572093073e+01
3.679745829645305832e+01
3.679665348488546783e+01
3.679585767380931571e+01
3.679507089564301481e+01
3.679429318239061075e+01
3.679352456561768747e+01
3.679276507644284067e+01
3.679201474553008921e+01
3.679127360306963368e+01
3.679054167875074199e+01
3.678981900173664599e+01
3.678910560064323931e+01
3.678840150351685168e+01
3.678770673781487233e+01
3.678702133040103917e+01
3.678634530754942489e+01
3.678567869493576126e+01
3.678502151760928740e+01
3.678437379995966694e+01
3.678373556569271585e+01
3.678310683781580792e+01
3.678248763862912085e+01
3.678187798971494971e+01
3.678127791191626983e+01
3.678068742530356872e+01
3.678010654913584432e+01
3.677953530182549713e+01
3.677897370091586282e+01
3.677842176307527211e+01
3.677787950411449458e+01
3.677734693904113783e+01
3.677682408214822374e+01
3.677631094709875015e+01
3.677580754697230248e+01
3.677531389428337150e+01
3.677483000099969956e+01
3.677435587859076094e+01
3.677389153814831957e+01
3.677343699057617954e+01
3.677299224676816891e+01
3.677255731770236480e+01
3.677213221444667113e+01
3.677171694810687086e+01
3.677131152974840944e+01
3.677091597030936043e+01
3.677053028051631856e+01
3.677015447081681288e+01
3.676978855133316415e+01
3.676943253182800220e+01
3.676908642166879559e+01
3.676875022978651231e+01
3.676842396463137419e+01
3.676810763413242000e+01
3.676780124566592889e+01
3.676750480602858318e+01
3.676721832140778190e+01
3.676694179735092405e+01
3.676667523874343857e+01
3.676641864980339847e+01
3.676617203409652035e+01
3.676593539456482063e+01
3.676570873355233005e+01
3.676549205282008614e+01
3.676528535355717509e+01
3.676508863640545144e+01
3.676490190152217252e+01
3.676472514868162733e+01
3.676455837737576360e+01
3.676440158688070881e+01
3.676425477629695848e+01
3.676411794457688131e+01
3.676399109054737124e+01
3.676387421295972757e+01
3.676376731059507819e+01
3.676367038240967844e+01
3.676358342770068788e+01
3.676350644627679287e+01
3.676343943858592667e+01
3.676338240576607319e+01
3.676333534963659133e+01
3.676329827266031458e+01
3.676327117790270904e+01
3.676325406902316217e+01
3.676324695032276679e+01
3.676324982681836673e+01
3.676326270428154430e+01
3.676328558924249990e+01
3.676331848901926946e+01
3.676336141179657346e+01
3.676341436671442153e+01
3.676347736391772969e+01
3.676355041455816064e+01
3.676363353076580864e+01
3.676372672559842414e+01
3.676383001297307374e+01
3.676394340759491541e+01
3.676406692489467787e+01
3.676420058097686905e+01
3.676434439257669595e+01
3.676449837701604650e+01
3.676466255213507139e+01
3.676483693618575899e+01
3.676502154770410158e+01
3.676521640539289137e+01
3.676542152803671826e+01
3.676563693444611403e+01
3.676586264341828780e+01
3.676609867370366658e+01
3.676634504396364633e+01
3.676660177271374863e+01
3.676686887826478056e+01
3.676714637867662816e+01
3.676743429173060207e+01
3.676773263491826782e+01
3.676804142543904419e+01
3.676836068020171666e+01
3.676869041583464082e+01
3.676903064871057580e+01
3.676938139497930536e+01
3.676974267059240020e+01
3.677011449131344278e+01
3.677049687271838962e+01
3.677088983019112334e+01
3.677129337891602745e+01
3.677170753386371871e+01
3.677213230975830527e+01
3.677256772103579863e+01
3.677301378183374680e+01
3.677347050602654832e+01
3.677393790727741418e+01
3.677441599908144809e+01
3.677490479479804719e+01
3.677540430767939483e+01
3.677591455089890360e+01
3.677643553757869910e+01
3.677696728081318156e+01
3.677750979367890238e+01
3.677806308922109224e+01
3.677862718042165824e+01
3.677920208016127646e+01
3.677978780118345270e+01
3.678038435606050882e+01
3.678099175715762215e+01
3.678161001659680096e+01
3.678223914623256263e+01
3.678287915764806826e+01
3.678353006216190835e+01
3.678419187082518249e+01
3.678486459440293288e+01
3.678554824335167694e+01
3.678624282779988164e+01
3.678694835752931880e+01
3.678766484196039954e+01
3.678839229014518963e+01
3.678913071076530628e+01
3.678988011213083809e+01
3.679064050217913717e+01
3.679141188847369648e+01
3.679219427820294896e+01
3.679298767818199423e+01
3.679379209486400981e+01
3.679460753436048037e+01
3.679543400245746199e+01
3.679627150462016516e+01
3.679712004598872710e+01
3.679797963137011152e+01
3.679885026522801184e+01
3.679973195166979139e+01
3.680062469442960094e+01
3.680152849684550631e+01
3.680244336182698817e+01
3.680336929181257233e+01
3.680430628872265686e+01
3.680525435391030697e+01
3.680621348811208549e+01
3.680718369141052904e+01
3.680816496322191966e+01
3.680915730230163518e+01
3.681016070674549923e+01
3.681117517398045180e+01
3.681220070075131190e+01
3.681323728310457710e+01
3.681428491636440725e+01
3.681534359510277454e+01
3.681641331312514609e+01
3.681749406351173803e+01
3.681858583873076185e+01
3.681968863079453769e+01
3.682080243141366083e+01
3.682192723211022667e+01
3.682306302427456757e+01
3.682420979918195059e+01
3.682536754799183853e+01
3.682653626173630101e+01
3.682771593129780996e+01
3.682890654738402247e+01
3.683010810051131045e+01
3.683132058100098760e+01
3.683254397898327426e+01
3.683377828440316648e+01
3.683502348702440798e+01
3.683627957642562478e+01
3.683754654198179423e+01
3.683882437283114797e+01
3.684011305784101609e+01
3.684141258558834409e+01
3.684272294435277217e+01
3.684404412210975721e+01
3.684537610651587869e+01
3.684671888488144020e+01
3.684807244412943561e+01
3.684943677075349910e+01
3.685081185079243227e+01
3.685219766982518053e+01
3.685359421297643223e+01
3.685500146491839502e+01
3.685641940985593124e+01
3.685784803149319799e+01
3.685928731299541283e+01
3.686073723696323157e+01
3.686219778542371017e+01
3.686366893983188930e+01
3.686515068107734550e+01
3.686664298948674201e+01
3.686814584481565049e+01
3.686965922623165426e+01
3.687118311229153278e+01
3.687271748091453105e+01
3.687426230936151228e+01
3.687581757423157569e+01
3.687738325147621765e+01
3.687895931642319169e+01
3.688054574380133488e+01
3.688214250775179437e+01
3.688374958180018126e+01
3.688536693877519923e+01
3.688699455071458289e+01
3.688863238882456130e+01
3.689028042349487890e+01
3.689193862431571347e+01
3.689360696006537665e+01
3.689528539868530999e+01
3.689697390727358339e+01
3.689867245209985214e+01
3.690038099861924081e+01
3.690209951146778877e+01
3.690382795443441211e+01
3.690556629042222880e+01
3.690731448142343396e+01
3.690907248851365807e+01
3.691084027185316785e+01
3.691261779068997129e+01
3.691440500336676678e+01
3.691620186732698272e+01
3.691800833911196378e+01
3.691982437435331121e+01
3.692164992777787091e+01
3.692348495323214053e+01
3.692532940370870165e+01
3.692718323135693481e+01
3.692904638748214552e+01
3.693091882255725977e+01
3.693280048627448764e+01
3.693469132763396345e+01
3.693659129504210625e+01
3.693850033642753061e+01
3.694041839941437644e+01
3.694234543153075379e+01
3.694428138036837339e+01
3.694622619366727179e+01
3.694817981936534323e+01
3.695014220563042073e+01
3.695211330087182233e+01
3.695409305376747255e+01
3.695608141334853514e+01
3.695807832910735868e+01
3.696008375106645616e+01
3.696209762982213931e+01
3.696411991659694962e+01
3.696615056325499893e+01
3.696818952224232646e+01
3.697023674651556746e+01
3.697229218952997343e+01
3.697435580529567289e+01
3.697642754846601321e+01
3.697850737440352020e+01
3.698059523922243841e+01
3.698269109984395442e+01
3.698479491402796526e+01
3.698690664031921216e+01
3.698902623794364786e+01
3.699115366674183747e+01
3.699328888715005803e+01
3.699543186016873619e+01
3.699758254727825602e+01
3.699974091032752455e+01
3.700190691144584321e+01
3.700408051298892076e+01
3.700626167749260276e+01
3.700845036761884899e+01
3.701064654610362936e+01
3.701285017571942859e+01
3.701506121924646919e+01
3.701727963943714883e+01
3.701950539896682102e+01
3.702173846037090499e+01
3.702397878598296188e+01
3.702622633793026097e+01
3.702848107825104762e+01
3.703074296912971874e+01
3.703301197317678373e+01
3.703528805366882892e+01
3.703757117471062799e+01
3.703986130134551757e+01
3.704215839964439994e+01
3.704446243676353134e+01
3.704677338095653738e+01
3.704909120154258773e+01
3.705141586885308413e+01
3.705374735422221733e+01
3.705608563006322953e+01
3.705843066995438306e+01
3.706078244863630999e+01
3.706314094194502218e+01
3.706550612676147693e+01
3.706787798098942233e+01
3.707025648353027236e+01
3.707264161424822646e+01
3.707503335392568289e+01
3.707743168418348034e+01
3.707983658734963228e+01
3.708224804631623783e+01
3.708466604444712544e+01
3.708709056554387473e+01
3.708952159382355518e+01
3.709195911386331090e+01
3.709440311049331740e+01
3.709685356864687833e+01
3.709931047319390984e+01
3.710177380878131714e+01
3.710424355969956167e+01
3.710671970979409195e+01
3.710920224242448029e+01
3.711169114045471673e+01
3.711418638625517730e+01
3.711668796170461349e+01
3.711919584818525664e+01
3.712171002657018448e+01
3.712423047721062375e+01
3.712675717993106161e+01
3.712929011403019786e+01
3.713182925828184011e+01
3.713437459093783133e+01
3.713692608973965292e+01
3.713948373193683494e+01
3.714204749429471519e+01
3.714461735306996815e+01
3.714719328395207754e+01
3.714977526199112390e+01
3.715236326153240753e+01
3.715495725616469258e+01
3.715755721868209349e+01
3.716016312106149400e+01
3.716277493445367242e+01
3.716539262917335407e+01
3.716801617467175589e+01
3.717064553949359151e+01
3.717328069123981038e+01
3.717592159655281137e+01
3.717856822111820492e+01
3.718122052966647573e+01
3.718387848597379275e+01
3.718654205288023462e+01
3.718921119232755501e+01
3.719188586538621166e+01
3.719456603224630697e+01
3.719725165218032004e+01
3.719994268350485100e+01
3.720263908355691029e+01
3.720534080868683446e+01
3.720804781427843011e+01
3.721076005480028215e+01
3.721347748386484966e+01
3.721620005427491407e+01
3.721892771805827493e+01
3.722166042649178763e+01
3.722439813010583975e+01
3.722714077865968818e+01
3.722988832108843837e+01
3.723264070544132665e+01
3.723539787883650831e+01
3.723815978743922983e+01
3.724092637645562576e+01
3.724369759014297188e+01
3.724647337183463947e+01
3.724925366396009707e+01
3.725203840805131250e+01
3.725482754474621316e+01
3.725762101378337121e+01
3.726041875395674197e+01
3.726322070302462208e+01
3.726602679762541470e+01
3.726883697325863665e+01
3.727165116433021552e+01
3.727446930422606641e+01
3.727729132539924706e+01
3.728011715946104943e+01
3.728294673724479225e+01
3.728577998882184374e+01
3.728861684347579342e+01
3.729145722965129295e+01
3.729430107490481561e+01
3.729714830587977303e+01
3.729999884829818058e+01
3.730285262694648907e+01
3.730570956564387330e+01
3.730856958719977001e+01
3.731143261338704065e+01
3.731429856494823127e+01
3.731716736161349957e+01
3.732003892210006057e+01
3.732291316409503423e+01
3.732579000423832127e+01
3.732866935810934450e+01
3.733155114021478482e+01
3.733443526397823575e+01
3.733732164173670753e+01
3.734021018474682307e+01
3.734310080320370417e+01
3.734599340628032849e+01
3.734888790218727905e+01
3.735178419825203378e+01
3.735468220103619785e+01
3.735758181649466536e+01
3.736048295014445841e+01
3.736338550721804097e+01
3.736628939279518136e+01
3.736919451189578467e+01
3.737210076951049587e+01
3.737500807058444963e+01
3.737791632000886466e+01
3.738082542267005692e+01
3.738373528356670761e+01
3.738664580794459624e+01
3.738955690137585464e+01
3.739246846977000160e+01
3.739538041936942392e+01
3.739829265677697379e+01
3.740120508901864582e+01
3.740411762362377601e+01
3.740703016870819653e+01
3.740994263304077094e+01
3.741285492607882190e+01
3.741576695798794816e+01
3.741867863967348740e+01
3.742158988282084664e+01
3.742450059991136158e+01
3.742741070418564675e+01
3.743032010957183076e+01
3.743322873063720380e+01
3.743613648260608073e+01
3.743904328143806026e+01
3.744194904391797962e+01
3.744485368770594391e+01
3.744775713133279993e+01
3.745065929414590045e+01
3.745356009622376803e+01
3.745645945832770707e+01
3.745935730195089519e+01
3.746225354942195196e+01
3.746514812398518757e+01
3.746804094984769762e+01
3.747093195221189177e+01
3.747382105728654977e+01
3.747670819227162298e+01
3.747959328534007994e+01
3.748247626564023705e+01
3.748535706331168882e+01
3.748823560949548295e+01
3.749111183633345945e+01
3.749398567697063100e+01
3.749685706557308151e+01
3.749972593734296566e+01
3.750259222849458496e+01
3.750545587619045307e+01
3.750831681846865706e+01
3.751117499418094781e+01
3.751403034295317696e+01
3.751688280517502960e+01
3.751973232199748054e+01
3.752257883531962790e+01
3.752542228778616362e+01
3.752826262282095371e+01
3.753109978468591379e+01
3.753393371853501037e+01
3.753676437044883585e+01
3.753959168745451791e+01
3.754241561753495660e+01
3.754523610962733926e+01
3.754805311361776887e+01
3.755086658033977187e+01
3.755367646157188943e+01
3.755648271001863492e+01
3.755928527927012794e+01
3.756208412375676886e+01
3.756487919871469217e+01
3.756767046015117728e+01
3.757045786479163496e+01
3.757324137002747477e+01
3.757602093389233033e+01
3.757879651503721874e+01
3.758156807268823485e+01
3.758433556664226671e+01
3.758709895730350325e+01
3.758985820569770198e+01
3.759261327349025805e+01
3.759536412304812814e+01
3.759811071746772626e+01
3.760085302052091549e+01
3.760359099658937510e+01
3.760632461064766829e+01
3.760905382829013632e+01
3.761177861577727555e+01
3.761449894006172912e+01
3.761721476874114245e+01
3.761992606993508304e+01
3.762263281216392841e+01
3.762533496430761915e+01
3.762803249562482222e+01
3.763072537575649079e+01
3.763341357468760151e+01
3.763609706269812705e+01
3.763877581033448649e+01
3.764144978839760824e+01
3.764411896792214662e+01
3.764678332014508300e+01
3.764944281648691771e+01
3.765209742853974006e+01
3.765474712801047730e+01
3.765739188659307501e+01
3.766003167582501021e+01
3.766266646700726284e+01
3.766529623120306525e+01
3.766792093926301987e+01
3.767054056180060684e+01
3.767315506908086320e+01
3.767576443087120452e+01
3.767836861632824963e+01
3.768096759393042561e+01
3.768356133142422948e+01
3.768614979576466339e+01
3.768873295304785387e+01
3.769131076843981987e+01
3.769388320609841969e+01
3.769645022908166254e+01
3.769901179924823964e+01
3.770156787716777558e+01
3.770411842205744790e+01
3.770666339175264881e+01
3.770920274269914074e+01
3.771173642993934294e+01
3.771426440708692240e+01
3.771678662630337442e+01
3.771930303826781028e+01
3.772181359211941043e+01
3.772431823538144613e+01
3.772681691389206549e+01
3.772930957175854161e+01
3.773179615135141063e+01
3.773427659334443263e+01
3.773675083677012765e+01
3.773921881904708897e+01
3.774168047595274800e+01
3.774413574154157658e+01
3.774658454805069852e+01
3.774902682584732361e+01
3.775146250344734256e+01
3.775389150764206647e+01
3.775631376373988957e+01
3.775872919582355536e+01
3.776113772691299175e+01
3.776353927902482610e+01
3.776593377320078559e+01
3.776832112959942833e+01
3.777070126767163316e+01
3.777307410633319051e+01
3.777543956407506442e+01
3.777779755905322645e+01
3.778014800919989113e+01
3.778249083233577466e+01
3.778482594625311464e+01
3.778715326875195046e+01
3.778947271761215632e+01
3.779178421052647963e+01
3.779408766507744843e+01
3.779638299881073493e+01
3.779867012936011150e+01
3.780094897454229397e+01
3.780321945239622750e+01
3.780548148119121521e+01
3.780773497942436734e+01
3.780997986581900250e+01
3.781221605934161545e+01
3.781444347924317384e+01
3.781666204510337082e+01
3.781887167685246709e+01
3.782107229475909804e+01
3.782326381939269311e+01
3.782544617159670963e+01
3.782761927250174239e+01
3.782978304356694821e+01
3.783193740662242988e+01
3.783408228390290162e+01
3.783621759807451213e+01
3.783834327226754368e+01
3.784045923015394663e+01
3.784256539608719550e+01
3.784466169524706913e+01
3.784674805373283135e+01
3.784882439861837611e+01
3.785089065798891284e+01
3.785294676095234934e+01
3.785499263763900046e+01
3.785702821920812511e+01
3.785905343785056942e+01
3.786106822678171824e+01
3.786307252022858449e+01
3.786506625339256971e+01
3.786704936238497510e+01
3.786902178418980469e+01
3.787098345670062116e+01
3.787293431879734129e+01
3.787487431039673424e+01
3.787680337245622297e+01
3.787872144694065923e+01
3.788062847675406175e+01
3.788252440565672430e+01
3.788440917822526188e+01
3.788628273988857842e+01
3.788814503700679381e+01
3.788999601694330011e+01
3.789183562810766404e+01
3.789366381997221112e+01
3.789548054308670544e+01
3.789728574910760983e+01
3.789907939081673760e+01
3.790086142209502640e+01
3.790263179785545589e+01
3.790439047396332484e+01
3.790613740717795110e+01
3.790787255515481746e+01
3.790959587650615958e+01
3.791130733085574889e+01
3.791300687883717302e+01
3.791469448206093773e+01
3.791637010311381317e+01
3.791803370560292308e+01
3.791968525419311220e+01
3.792132471459262888e+01
3.792295205348432319e+01
3.792456723844129840e+01
3.792617023788827169e+01
3.792776102112539860e+01
3.792933955836764426e+01
3.793090582076181505e+01
3.793245978039184507e+01
3.793400141029199091e+01
3.793553068445410048e+01
3.793704757779601522e+01
3.793855206609977415e+01
3.794004412598099663e+01
3.794152373491573371e+01
3.794299087127713932e+01
3.794444551433412727e+01
3.794588764422179850e+01
3.794731724191872502e+01
3.794873428923399672e+01
3.795013876877576564e+01
3.795153066387792506e+01
3.795290995849466498e+01
3.795427663711551247e+01
3.795563068475634338e+01
3.795697208702936365e+01
3.795830083023837886e+01
3.795961690144977041e+01
3.796092028854402400e+01
3.796221098026916962e+01
3.796348896628651914e+01
3.796475423718711539e+01
3.796600678447125432e+01
3.796724660050562505e+01
3.796847367849698429e+01
3.796968801249993675e+01
3.797088959741702041e+01
3.797207842895002727e+01
3.797325450353968535e+01
3.797441781836869978e+01
3.797556837142807495e+01
3.797670616156889167e+01
3.797783118848981587e+01
3.797894345268170468e+01
3.798004295538304831e+01
3.798112969857137955e+01
3.798220368495766053e+01
3.798326491794761495e+01
3.798431340158546021e+01
3.798534914051037958e+01
3.798637213992273587e+01
3.798738240553476686e+01
3.798837994350172664e+01
3.798936476037843590e+01
3.799033686314990632e+01
3.799129625932327770e+01
3.799224295702762078e+01
3.799317696507579711e+01
3.799409829294830843e+01
3.799500695070129552e+01
3.799590294889203079e+01
3.799678629860282086e+01
3.799765701152242769e+01
3.799851510000407018e+01
3.799936057707483883e+01
3.800019345642555635e+01
3.800101375242407897e+01
3.800182148015589689e+01
3.800261665546472045e+01
3.800339929497363300e+01
3.800416941606243171e+01
3.800492703677775808e+01
3.800567217570721112e+01
3.800640485188367990e+01
3.800712508474812523e+01
3.800783289416208532e+01
3.800852830044262021e+01
3.800921132438065797e+01
3.800988198723993605e+01
3.801054031075882023e+01
3.801118631715418417e+01
3.801182002914175939e+01
3.801244147000724638e+01
3.801305066370369445e+01
3.801364763491289267e+01
3.801423240905513978e+01
3.801480501226586028e+01
3.801536547133533617e+01
3.801591381360160682e+01
3.801645006683075678e+01
3.801697425913812367e+01
3.801748641896118386e+01
3.801798657506844137e+01
3.801847475661320885e+01
3.801895099323804317e+01
3.801941531518986039e+01
3.801986775340104430e+01
3.802030833953354971e+01
3.802073710600153333e+01
3.802115408597946811e+01
3.802155931339658679e+01
3.802195282291578593e+01
3.802233464990278833e+01
3.802270483040702942e+01
3.802306340116007277e+01
3.802341039955654622e+01
3.802374586357467479e+01
3.802406983164615895e+01
3.802438234255438942e+01
3.802468343542903995e+01
3.802497314981572885e+01
3.802525152574857970e+01
3.802551860377417370e+01
3.802577442492379589e+01
3.802601903067018441e+01
3.802625246289692029e+01
3.802647476388246162e+01
3.802668597628906610e+01
3.802688614313714055e+01
3.802707530776590517e+01
3.802725351382336783e+01
3.802742080530011037e+01
3.802757722656507156e+01
3.802772282237501855e+01
3.802785763784506656e+01
3.802798171837736163e+01
3.802809510961118633e+01
3.802819785746072512e+01
3.802829000820066341e+01
3.802837160851372289e+01
3.802844270546323457e+01
3.802850334639271779e+01
3.802855357878545561e+01
3.802859345016315018e+01
3.802862300809453444e+01
3.802864230029375392e+01
3.802865137472549861e+01
3.802865027967998657e+01
3.802863906383139181e+01
3.802861777627097695e+01
3.802858646648176943e+01
3.802854518424606312e+01
3.802849397951590049e+01
3.802843290229723294e+01
3.802836200257693378e+01
3.802828133026445556e+01
3.802819093509063464e+01
3.802809086644900560e+01
3.802798117324500282e+01
3.802786190382789755e+01
3.802773310599488354e+01
3.802759482700390947e+01
3.802744711355343554e+01
3.802729001171640988e+01
3.802712356684309469e+01
3.802694782346971891e+01
3.802676282526519458e+01
3.802656861501578334e+01
3.802636523461565332e+01
3.802615272503501842e+01
3.802593112626788496e+01
3.802570047727586200e+01
3.802546081593687433e+01
3.802521217899976591e+01
3.802495460204958277e+01
3.802468811948946126e+01
3.802441276452837116e+01
3.802412856915423589e+01
3.802383556408858567e+01
3.802353377873637896e+01
3.802322324114744134e+01
3.802290397799556132e+01
3.802257601455555402e+01
3.802223937465213766e+01
3.802189408058838893e+01
3.802154015308583013e+01
3.802117761124897299e+01
3.802080647254633305e+01
3.802042675280520001e+01
3.802003846622681493e+01
3.801964162542883230e+01
3.801923624150536085e+01
3.801882232407626816e+01
3.801839988131217751e+01
3.801796891995169148e+01
3.801752944532441347e+01
3.801708146137407596e+01
3.801662497067769664e+01
3.801615997446671713e+01
3.801568647265308698e+01
3.801520446385821828e+01
3.801471394544682170e+01
3.801421491356374815e+01
3.801370736315514876e+01
3.801319128795467606e+01
3.801266668043654562e+01
3.801213353175399590e+01
3.801159183167678179e+01
3.801104156853257621e+01
3.801048272915719650e+01
3.800991529885354225e+01
3.800933926135741103e+01
3.800875459883544494e+01
3.800816129196105919e+01
3.800755932005950655e+01
3.800694866126076477e+01
3.800632929264268967e+01
3.800570119037517713e+01
3.800506432983408445e+01
3.800441868568409376e+01
3.800376423202089171e+01
3.800310094261283211e+01
3.800242879113568506e+01
3.800174775128672167e+01
3.800105779677987528e+01
3.800035890131564287e+01
3.799965103860262872e+01
3.799893418241413912e+01
3.799820830662825699e+01
3.799747338523191331e+01
3.799672939229080271e+01
3.799597630190378794e+01
3.799521408816315216e+01
3.799444272509535381e+01
3.799366218653659644e+01
3.799287244596742141e+01
3.799207347638341759e+01
3.799126525027210022e+01
3.799044773973200506e+01
3.798962091666196272e+01
3.798878475290264589e+01
3.798793922033232207e+01
3.798708429095683670e+01
3.798621993694987964e+01
3.798534613064263255e+01
3.798446284456210975e+01
3.798357005155040156e+01
3.798266772487711762e+01
3.798175583828069080e+01
3.798083436595907614e+01
3.797990328256143044e+01
3.797896256321000408e+01
3.797801218351717978e+01
3.797705211953336857e+01
3.797608234762671486e+01
3.797510284436675221e+01
3.797411358647619295e+01
3.797311455086563114e+01
3.797210571472658103e+01
3.797108705562952480e+01
3.797005855156541543e+01
3.796902018091898867e+01
3.796797192243239749e+01
3.796691375520974532e+01
3.796584565874502459e+01
3.796476761294715629e+01
3.796367959818446991e+01
3.796258159536730403e+01
3.796147358602465260e+01
3.796035555232439407e+01
3.795922747706628542e+01
3.795808934371871857e+01
3.795694113650040435e+01
3.795578284043958206e+01
3.795461444137485074e+01
3.795343592592095661e+01
3.795224728143841730e+01
3.795104849602662966e+01
3.794983955852667634e+01
3.794862045850860710e+01
3.794739118623139973e+01
3.794615173254747731e+01
3.794490208871467729e+01
3.794364224617216763e+01
3.794237219642651127e+01
3.794109193111788869e+01
3.793980144217501049e+01
3.793850072191649758e+01
3.793718976303338764e+01
3.793586855846455563e+01
3.793453710123506539e+01
3.793319538436572458e+01
3.793184340091799811e+01
3.793048114414808225e+01
3.792910860767361925e+01
3.792772578555473473e+01
3.792633267227275695e+01
3.792492926266037045e+01
3.792351555184524869e+01
3.792209153527082321e+01
3.792065720880169977e+01
3.791921256882621805e+01
3.791775761227234653e+01
3.791629233651931230e+01
3.791481673926642060e+01
3.791333081847009367e+01
3.791183457236077459e+01
3.791032799946178500e+01
3.790881109862674947e+01
3.790728386914811665e+01
3.790574631085495838e+01
3.790419842409786355e+01
3.790264020966069580e+01
3.790107166869289301e+01
3.789949280268948684e+01
3.789790361349648151e+01
3.789630410332109989e+01
3.789469427476151964e+01
3.789307413087660592e+01
3.789144367524294665e+01
3.788980291190675587e+01
3.788815184523343049e+01
3.788649047974748640e+01
3.788481882003574697e+01
3.788313687076355762e+01
3.788144463679819296e+01
3.787974212334786728e+01
3.787802933606662492e+01
3.787630628114079201e+01
3.787457296533741413e+01
3.787282939595139908e+01
3.787107558061735091e+01
3.786931152710963033e+01
3.786753724332463378e+01
3.786575273740434966e+01
3.786395801778292736e+01
3.786215309307649335e+01
3.786033797190184202e+01
3.785851266272336346e+01
3.785667717378284181e+01
3.785483151312858752e+01
3.785297568871572338e+01
3.785110970851424383e+01
3.784923358058986054e+01
3.784734731318189915e+01
3.784545091482017654e+01
3.784354439449261065e+01
3.784162776180983911e+01
3.783970102706372529e+01
3.783776420115339079e+01
3.783581729551029582e+01
3.783386032215384631e+01
3.783189329382400246e+01
3.782991622405445753e+01
3.782792912717081890e+01
3.782593201827618401e+01
3.782392491321232342e+01
3.782190782845565025e+01
3.781988078099177386e+01
3.781784378823486037e+01
3.781579686798988860e+01
3.781374003843924925e+01
3.781167331817324140e+01
3.780959672627799506e+01
3.780751028244392131e+01
3.780541400702834665e+01
3.780330792101785420e+01
3.780119204587277437e+01
3.779906640329572554e+01
3.779693101501668906e+01
3.779478590266093363e+01
3.779263108768610380e+01
3.779046659135245534e+01
3.778829243473396815e+01
3.778610863880942361e+01
3.778391522464698227e+01
3.778171221360626930e+01
3.777949962742072643e+01
3.777727748811530262e+01
3.777504581789497706e+01
3.777280463918036446e+01
3.777055397479138321e+01
3.776829384813490265e+01
3.776602428330559036e+01
3.776374530510506844e+01
3.776145693901818134e+01
3.775915921119020169e+01
3.775685214840805060e+01
3.775453577803369143e+01
3.775221012786943930e+01
3.774987522599401757e+01
3.774753110057424976e+01
3.774517777964079812e+01
3.774281529090868759e+01
3.774044366174781828e+01
3.773806291929093248e+01
3.773567309058238806e+01
3.773327420271829169e+01
3.773086628300507783e+01
3.772844935914639564e+01
3.772602345939881729e+01
3.772358861267203167e+01
3.772114484862907346e+01
3.771869219776317550e+01
3.771623069132169803e+01
3.771376036106934748e+01
3.771128123905042173e+01
3.770879335746606387e+01
3.770629674868294501e+01
3.770379144535993987e+01
3.770127748058443018e+01
3.769875488788503048e+01
3.769622370118385390e+01
3.769368395484718803e+01
3.769113568382975643e+01
3.768857892379940466e+01
3.768601371121125965e+01
3.768344008336136142e+01
3.768085807842379609e+01
3.767826773546834573e+01
3.767566909446352952e+01
3.767306219626796349e+01
3.767044708261691710e+01
3.766782379611952791e+01
3.766519238028433136e+01
3.766255287956618503e+01
3.765990533940738061e+01
3.765724980625736151e+01
3.765458632757101043e+01
3.765191495180496872e+01
3.764923572844421784e+01
3.764654870804812248e+01
3.764385394226336956e+01
3.764115148378528630e+01
3.763844138629485769e+01
3.763572370441223569e+01
3.763299849371075112e+01
3.763026581079710553e+01
3.762752571340426755e+01
3.762477826045125084e+01
3.762202351207954365e+01
3.761926152968368342e+01
3.761649237592430950e+01
3.761371611471396648e+01
3.761093281117662457e+01
3.760814253157892040e+01
3.760534534326438916e+01
3.760254131464902372e+01
3.759973051527045129e+01
3.759691301581665357e+01
3.759408888810307303e+01
3.759125820504293358e+01
3.758842104066718548e+01
3.758557747018837603e+01
3.758272757005082809e+01
3.757987141794092167e+01
3.757700909277693313e+01
3.757414067469496644e+01
3.757126624502421919e+01
3.756838588625439712e+01
3.756549968203243139e+01
3.756260771719519198e+01
3.755971007779056947e+01
3.755680685106736405e+01
3.755389812544472505e+01
3.755098399044947399e+01
3.754806453662417454e+01
3.754513985543625409e+01
3.754221003918902966e+01
3.753927518092491766e+01
3.753633537436381573e+01
3.753339071392713322e+01
3.753044129482322688e+01
3.752748721312697455e+01
3.752452856581071217e+01
3.752156545070888427e+01
3.751859796643498157e+01
3.751562621232672967e+01
3.751265028848385441e+01
3.750967029585451940e+01
3.750668633625556225e+01
3.750369851227971196e+01
3.750070692716292342e+01
3.749771168471495741e+01
3.749471288936694435e+01
3.749171064632117378e+01
3.748870506167850891e+01
3.748569624240021625e+01
3.748268429614020647e+01
3.747966933108902055e+01
3.747665145588499769e+01
3.747363077956931221e+01
3.747060741155071639e+01
3.746758146155765701e+01
3.746455303956895477e+01
3.746152225573279537e+01
3.745848922030036476e+01
3.745545404358571773e+01
3.745241683594618820e+01
3.744937770778224007e+01
3.744633676954316570e+01
3.744329413170747500e+01
3.744024990472725278e+01
3.743720419893353579e+01
3.743415712439590237e+01
3.743110879078502506e+01
3.742805930730725095e+01
3.742500878270256948e+01
3.742195732525809149e+01
3.741890504281772678e+01
3.741585204279175514e+01
3.741279843218987367e+01
3.740974431768633224e+01
3.740668980568022306e+01
3.740363500233530658e+01
3.740058001364320006e+01
3.739752494551876083e+01
3.739446990386326775e+01
3.739141499455556072e+01
3.738836032340029902e+01
3.738530599607816640e+01
3.738225211811266036e+01
3.737919879484074670e+01
3.737614613137767350e+01
3.737309423257792673e+01
3.737004320298635207e+01
3.736699314676310024e+01
3.736394416757924830e+01
3.736089636850270068e+01
3.735784985188607976e+01
3.735480471924482515e+01
3.735176107112558697e+01
3.734871900699209135e+01
3.734567862515296355e+01
3.734264002273529570e+01
3.733960329568936487e+01
3.733656853880214754e+01
3.733353584570888728e+01
3.733050530890851348e+01
3.732747701978787802e+01
3.732445106864590656e+01
3.732142754470813628e+01
3.731840653612844960e+01
3.731538812996945609e+01
3.731237241215654876e+01
3.730935946742804532e+01
3.730634937931263551e+01
3.730334223014283168e+01
3.730033810109666348e+01
3.729733707225305039e+01
3.729433922264418300e+01
3.729134463030111135e+01
3.728835337228475311e+01
3.728536552467689802e+01
3.728238116252740042e+01
3.727940035978577527e+01
3.727642318923962250e+01
3.727344972246274324e+01
3.727048002976332697e+01
3.726751418011939165e+01
3.726455224110647180e+01
3.726159427883892761e+01
3.725864035794338491e+01
3.725569054157892168e+01
3.725274489150013579e+01
3.724980346812210996e+01
3.724686633055036822e+01
3.724393353658151540e+01
3.724100514269519380e+01
3.723808120404012811e+01
3.723516177441044306e+01
3.723224690621613320e+01
3.722933665045252383e+01
3.722643105667270191e+01
3.722353017296669009e+01
3.722063404594458547e+01
3.721774272073226086e+01
3.721485624104313672e+01
3.721197464940574662e+01
3.720909798750914632e+01
3.720622629652597624e+01
3.720335961735167984e+01
3.720049799078821451e+01
3.719764145766347951e+01
3.719479005886205414e+01
3.719194383532285997e+01
3.718910282809714118e+01
3.718626707848736856e+01
3.718343662820942797e+01
3.718061151951494736e+01
3.717779179524928423e+01
3.717497749886855729e+01
3.717216867446354911e+01
3.716936536680790226e+01
3.716656762139858472e+01
3.716377548445240819e+01
3.716098900285103213e+01
3.715820822405855495e+01
3.715543319605381356e+01
3.715266396728600284e+01
3.714990058664199069e+01
3.714714310345452475e+01
3.714439156759323168e+01
3.714164602961503192e+01
3.713890654085998477e+01
3.713617315339715219e+01
3.713344591987978305e+01
3.713072489342786753e+01
3.712801012755538466e+01
3.712530167610929510e+01
3.712259959321143299e+01
3.711990393319649684e+01
3.711721475054708463e+01
3.711453209985209867e+01
3.711185603579440340e+01
3.710918661313456113e+01
3.710652388668670909e+01
3.710386791132664541e+01
3.710121874202617676e+01
3.709857643385141301e+01
3.709594104189772423e+01
3.709331262118671901e+01
3.709069122655053974e+01
3.708807691251320904e+01
3.708546973317488948e+01
3.708286974210591325e+01
3.708027699225927165e+01
3.707769153590450628e+01
3.707511342457822678e+01
3.707254270905008298e+01
3.706997943929373918e+01
3.706742366443528880e+01
3.706487543268618623e+01
3.706233479131406483e+01
3.705980178667793723e+01
3.705727646429055255e+01
3.705475886886328851e+01
3.705224904432759558e+01
3.704974703384966261e+01
3.704725287985183257e+01
3.704476662404672282e+01
3.704228830747909740e+01
3.703981797055993752e+01
3.703735565308101485e+01
3.703490139421484884e+01
3.703245523250782867e+01
3.703001720586454582e+01
3.702758735152534086e+01
3.702516570604667834e+01
3.702275230529036065e+01
3.702034718442531869e+01
3.701795037794211396e+01
3.701556191966058407e+01
3.701318184269363343e+01
3.701081017935451456e+01
3.700844696105728815e+01
3.700609221827765083e+01
3.700374598058585462e+01
3.700140827671076238e+01
3.699907913458442721e+01
3.699675858134572337e+01
3.699444664333813648e+01
3.699214334615333399e+01
3.698984871471557767e+01
3.698756277335646558e+01
3.698528554584770944e+01
3.698301705538132467e+01
3.698075732448160835e+01
3.697850637485673531e+01
3.697626422724444240e+01
3.697403090130354997e+01
3.697180641555605973e+01
3.696959078736532689e+01
3.696738403294535402e+01
3.696518616739543006e+01
3.696299720475519024e+01
3.696081715808207946e+01
3.695864603953756955e+01
3.695648386045482425e+01
3.695433063137716800e+01
3.695218636207800955e+01
3.695005106157881869e+01
3.694792473817388867e+01
3.694580739945606496e+01
3.694369905233467932e+01
3.694159970304956886e+01
3.693950935718505946e+01
3.693742801967522382e+01
3.693535569479539049e+01
3.693329238614889221e+01
3.693123809665758017e+01
3.692919282855824292e+01
3.692715658340679852e+01
3.692512936209119090e+01
3.692311116485211642e+01
3.692110199131443693e+01
3.691910184052634492e+01
3.691711071099077657e+01
3.691512860067921764e+01
3.691315550703190240e+01
3.691119142695210087e+01
3.690923635680243819e+01
3.690729029239911796e+01
3.690535322897215309e+01
3.690342516105052084e+01
3.690150608230057827e+01
3.689959598545986097e+01
3.689769486248914632e+01
3.689580270488519886e+01
3.689391950400320752e+01
3.689204525131011536e+01
3.689017993856481326e+01
3.688832355795160822e+01
3.688647610219610584e+01
3.688463756465971244e+01
3.688280793940189284e+01
3.688098722124637163e+01
3.687917540589503318e+01
3.687737249006515583e+01
3.687557847158774393e+01
3.687379334945318021e+01
3.687201712383447472e+01
3.687024979609587660e+01
3.686849136877326316e+01
3.686674184554375699e+01
3.686500123123042982e+01
3.686326953184984490e+01
3.686154675465369479e+01
3.685983290813446445e+01
3.685812800201640727e+01
3.685643204726211053e+01
3.685474505611411900e+01
3.685306704214726636e+01
3.685139802026252909e+01
3.684973800662147170e+01
3.684808701860303159e+01
3.684644507479347197e+01
3.684481219494802673e+01
3.684318839994185169e+01
3.684157371175891171e+01
3.683996815347502718e+01
3.683837174918053847e+01
3.683678452387464830e+01
3.683520650339781355e+01
3.683363771443417534e+01
3.683207818455303340e+01
3.683052794221318038e+01
3.682898701670694663e+01
3.682745543809243571e+01
3.682593323713457067e+01
3.682442044523347136e+01
3.682291709434398541e+01
3.682142321691282660e+01
3.681993884583802412e+01
3.681846401442645345e+01
3.681699875632504160e+01
3.681554310543149455e+01
3.681409709580794498e+01
3.681266076161114142e+01
3.681123413704987257e+01
3.680981725637845159e+01
3.680841015390284099e+01
3.680701286394682370e+01
3.680562542075969645e+01
3.680424785840836677e+01
3.680288021069866744e+01
3.680152251112980366e+01
3.680017479286527049e+01
3.679883708871355452e+01
3.679750943113413797e+01
3.679619185228146705e+01
3.679488438406643525e+01
3.679358705820423125e+01
3.679229990623779400e+01
3.679102295953788371e+01
3.678975624927588939e+01
3.678849980637123451e+01
3.678725366143494568e+01
3.678601784473359260e+01
3.678479238618049862e+01
3.678357731534453734e+01
3.678237266146369677e+01
3.678117845346060477e+01
3.677999471996586323e+01
3.677882148935494655e+01
3.677765878979585779e+01
3.677650664929475965e+01
3.677536509572705370e+01
3.677423415684499020e+01
3.677311386026093487e+01
3.677200423341895430e+01
3.677090530356732501e+01
3.676981709773298235e+01
3.676873964269403672e+01
3.676767296494541171e+01
3.676661709066544148e+01
3.676557204570586634e+01
3.676453785559736076e+01
3.676351454553169162e+01
3.676250214032533847e+01
3.676150066441717712e+01
3.676051014191195776e+01
3.675953059662180067e+01
3.675856205206187610e+01
3.675760453139157846e+01
3.675665805732541713e+01
3.675572265205560285e+01
3.675479833721262679e+01
3.675388513385988176e+01
3.675298306250096658e+01
3.675209214309180794e+01
3.675121239508492721e+01
3.675034383752143441e+01
3.674948648912688753e+01
3.674864036836425640e+01
3.674780549344987435e+01
3.674698188235185370e+01
3.674616955277480201e+01
3.674536852213871896e+01
3.674457880756468597e+01
3.674380042587024064e+01
3.674303339357159359e+01
3.674227772689651772e+01
3.674153344181286229e+01
3.674080055405502065e+01
3.674007907911535398e+01
3.673936903219372141e+01
3.673867042812746320e+01
3.673798328132046009e+01
3.673730760568185616e+01
3.673664341458232485e+01
3.673599072083273143e+01
3.673534953669488345e+01
3.673471987392057514e+01
3.673410174379053927e+01
3.673349515713589852e+01
3.673290012435374052e+01
3.673231665544022917e+01
3.673174476005091549e+01
3.673118444756888579e+01
3.673063572715044955e+01
3.673009860773967006e+01
3.672957309806722037e+01
3.672905920665128576e+01
3.672855694180321962e+01
3.672806631163225433e+01
3.672758732404624737e+01
3.672711998674666489e+01
3.672666430721561426e+01
3.672622029270203825e+01
3.672578795021749443e+01
3.672536728654076654e+01
3.672495830822244045e+01
3.672456102158555780e+01
3.672417543271942009e+01
3.672380154746366543e+01
3.672343937139327608e+01
3.672308890981820184e+01
3.672275016778682044e+01
3.672242315007481039e+01
3.672210786116522030e+01
3.672180430523631856e+01
3.672151248616013675e+01
3.672123240750973849e+01
3.672096407257723882e+01
3.672070748439664101e+01
3.672046264576080432e+01
3.672022955922963661e+01
3.672000822713145141e+01
3.671979865156918521e+01
3.671960083445091527e+01
3.671941477753892258e+01
3.671924048248699535e+01
3.671907795085435566e+01
3.671892718411081091e+01
3.671878818365064490e+01
3.671866095081916370e+01
3.671854548694016529e+01
3.671844179333172775e+01
3.671834987130834804e+01
3.671826972217913010e+01
3.671820134725772533e+01
3.671814474788771321e+01
3.671809992546906898e+01
3.671806688146990894e+01
3.671804561742069950e+01
3.671803613489390017e+01
3.671803843546695134e+01
3.671805252066967995e+01
3.671807839193367329e+01
3.671811605056105776e+01
3.671816549770400684e+01
3.671822673433740647e+01
3.671829976123152051e+01
3.671838457893922936e+01
3.671848118779003300e+01
3.671858958787633043e+01
3.671870977903571287e+01
3.671884176084592610e+01
3.671898553263928733e+01
3.671914109352197642e+01
3.671930844237185454e+01
3.671948757780316441e+01
3.671967849812045159e+01
3.671988120128815325e+01
3.672009568490587839e+01
3.672032194617113987e+01
3.672055998183609660e+01
3.672080978816438801e+01
3.672107136087131352e+01
3.672134469504164400e+01
3.672162978505222242e+01
3.672192662452484058e+01
3.672223520630818427e+01
3.672255552248426369e+01
3.672288756440782009e+01
3.672323132278182101e+01
3.672358678773390039e+01
3.672395394884602382e+01
3.672433279513738569e+01
3.672472331503943366e+01
3.672512549639340307e+01
3.672553932647495856e+01
3.672596479203356523e+01
3.672640187933372857e+01
3.672685057418838284e+01
3.672731086197577355e+01
3.672778272764262653e+01
3.672826615570444631e+01
3.672876113024864964e+01
3.672926763493576630e+01
3.672978565298309661e+01
3.673031516712786271e+01
3.673085615960007999e+01
3.673140861213443031e+01
3.673197250600351538e+01
3.673254782202670299e+01
3.673313454053324989e+01
3.673373264129706683e+01
3.673434210347251394e+01
3.673496290554476928e+01
3.673559502529575127e+01
3.673623843979242309e+01
3.673689312540435026e+01
3.673755905783673370e+01
3.673823621215672830e+01
3.673892456280892560e+01
3.673962408363185261e+01
3.674033474787927389e+01
3.674105652823666901e+01
3.674178939682985146e+01
3.674253332523747417e+01
3.674328828451231033e+01
3.674405424520831787e+01
3.674483117742234128e+01
3.674561905084943447e+01
3.674641783482348245e+01
3.674722749833061641e+01
3.674804801001577204e+01
3.674887933819701402e+01
3.674972145088468523e+01
3.675057431580836464e+01
3.675143790046332981e+01
3.675231217218709645e+01
3.675319709826818837e+01
3.675409264605872295e+01
3.675499878305778623e+01
3.675591547698994077e+01
3.675684269592649400e+01
3.675778040843606220e+01
3.675872858369613994e+01
3.675968719152276520e+01
3.676065620235154086e+01
3.676163558723807512e+01
3.676262531789933519e+01
3.676362536675888038e+01
3.676463570695992189e+01
3.676565631234723242e+01
3.676668715743436877e+01
3.676772821737480967e+01
3.676877946796816587e+01
3.676984088570625175e+01
3.677091244781530577e+01
3.677199413227382507e+01
3.677308591782939118e+01
3.677418778402230259e+01
3.677529971121507657e+01
3.677642168064815564e+01
3.677755367452101609e+01
3.677869567605370094e+01
3.677984766948996764e+01
3.678100964003800044e+01
3.678218157377025221e+01
3.678336345753005787e+01
3.678455527890350396e+01
3.678575702626044119e+01
3.678696868879843862e+01
3.678819025654476604e+01
3.678942172035454661e+01
3.679066307195655128e+01
3.679191430401852614e+01
3.679317541015787185e+01
3.679444638488325126e+01
3.679572722352244796e+01
3.679701792217366574e+01
3.679831847764503294e+01
3.679962888733574289e+01
3.680094914906256065e+01
3.680227926085323986e+01
3.680361922072138725e+01
3.680496902645786150e+01
3.680632867548161613e+01
3.680769816476745859e+01
3.680907749086145486e+01
3.681046664999083617e+01
3.681186563822058133e+01
3.681327445157211287e+01
3.681469308606779833e+01
3.681612153773076557e+01
3.681755980258363081e+01
3.681900787666088348e+01
3.682046575601737715e+01
3.682193343671729480e+01
3.682341091480558504e+01
3.682489818626572031e+01
3.682639524696577382e+01
3.682790209260254244e+01
3.682941871865632777e+01
3.683094512035547297e+01
3.683248129263893134e+01
3.683402723011982260e+01
3.683558292707326132e+01
3.683714837746416748e+01
3.683872357500032990e+01
3.684030851318456712e+01
3.684190318535996767e+01
3.684350758475613219e+01
3.684512170453832169e+01
3.684674553785951190e+01
3.684837907791046518e+01
3.685002231795811412e+01
3.685167525137420341e+01
3.685333787166191399e+01
3.685501017248061828e+01
3.685669214766077317e+01
3.685838379118283115e+01
3.686008509709278513e+01
3.686179605938262682e+01
3.686351667190103853e+01
3.686524692831464733e+01
3.686698682209464550e+01
3.686873634651115594e+01
3.687049549463347375e+01
3.687226425933315710e+01
3.687404263328421905e+01
3.687583060895743614e+01
3.687762817860979681e+01
3.687943533427100817e+01
3.688125206772994602e+01
3.688307837052115445e+01
3.688491423390348700e+01
3.688675964882414604e+01
3.688861460587299490e+01
3.689047909523967661e+01
3.689235310669616297e+01
3.689423662963278616e+01
3.689612965313619952e+01
3.689803216605167080e+01
3.689994415699282371e+01
3.690186561430064671e+01
3.690379652596945448e+01
3.690573687957176929e+01
3.690768666220662908e+01
3.690964586046439422e+01
3.691161446039937744e+01
3.691359244751996016e+01
3.691557980679429818e+01
3.691757652265501832e+01
3.691958257901659124e+01
3.692159795933651623e+01
3.692362264669985450e+01
3.692565662386282810e+01
3.692769987322827063e+01
3.692975237678690092e+01
3.693181411606934716e+01
3.693388507212443983e+01
3.693596522551889194e+01
3.693805455634678481e+01
3.694015304423116675e+01
3.694226066831008382e+01
3.694437740721674146e+01
3.694650323906065381e+01
3.694863814140190783e+01
3.695078209121478352e+01
3.695293506485320023e+01
3.695509703802890300e+01
3.695726798580029993e+01
3.695944788257687463e+01
3.696163670216455444e+01
3.696383441786550605e+01
3.696604100258873160e+01
3.696825642890409824e+01
3.697048066902332408e+01
3.697271369474101732e+01
3.697495547737955235e+01
3.697720598776902534e+01
3.697946519626034956e+01
3.698173307274414157e+01
3.698400958665791904e+01
3.698629470698547550e+01
3.698858840225820188e+01
3.699089064056322229e+01
3.699320138955833670e+01
3.699552061648886792e+01
3.699784828819868920e+01
3.700018437113244829e+01
3.700252883133290283e+01
3.700488163443827005e+01
3.700724274568246841e+01
3.700961212990019789e+01
3.701198975154179038e+01
3.701437557470165984e+01
3.701676956315063194e+01
3.701917168035266315e+01
3.702158188945822559e+01
3.702400015328591820e+01
3.702642643430316127e+01
3.702886069459998453e+01
3.703130289585018886e+01
3.703375299926860720e+01
3.703621096557805714e+01
3.703867675500064394e+01
3.704115032729000490e+01
3.704363164179951440e+01
3.704612065755149786e+01
3.704861733327819451e+01
3.705112162743440507e+01
3.705363349819946706e+01
3.705615290348795554e+01
3.705867980097499270e+01
3.706121414811959625e+01
3.706375590216656235e+01
3.706630502012892237e+01
3.706886145876642047e+01
3.707142517456984621e+01
3.707399612375026265e+01
3.707657426222426267e+01
3.707915954558953331e+01
3.708175192909645546e+01
3.708435136762753359e+01
3.708695781570209249e+01
3.708957122752293856e+01
3.709219155705115156e+01
3.709481875808191376e+01
3.709745278432905025e+01
3.710009358953588077e+01
3.710274112758801834e+01
3.710539535258717336e+01
3.710805621888795969e+01
3.711072368113851638e+01
3.711339769434167124e+01
3.711607821391116602e+01
3.711876519569672439e+01
3.712145859597497122e+01
3.712415837143163344e+01
3.712686447916416199e+01
3.712957687669700135e+01
3.713229552198222194e+01
3.713502037338655981e+01
3.713775138968811262e+01
3.714048853008382167e+01
3.714323175418909528e+01
3.714598102203744645e+01
3.714873629410737266e+01
3.715149753137944089e+01
3.715426469539144705e+01
3.715703774825938410e+01
3.715981665267805312e+01
3.716260137193327040e+01
3.716539186991798971e+01
3.716818811112214860e+01
3.717099006058835897e+01
3.717379768385979588e+01
3.717661094695445456e+01
3.717942981635974320e+01
3.718225425901061953e+01
3.718508424224810938e+01
3.718791973379941140e+01
3.719076070179288962e+01
3.719360711476537062e+01
3.719645894163046052e+01
3.719931615162147409e+01
3.720217871420810951e+01
3.720504659898288935e+01
3.720791977559630936e+01
3.721079821381081132e+01
3.721368188360344931e+01
3.721657075522277580e+01
3.721946479919215278e+01
3.722236398628866993e+01
3.722526828752404526e+01
3.722817767412741574e+01
3.723109211750283976e+01
3.723401158914585807e+01
3.723693606052984961e+01
3.723986550299237308e+01
3.724279988764977389e+01
3.724573918532637151e+01
3.724868336645538847e+01
3.725163240094970263e+01
3.725458625808620639e+01
3.725754490643885930e+01
3.726050831387117057e+01
3.726347644757053956e+01
3.726644927409333263e+01
3.726942675941284477e+01
3.727240886896240823e+01
3.727539556763463935e+01
3.727838681971250878e+01
3.728138258877505962e+01
3.728438283764112526e+01
3.728738752835100456e+01
3.729039662214429285e+01
3.729341007941522435e+01
3.729642785965441476e+01
3.729944992139351712e+01
3.730247622216544556e+01
3.730550671848212829e+01
3.730854136582395597e+01
3.731158011863993096e+01
3.731462293037021283e+01
3.731766975349297866e+01
3.732072053956842694e+01
3.732377523925348584e+01
3.732683380229416059e+01
3.732989617752075162e+01
3.733296231286157507e+01
3.733603215537135611e+01
3.733910565125760428e+01
3.734218274589723308e+01
3.734526338385033029e+01
3.734834750886700050e+01
3.735143506387577617e+01
3.735452599096126391e+01
3.735762023134569887e+01
3.736071772537827229e+01
3.736381841253616898e+01
3.736692223143921865e+01
3.737002911986648712e+01
3.737313901475338440e+01
3.737625185215468804e+01
3.737936756718126219e+01
3.738248609392891808e+01
3.738560736541127483e+01
3.738873131351101620e+01
3.739185786896629082e+01
3.739498696140186951e+01
3.739811851941583853e+01
3.740125247071988213e+01
3.740438874230776634e+01
3.740752726062385136e+01
3.741066795171018811e+01
3.741381074131945894e+01
3.741695555499389059e+01
3.742010231811874377e+01
3.742325095596132911e+01
3.742640139370890751e+01
3.742955355652612326e+01
3.743270736963972922e+01
3.743586275843596667e+01
3.743901964855206188e+01
3.744217796594340086e+01
3.744533763691269712e+01
3.744849858810022170e+01
3.745166074643890397e+01
3.745482403909098679e+01
3.745798839339633446e+01
3.746115373685483263e+01
3.746431999714874905e+01
3.746748710218842859e+01
3.747065498015413709e+01
3.747382355952812816e+01
3.747699276913451882e+01
3.748016253819084653e+01
3.748333279633625637e+01
3.748650347362070079e+01
3.748967450050488992e+01
3.749284580791086086e+01
3.749601732730958048e+01
3.749918899081340840e+01
3.750236073123252112e+01
3.750553248207289414e+01
3.750870417751383457e+01
3.751187575240984273e+01
3.751504714230222959e+01
3.751821828341515896e+01
3.752138911264582077e+01
3.752455956756438837e+01
3.752772958643434720e+01
3.753089910826313513e+01
3.753406807286729929e+01
3.753723642090166379e+01
3.754040409381152443e+01
3.754357103373714466e+01
3.754673718344449895e+01
3.754990248631254701e+01
3.755306688635071311e+01
3.755623032820466278e+01
3.755939275712604086e+01
3.756255411893344842e+01
3.756571436000363917e+01
3.756887342727727486e+01
3.757203126824914818e+01
3.757518783094474912e+01
3.757834306389293744e+01
3.758149691610445586e+01
3.758464933706994771e+01
3.758780027677742908e+01
3.759094968575414697e+01
3.759409751516297860e+01
3.759724371692999512e+01
3.760038824379506650e+01
3.760353104924365653e+01
3.760667208741329404e+01
3.760981131306525782e+01
3.761294868161086669e+01
3.761608414911633957e+01
3.761921767222970203e+01
3.762234920806293559e+01
3.762547871412374434e+01
3.762860614834478667e+01
3.763173146916155787e+01
3.763485463555335997e+01
3.763797560702863620e+01
3.764109434361918005e+01
3.764421080591807822e+01
3.764732495510897081e+01
3.765043675293684799e+01
3.765354616166129631e+01
3.765665314406334119e+01
3.765975766350101850e+01
3.766285968396974937e+01
3.766595917015695250e+01
3.766905608748201217e+01
3.767215040210705013e+01
3.767524208093109195e+01
3.767833109158235061e+01
3.768141740239197190e+01
3.768450098232199963e+01
3.768758180085340115e+01
3.769065982787609670e+01
3.769373503359645383e+01
3.769680738843798906e+01
3.769987686293630702e+01
3.770294342764365325e+01
3.770600705302383915e+01
3.770906770931885177e+01
3.771212536639798429e+01
3.771517999360499118e+01
3.771823155962280083e+01
3.772128003237912708e+01
3.772432537899008764e+01
3.772736756571164563e+01
3.773040655788123843e+01
3.773344231985171859e+01
3.773647481491546785e+01
3.773950400521981408e+01
3.774252985168434549e+01
3.774555231392512411e+01
3.774857135018563525e+01
3.775158691727562399e+01
3.775459897051374725e+01
3.775760746367709686e+01
3.776061234898483576e+01
3.776361357713929578e+01
3.776661109740016542e+01
3.776960485765484776e+01
3.777259480449072981e+01
3.777558088327430141e+01
3.777856303820589545e+01
3.778154121233647089e+01
3.778451534756590036e+01
3.778748538463927531e+01
3.779045126315106984e+01
3.779341292157847221e+01
3.779637029736934295e+01
3.779932332707295473e+01
3.780227194645910060e+01
3.780521609058951071e+01
3.780815569386290065e+01
3.781109069006884482e+01
3.781402101244454173e+01
3.781694659370532463e+01
3.781986736604398658e+01
3.782278326112039224e+01
3.782569421007053023e+01
3.782860014356435130e+01
3.783150099191808380e+01
3.783439668523195110e+01
3.783728715351227123e+01
3.784017232674197118e+01
3.784305213488480746e+01
3.784592650785364043e+01
3.784879537550686734e+01
3.785165866771025378e+01
3.785451631443077503e+01
3.785736824581304205e+01
3.786021439220698426e+01
3.786305468412542297e+01
3.786588905218605561e+01
3.786871742713527311e+01
3.787153973994406186e+01
3.787435592188057853e+01
3.787716590449989695e+01
3.787996961956363151e+01
3.788276699895666866e+01
3.788555797467302710e+01
3.788834247889433726e+01
3.789112044412280511e+01
3.789389180330449136e+01
3.789665648990389002e+01
3.789941443791715869e+01
3.790216558181906237e+01
3.790490985647590350e+01
3.790764719709643771e+01
3.791037753926261900e+01
3.791310081901598750e+01
3.791581697294102327e+01
3.791852593819503880e+01
3.792122765249516192e+01
3.792392205413067074e+01
3.792660908202502412e+01
3.792928867579303187e+01
3.793196077574445013e+01
3.793462532285548150e+01
3.793728225875679527e+01
3.793993152573813177e+01
3.794257306674904839e+01
3.794520682540843382e+01
3.794783274601986278e+01
3.795045077355286622e+01
3.795306085358333803e+01
3.795566293225341070e+01
3.795825695631217656e+01
3.796084287320517348e+01
3.796342063112389553e+01
3.796599017899495720e+01
3.796855146646048240e+01
3.797110444388871997e+01
3.797364906239633342e+01
3.797618527384541665e+01
3.797871303083366001e+01
3.798123228671576612e+01
3.798374299563162282e+01
3.798624511249846591e+01
3.798873859297486888e+01
3.799122339342270038e+01
3.799369947086918131e+01
3.799616678296207795e+01
3.799862528792591831e+01
3.800107494454449863e+01
3.800351571218821789e+01
3.800594755086288501e+01
3.800837042123804110e+01
3.801078428464316517e+01
3.801318910303371723e+01
3.801558483891723483e+01
3.801797145524925270e+01
3.802034891534577810e+01
3.802271718284550417e+01
3.802507622171194868e+01
3.802742599626967035e+01
3.802976647127270837e+01
3.803209761196129790e+01
3.803441938406992051e+01
3.803673175381586447e+01
3.803903468789074083e+01
3.804132815341014862e+01
3.804361211781652941e+01
3.804588654882400789e+01
3.804815141444107951e+01
3.805040668300608786e+01
3.805265232319730018e+01
3.805488830403813694e+01
3.805711459490834159e+01
3.805933116554533058e+01
3.806153798601441451e+01
3.806373502664789044e+01
3.806592225798996765e+01
3.806809965076802627e+01
3.807026717585119258e+01
3.807242480419145636e+01
3.807457250681929395e+01
3.807671025490947869e+01
3.807883801983810912e+01
3.808095577316860414e+01
3.808306348656552842e+01
3.808516113169002892e+01
3.808724868017122134e+01
3.808932610370420946e+01
3.809139337420561588e+01
3.809345046391263878e+01
3.809549734538757804e+01
3.809753399146599406e+01
3.809956037522034222e+01
3.810157646999092407e+01
3.810358224944991434e+01
3.810557768762942743e+01
3.810756275889885814e+01
3.810953743793747606e+01
3.811150169975856272e+01
3.811345551976966561e+01
3.811539887376564906e+01
3.811733173779219186e+01
3.811925408796447812e+01
3.812116590035609676e+01
3.812306715093561138e+01
3.812495781549736762e+01
3.812683786965462929e+01
3.812870728894281314e+01
3.813056604894804025e+01
3.813241412538508968e+01
3.813425149411495596e+01
3.813607813109620537e+01
3.813789401230511800e+01
3.813969911370753607e+01
3.814149341128915438e+01
3.814327688106246228e+01
3.814504949902397613e+01
3.814681124111739763e+01
3.814856208324446385e+01
3.815030200131285909e+01
3.815203097127829324e+01
3.815374896915349723e+01
3.815545597100162212e+01
3.815715195294525586e+01
3.815883689119198863e+01
3.816051076206393589e+01
3.816217354203407552e+01
3.816382520774117637e+01
3.816546573592874836e+01
3.816709510332071176e+01
3.816871328650098150e+01
3.817032026184855908e+01
3.817191600556425612e+01
3.817350049378800492e+01
3.817507370273371237e+01
3.817663560875691786e+01
3.817818618834457567e+01
3.817972541807557718e+01
3.818125327458815121e+01
3.818276973454337764e+01
3.818427477455946928e+01
3.818576837113440092e+01
3.818725050058222337e+01
3.818872113896739506e+01
3.819018026204988558e+01
3.819162784529748222e+01
3.819306386398872633e+01
3.819448829336455731e+01
3.819590110874882782e+01
3.819730228559087237e+01
3.819869179943994197e+01
3.820006962588747967e+01
3.820143574053673774e+01
3.820279011904149513e+01
3.820413273718775571e+01
3.820546357096855417e+01
3.820678259663545617e+01
3.820808979073737532e+01
3.820938513015848059e+01
3.821066859214341349e+01
3.821194015429529145e+01
3.821319979457368277e+01
3.821444749131798346e+01
3.821568322326490375e+01
3.821690696953582744e+01
3.821811870963389879e+01
3.821931842349471964e+01
3.822050609156629974e+01
3.822168169486074163e+01
3.822284521494752596e+01
3.822399663388156910e+01
3.822513593410494082e+01
3.822626309840320147e+01
3.822737810992796170e+01
3.822848095220780351e+01
3.822957160910173258e+01
3.823065006474095640e+01
3.823171630353010642e+01
3.823277031022055894e+01
3.823381207000425519e+01
3.823484156856365956e+01
3.823585879205165128e+01
3.823686372703632941e+01
3.823785636045365521e+01
3.823883667956300769e+01
3.823980467190183674e+01
3.824076032525682223e+01
3.824170362764581910e+01
3.824263456730759714e+01
3.824355313271987455e+01
3.824445931263679199e+01
3.824535309612065248e+01
3.824623447257747699e+01
3.824710343179362582e+01
3.824795996393344666e+01
3.824880405950382567e+01
3.824963570931873136e+01
3.825045490444049534e+01
3.825126163608590701e+01
3.825205589554997943e+01
3.825283767418128633e+01
3.825360696340118238e+01
3.825436375474740203e+01
3.825510803988648689e+01
3.825583981052494664e+01
3.825655905825419012e+01
3.825726577447535703e+01
3.825795995046150466e+01
3.825864157745196081e+01
3.825931064667659598e+01
3.825996714930699483e+01
3.826061107638432190e+01
3.826124241878422794e+01
3.826186116725867947e+01
3.826246731251092825e+01
3.826306084520436457e+01
3.826364175589720418e+01
3.826421003499582696e+01
3.826476567278501761e+01
3.826530865951672666e+01
3.826583898550169494e+01
3.826635664115736546e+01
3.826686161700119015e+01
3.826735390358358302e+01
3.826783349135659762e+01
3.826830037053971978e+01
3.826875453107430758e+01
3.826919596268227508e+01
3.826962465497644672e+01
3.827004059755434895e+01
3.827044378002482006e+01
3.827083419200346270e+01
3.827121182316558645e+01
3.827157666334983332e+01
3.827192870263163371e+01
3.827226793134696692e+01
3.827259434008598049e+01
3.827290791965642569e+01
3.827320866103833197e+01
3.827349655536891504e+01
3.827377159394696093e+01
3.827403376817978398e+01
3.827428306941233416e+01
3.827451948871150478e+01
3.827474301676153345e+01
3.827495364392303401e+01
3.827515136037487053e+01
3.827533615625117136e+01
3.827550802173942657e+01
3.827566694713473794e+01
3.827581292286293291e+01
3.827594593948420254e+01
3.827606598765294876e+01
3.827617305799873293e+01
3.827626714097315386e+01
3.827634822679121385e+01
3.827641630552374608e+01
3.827647136725117605e+01
3.827651340218616838e+01
3.827654240077093561e+01
3.827655835376290838e+01
3.827656125227264283e+01
3.827655108775216775e+01
3.827652785198226582e+01
3.827649153708421181e+01
3.827644213554607688e+01
3.827637964025301187e+01
3.827630404452920487e+01
3.827621534219641575e+01
3.827611352762764341e+01
3.827599859577947683e+01
3.827587054220485641e+01
3.827572936304743934e+01
3.827557505502037571e+01
3.827540761537629521e+01
3.827522704188029934e+01
3.827503333280048281e+01
3.827482648690916989e+01
3.827460650346960591e+01
3.827437338219339580e+01
3.827412712317852339e+01
3.827386772686392646e+01
3.827359519401328924e+01
3.827330952568334510e+01
3.827301072316779340e+01
3.827269878798018254e+01
3.827237372189824072e+01
3.827203552702183487e+01
3.827168420580560593e+01
3.827131976105754063e+01
3.827094219590838975e+01
3.827055151378100817e+01
3.827014771839002094e+01
3.826973081374142538e+01
3.826930080406893353e+01
3.826885769372356805e+01
3.826840148711983147e+01
3.826793218878795244e+01
3.826744980345745262e+01
3.826695433607635266e+01
3.826644579176615224e+01
3.826592417579045247e+01
3.826538949358986486e+01
3.826484175085389694e+01
3.826428095356857284e+01
3.826370710802018493e+01
3.826312022078450070e+01
3.826252029873445792e+01
3.826190734906935376e+01
3.826128137933912399e+01
3.826064239741512552e+01
3.825999041136740431e+01
3.825932542928740077e+01
3.825864745915747989e+01
3.825795650882665200e+01
3.825725258608466817e+01
3.825653569879266769e+01
3.825580585501968045e+01
3.825506306314892413e+01
3.825430733192960986e+01
3.825353867045375722e+01
3.825275708803656016e+01
3.825196259400132703e+01
3.825115519744208115e+01
3.825033490707865980e+01
3.824950173126772768e+01
3.824865567813942135e+01
3.824779675577500626e+01
3.824692497235719912e+01
3.824604033625237776e+01
3.824514285600803731e+01
3.824423254032395647e+01
3.824330939806434060e+01
3.824237343827090996e+01
3.824142467011465385e+01
3.824046310282230365e+01
3.823948874567194167e+01
3.823850160809778487e+01
3.823750169982513825e+01
3.823648903091869045e+01
3.823546361173049490e+01
3.823442545282654237e+01
3.823337456494648734e+01
3.823231095898282916e+01
3.823123464594849708e+01
3.823014563694925982e+01
3.822904394320780597e+01
3.822792957613850717e+01
3.822680254741828776e+01
3.822566286901176369e+01
3.822451055314861890e+01
3.822334561226598737e+01
3.822216805894007052e+01
3.822097790584417254e+01
3.821977516574269629e+01
3.821855985151057666e+01
3.821733197619258249e+01
3.821609155310751760e+01
3.821483859595338828e+01
3.821357311885899577e+01
3.821229513636546216e+01
3.821100466338142354e+01
3.820970171515971003e+01
3.820838630728377439e+01
3.820705845563950476e+01
3.820571817635494938e+01
3.820436548568061141e+01
3.820300039982886631e+01
3.820162293482995608e+01
3.820023310645522230e+01
3.819883093027085863e+01
3.819741642183591068e+01
3.819598959693041706e+01
3.819455047169400075e+01
3.819309906269042187e+01
3.819163538696246007e+01
3.819015946204776668e+01
3.818867130589838865e+01
3.818717093677102525e+01
3.818565837320597467e+01
3.818413363406841654e+01
3.818259673853424374e+01
3.818104770599988029e+01
3.817948655598043217e+01
3.817791330803519401e+01
3.817632798174957287e+01
3.817473059677458735e+01
3.817312117284200212e+01
3.817149972971517258e+01
3.816986628714968077e+01
3.816822086492312849e+01
3.816656348291075318e+01
3.816489416117273237e+01
3.816321292006000476e+01
3.816151978032015535e+01
3.815981476313314147e+01
3.815809789006718944e+01
3.815636918304343794e+01
3.815462866437855638e+01
3.815287635687706569e+01
3.815111228390224341e+01
3.814933646938858658e+01
3.814754893781339007e+01
3.814574971417223992e+01
3.814393882399155444e+01
3.814211629337715692e+01
3.814028214905992797e+01
3.813843641841040721e+01
3.813657912944646000e+01
3.813471031084397822e+01
3.813282999190079181e+01
3.813093820243343401e+01
3.812903497267678432e+01
3.812712033326169347e+01
3.812519431526180824e+01
3.812325695026083849e+01
3.812130827041203673e+01
3.811934830845974886e+01
3.811737709769275284e+01
3.811539467186550922e+01
3.811340106517491222e+01
3.811139631231892366e+01
3.810938044856979445e+01
3.810735350979766167e+01
3.810531553245029812e+01
3.810326655352121605e+01
3.810120661052070545e+01
3.809913574144295012e+01
3.809705398469134963e+01
3.809496137893658840e+01
3.809285796295721127e+01
3.809074377554643576e+01
3.808861885552516924e+01
3.808648324184078149e+01
3.808433697369315496e+01
3.808218009062762377e+01
3.808001263258214664e+01
3.807783463993645512e+01
3.807564615359727611e+01
3.807344721509521435e+01
3.807123786666025467e+01
3.806901815126123978e+01
3.806678811259370576e+01
3.806454779500544561e+01
3.806229724339866038e+01
3.806003650318960041e+01
3.805776562035593003e+01
3.805548464151719656e+01
3.805319361399584466e+01
3.805089258586460943e+01
3.804858160598612926e+01
3.804626072401068626e+01
3.804392999031549749e+01
3.804158945593627550e+01
3.803923917253188591e+01
3.803687919233441050e+01
3.803450956805250627e+01
3.803213035278252363e+01
3.802974159997029346e+01
3.802734336342460608e+01
3.802493569736670054e+01
3.802251865645935425e+01
3.802009229577261351e+01
3.801765667073205179e+01
3.801521183711476937e+01
3.801275785107264937e+01
3.801029476911084970e+01
3.800782264801857480e+01
3.800534154483298011e+01
3.800285151688392915e+01
3.800035262186506912e+01
3.799784491786206786e+01
3.799532846334384573e+01
3.799280331713337233e+01
3.799026953834241738e+01
3.798772718628003275e+01
3.798517632035711955e+01
3.798261699999304142e+01
3.798004928453087103e+01
3.797747323316058754e+01
3.797488890484317636e+01
3.797229635823088501e+01
3.796969565158455850e+01
3.796708684270947742e+01
3.796446998892142943e+01
3.796184514703032420e+01
3.795921237334523113e+01
3.795657172372134625e+01
3.795392325366248087e+01
3.795126701847711104e+01
3.794860307343839168e+01
3.794593147387108445e+01
3.794325227514597287e+01
3.794056553262654319e+01
3.793787130160596632e+01
3.793516963722943558e+01
3.793246059439123741e+01
3.792974422761229647e+01
3.792702059089344857e+01
3.792428973756477006e+01
3.792155172021190879e+01
3.791880659073096638e+01
3.791605440046334508e+01
3.791329520031589340e+01
3.791052904080613217e+01
3.790775597203344915e+01
3.790497604361712547e+01
3.790218930464030933e+01
3.789939580362022298e+01
3.789659558852715548e+01
3.789378870689008494e+01
3.789097520602314972e+01
3.788815513334856178e+01
3.788532853670589162e+01
3.788249546453860717e+01
3.787965596595108764e+01
3.787681009070035998e+01
3.787395788917036299e+01
3.787109941234810151e+01
3.786823471181153167e+01
3.786536383971844799e+01
3.786248684879438997e+01
3.785960379235657314e+01
3.785671472438075114e+01
3.785381969954950421e+01
3.785091877323633014e+01
3.784801200143413524e+01
3.784509944063997011e+01
3.784218114771244501e+01
3.783925717975744618e+01
3.783632759408300217e+01
3.783339244819507030e+01
3.783045179979237815e+01
3.782750570675440827e+01
3.782455422710997084e+01
3.782159741895117122e+01
3.781863534028119744e+01
3.781566804882020705e+01
3.781269560182098388e+01
3.780971805594885637e+01
3.780673546724250400e+01
3.780374789114685541e+01
3.780075538261514367e+01
3.779775799627036292e+01
3.779475578657265800e+01
3.779174880790577618e+01
3.778873711453794471e+01
3.778572076049112383e+01
3.778269979940253620e+01
3.777967428444559062e+01
3.777664426831119471e+01
3.777360980321834205e+01
3.777057094093635214e+01
3.776752773281589981e+01
3.776448022983174013e+01
3.776142848263323515e+01
3.775837254159878853e+01
3.775531245690585536e+01
3.775224827862436427e+01
3.774918005683350231e+01
3.774610784177552603e+01
3.774303168404076558e+01
3.773995163471752790e+01
3.773686774543587319e+01
3.773378006830422038e+01
3.773068865578266440e+01
3.772759356051633262e+01
3.772449483512980350e+01
3.772139253199812003e+01
3.771828670302664932e+01
3.771517739946494885e+01
3.771206467177525923e+01
3.770894856957598051e+01
3.770582914167183475e+01
3.770270643617075024e+01
3.769958050066114907e+01
3.769645138239798143e+01
3.769331912846348587e+01
3.769018378590157425e+01
3.768704540182600482e+01
3.768390402348759238e+01
3.768075969829471461e+01
3.767761247382010481e+01
3.767446239783698303e+01
3.767130951836092834e+01
3.766815388363922068e+01
3.766499554209732281e+01
3.766183454230091598e+01
3.765867093295500467e+01
3.765550476291367943e+01
3.765233608116948716e+01
3.764916493682036247e+01
3.764599137902780512e+01
3.764281545695267539e+01
3.763963721964618259e+01
3.763645671592621511e+01
3.763327399428784048e+01
3.763008910284005282e+01
3.762690208924644963e+01
3.762371300069123237e+01
3.762052188388611285e+01
3.761732878508796318e+01
3.761413375009696836e+01
3.761093682423529572e+01
3.760773805231019651e+01
3.760453747856928430e+01
3.760133514668411436e+01
3.759813109980581913e+01
3.759492538069964951e+01
3.759171803190973549e+01
3.758850909589754252e+01
3.758529861514715265e+01
3.758208663224045409e+01
3.757887318987478409e+01
3.757565833081533668e+01
3.757244209781541855e+01
3.756922453353674030e+01
3.756600568048230571e+01
3.756278558096639131e+01
3.755956427716727575e+01
3.755634181126182369e+01
3.755311822558147128e+01
3.754989356276145429e+01
3.754666786588508387e+01
3.754344117858818208e+01
3.754021354509037423e+01
3.753698501017770894e+01
3.753375561919018821e+01
3.753052541804624553e+01
3.752729445329163127e+01
3.752406277213658825e+01
3.752083042247161160e+01
3.751759745287831294e+01
3.751436391262863168e+01
3.751112985164797209e+01
3.750789532045305208e+01
3.750466037009554299e+01
3.750142505210187238e+01
3.749818941837598629e+01
3.749495352108843349e+01
3.749171741259866764e+01
3.748848114538309062e+01
3.748524477192322024e+01
3.748200834457827568e+01
3.747877191549861919e+01
3.747553553661718695e+01
3.747229925971197417e+01
3.746906313647542675e+01
3.746582721852529119e+01
3.746259155737264734e+01
3.745935620442207892e+01
3.745612121104100112e+01
3.745288662866894214e+01
3.744965250892294506e+01
3.744641890367464043e+01
3.744318586509330515e+01
3.743995344566454264e+01
3.743672169821575579e+01
3.743349067599621094e+01
3.743026043281651738e+01
3.742703102318025543e+01
3.742380250236112005e+01
3.742057492644496364e+01
3.741734835234748857e+01
3.741412283779787629e+01
3.741089844131355591e+01
3.740767522220139796e+01
3.740445324056075549e+01
3.740123255723005968e+01
3.739801323367785812e+01
3.739479533189388150e+01
3.739157891429759673e+01
3.738836404365168420e+01
3.738515078300955707e+01
3.738193919572623969e+01
3.737872934549842086e+01
3.737552129639186660e+01
3.737231511285327201e+01
3.736911085968989710e+01
3.736590860197131292e+01
3.736270840486297828e+01
3.735951033348412409e+01
3.735631445286499286e+01
3.735312082799084266e+01
3.734992952387504062e+01
3.734674060561962250e+01
3.734355413844654237e+01
3.734037018770069949e+01
3.733718881884222895e+01
3.733401009744661536e+01
3.733083408921062585e+01
3.732766085994749261e+01
3.732449047557044963e+01
3.732132300208797204e+01
3.731815850561645220e+01
3.731499705237055764e+01
3.731183870859899088e+01
3.730868354049299285e+01
3.730553161411138063e+01
3.730238299532894075e+01
3.729923774979756956e+01
3.729609594292287511e+01
3.729295763985839329e+01
3.728982290550266754e+01
3.728669180449345077e+01
3.728356440121842041e+01
3.728044075985999939e+01
3.727732094446940181e+01
3.727420501904845196e+01
3.727109304761383157e+01
3.726798509423609573e+01
3.726488122306783168e+01
3.726178149836804465e+01
3.725868598449333291e+01
3.725559474581698538e+01
3.725250784660816095e+01
3.724942535097434870e+01
3.724634732290420658e+01
3.724327382633369155e+01
3.724020492517035308e+01
3.723714068329230287e+01
3.723408116455976113e+01
3.723102643284133251e+01
3.722797655203333278e+01
3.722493158606457797e+01
3.722189159889527588e+01
3.721885665451983272e+01
3.721582681697741890e+01
3.721280215036258454e+01
3.720978271882115962e+01
3.720676858653067143e+01
3.720375981768163598e+01
3.720075647647252737e+01
3.719775862712128145e+01
3.719476633389626130e+01
3.719177966115603340e+01
3.718879867336862333e+01
3.718582343509277877e+01
3.718285401092906994e+01
3.717989046545923770e+01
3.717693286318945667e+01
3.717398126850235229e+01
3.717103574561584622e+01
3.716809635854973237e+01
3.716516317110205847e+01
3.716223624683420468e+01
3.715931564905888251e+01
3.715640144081937990e+01
3.715349368485711068e+01
3.715059244358010204e+01
3.714769777904414383e+01
3.714480975294758736e+01
3.714192842663486260e+01
3.713905386111559892e+01
3.713618611712463746e+01
3.713332525522685756e+01
3.713047133593071436e+01
3.712762441978332362e+01
3.712478456744699429e+01
3.712195183975525481e+01
3.711912629774460726e+01
3.711630800267445096e+01
3.711349701605689688e+01
3.711069339970105574e+01
3.710789721575832090e+01
3.710510852676670623e+01
3.710232739571363680e+01
3.709955388612114291e+01
3.709678806211642410e+01
3.709402998844399946e+01
3.709127973042615167e+01
3.708853735393410744e+01
3.708580292541864765e+01
3.708307651199132238e+01
3.708035818152706753e+01
3.707764800276787298e+01
3.707494604540878669e+01
3.707225238015769975e+01
3.706956707877753132e+01
3.706689021411674645e+01
3.706422186012031972e+01
3.706156209181835948e+01
3.705891098530200622e+01
3.705626861769639646e+01
3.705363506713658239e+01
3.705101041274041762e+01
3.704839473453673548e+01
3.704578811330868149e+01
3.704319063039129389e+01
3.704060236749729995e+01
3.703802340658188541e+01
3.703545382971323363e+01
3.703289371893241366e+01
3.703034315610346994e+01
3.702780222276252431e+01
3.702527099998246740e+01
3.702274956826876462e+01
3.702023800748940374e+01
3.701773639683204919e+01
3.701524481479138728e+01
3.701276333919739869e+01
3.701029204726988553e+01
3.700783101566422317e+01
3.700538032049858828e+01
3.700294003737631243e+01
3.700051024140820743e+01
3.699809100723388866e+01
3.699568240904604011e+01
3.699328452061853056e+01
3.699089741532864650e+01
3.698852116616185270e+01
3.698615584570087123e+01
3.698380152611280636e+01
3.698145827914607509e+01
3.697912617613789621e+01
3.697680528802288080e+01
3.697449568533662045e+01
3.697219743822028448e+01
3.696991061642911802e+01
3.696763528933892928e+01
3.696537152594477504e+01
3.696311939484990461e+01
3.696087896424785413e+01
3.695865030190256562e+01
3.695643347513048127e+01
3.695422855078840740e+01
3.695203559526722614e+01
3.694985467448854877e+01
3.694768585390418281e+01
3.694552919849760286e+01
3.694338477278249400e+01
3.694125264079437443e+01
3.693913286607545388e+01
3.693702551165652892e+01
3.693493064004079685e+01
3.693284831318962347e+01
3.693077859250044526e+01
3.692872153875647001e+01
3.692667721204513498e+01
3.692464567169606937e+01
3.692262697629303148e+01
3.692062118374041546e+01
3.691862835132773313e+01
3.691664853577366756e+01
3.691468179325742938e+01
3.691272817943645634e+01
3.691078774945336249e+01
3.690886055794873499e+01
3.690694665908365124e+01
3.690504610655433737e+01
3.690315895358641285e+01
3.690128525291447659e+01
3.689942505675873008e+01
3.689757841680258110e+01
3.689574538416825789e+01
3.689392600938951006e+01
3.689212034238229876e+01
3.689032843241158588e+01
3.688855032805521716e+01
3.688678607717844926e+01
3.688503572693377208e+01
3.688329932377734366e+01
3.688157691347947775e+01
3.687986854112346435e+01
3.687817425109751923e+01
3.687649408707605403e+01
3.687482809198332490e+01
3.687317630794053258e+01
3.687153877621191356e+01
3.686991553717422221e+01
3.686830663031732769e+01
3.686671209426327778e+01
3.686513196679025128e+01
3.686356628485646780e+01
3.686201508462897181e+01
3.686047840152209432e+01
3.685895627023786147e+01
3.685744872479275358e+01
3.685595579851715087e+01
3.685447752402359356e+01
3.685301393316330376e+01
3.685156505700124541e+01
3.685013092581448291e+01
3.684871156909738232e+01
3.684730701556382826e+01
3.684591729314555408e+01
3.684454242898848264e+01
3.684318244945098542e+01
3.684183738009922138e+01
3.684050724568099611e+01
3.683919207006844942e+01
3.683789187619387917e+01
3.683660668604107968e+01
3.683533652074575571e+01
3.683408140076409154e+01
3.683284134600624071e+01
3.683161637589671500e+01
3.683040650939192062e+01
3.682921176498206250e+01
3.682803216068424490e+01
3.682686771401318993e+01
3.682571844193436306e+01
3.682458436086186992e+01
3.682346548673236697e+01
3.682236183508764782e+01
3.682127342110561585e+01
3.682020025959618437e+01
3.681914236499515169e+01
3.681809975136491175e+01
3.681707243240000338e+01
3.681606042143360469e+01
3.681506373143911759e+01
3.681408237502590453e+01
3.681311636443210489e+01
3.681216571151151129e+01
3.681123042770784082e+01
3.681031052401916526e+01
3.680940601096723697e+01
3.680851689858141640e+01
3.680764319639320092e+01
3.680678491343084602e+01
3.680594205821291354e+01
3.680511463876129596e+01
3.680430266264637140e+01
3.680350613704187168e+01
3.680272506876316641e+01
3.680195946428503362e+01
3.680120932974194403e+01
3.680047467091169722e+01
3.679975549319029682e+01
3.679905180156971056e+01
3.679836360062439837e+01
3.679769089450946495e+01
3.679703368696757337e+01
3.679639198133001798e+01
3.679576578050117774e+01
3.679515508693321379e+01
3.679455990260365894e+01
3.679398022900178233e+01
3.679341606712850421e+01
3.679286741751098333e+01
3.679233428021806418e+01
3.679181665486408548e+01
3.679131454060483719e+01
3.679082793613638813e+01
3.679035683970175796e+01
3.678990124910137638e+01
3.678946116170260439e+01
3.678903657444824660e+01
3.678862748386989523e+01
3.678823388612364198e+01
3.678785577707157017e+01
3.678749315241876872e+01
3.678714600788337918e+01
3.678681433934720246e+01
3.678649814294877274e+01
3.678619741512477503e+01
3.678591215262321157e+01
3.678564235250483705e+01
3.678538801212413034e+01
3.678514912907613166e+01
3.678492570115886906e+01
3.678471772641167803e+01
3.678452520319547148e+01
3.678434813024075112e+01
3.678418650663140710e+01
3.678404033172895993e+01
3.678390960506470719e+01
3.678379432622888601e+01
3.678369449477058595e+01
3.678361011011217130e+01
3.678354117147931390e+01
3.678348767784364526e+01
3.678344962786735550e+01
3.678342701984091434e+01
3.678341985162274597e+01
3.678342812059446487e+01
3.678345182363553079e+01
3.678349095711742933e+01
3.678354551690458152e+01
3.678361549833774546e+01
3.678370089619494365e+01
3.678380170464946985e+01
3.678391791724640569e+01
3.678404952690826946e+01
3.678419652596117118e+01
3.678435890615989479e+01
3.678453665870231504e+01
3.678472977423790979e+01
3.678493824287524205e+01
3.678516205418853247e+01
3.678540119721824908e+01
3.678565566046202662e+01
3.678592543187136954e+01
3.678621049889020611e+01
3.678651084854995901e+01
3.678682646758107211e+01
3.678715734248663694e+01
3.678750345956912327e+01
3.678786480493769062e+01
3.678824136451345339e+01
3.678863312403287011e+01
3.678904006904808455e+01
3.678946218492632170e+01
3.678989945684829621e+01
3.679035186980269145e+01
3.679081940857474819e+01
3.679130205773091689e+01
3.679179980160358099e+01
3.679231262428149307e+01
3.679284050961386754e+01
3.679338344123006976e+01
3.679394140256800227e+01
3.679451437690245541e+01
3.679510234736473961e+01
3.679570529694467496e+01
3.679632320847120042e+01
3.679695606457535462e+01
3.679760384764648506e+01
3.679826653979520046e+01
3.679894412283094596e+01
3.679963657823854106e+01
3.680034388712262228e+01
3.680106603013442879e+01
3.680180298744247125e+01
3.680255473875770633e+01
3.680332126335965626e+01
3.680410254009039051e+01
3.680489854732797994e+01
3.680570926295705192e+01
3.680653466434218757e+01
3.680737472831012980e+01
3.680822943114263524e+01
3.680909874856737929e+01
3.680998265573520456e+01
3.681088112718564531e+01
3.681179413680946766e+01
3.681272165781712147e+01
3.681366366271586799e+01
3.681462012329177469e+01
3.681559101058973482e+01
3.681657629488275774e+01
3.681757594564221137e+01
3.681858993155479709e+01
3.681961822060084444e+01
3.682066078013751564e+01
3.682171757692930214e+01
3.682278857711429509e+01
3.682387374612654440e+01
3.682497304861548315e+01
3.682608644839260137e+01
3.682721390840443121e+01
3.682835539072883790e+01
3.682951085660251067e+01
3.683068026647858062e+01
3.683186358010566863e+01
3.683306075661668899e+01
3.683427175460682435e+01
3.683549653219113651e+01
3.683673504706888480e+01
3.683798725662684603e+01
3.683925311805328562e+01
3.684053258839346512e+01
3.684182562454378740e+01
3.684313218327613271e+01
3.684445222135753539e+01
3.684578569571478113e+01
3.684713256355701816e+01
3.684849278244185911e+01
3.684986631032784032e+01
3.685125310564437484e+01
3.685265312737826804e+01
3.685406633515336239e+01
3.685549268926733646e+01
3.685693215066417849e+01
3.685838468085693620e+01
3.685985024183491277e+01
3.686132879597857226e+01
3.686282030597836723e+01
3.686432473473794147e+01
3.686584204526077713e+01
3.686737220054261854e+01
3.686891516348340758e+01
3.687047089680987710e+01
3.687203936299522411e+01
3.687362052417292091e+01
3.687521434204757043e+01
3.687682077780476675e+01
3.687843979203069011e+01
3.688007134466089099e+01
3.688171539496217832e+01
3.688337190152910949e+01
3.688504082227753855e+01
3.688672211443227411e+01
3.688841573451379219e+01
3.689012163832583724e+01
3.689183978094113314e+01
3.689357011668408148e+01
3.689531259911349537e+01
3.689706718100916305e+01
3.689883381436136034e+01
3.690061245035445836e+01
3.690240303934177746e+01
3.690420553082138611e+01
3.690601987341968737e+01
3.690784601488469008e+01
3.690968390210070282e+01
3.691153348113424926e+01
3.691339469729543055e+01
3.691526749518574491e+01
3.691715181871560247e+01
3.691904761110630062e+01
3.692095481491922015e+01
3.692287337212206921e+01
3.692480322413845073e+01
3.692674431184102701e+01
3.692869657550855322e+01
3.693065995479167185e+01
3.693263438872352822e+01
3.693461981576928821e+01
3.693661617385913587e+01
3.693862340036469050e+01
3.694064143204136030e+01
3.694267020498332954e+01
3.694470965461164269e+01
3.694675971568468498e+01
3.694882032231349456e+01
3.695089140797612259e+01
3.695297290553195779e+01
3.695506474722918000e+01
3.695716686469765477e+01
3.695927918893591624e+01
3.696140165030595170e+01
3.696353417853768519e+01
3.696567670274126982e+01
3.696782915142227210e+01
3.696999145248903318e+01
3.697216353324935056e+01
3.697434532040414012e+01
3.697653674004408231e+01
3.697873771765205220e+01
3.698094817811627166e+01
3.698316804575512151e+01
3.698539724434096598e+01
3.698763569710156673e+01
3.698988332669519252e+01
3.699214005518665260e+01
3.699440580405065049e+01
3.699668049418867355e+01
3.699896404592549004e+01
3.700125637898515407e+01
3.700355741247962271e+01
3.700586706492079259e+01
3.700818525423640892e+01
3.701051189780636719e+01
3.701284691258089765e+01
3.701519021527271747e+01
3.701754172251312269e+01
3.701990135090877487e+01
3.702226901705748929e+01
3.702464463759814350e+01
3.702702812930732534e+01
3.702941940920667463e+01
3.703181839463999836e+01
3.703422500332703748e+01
3.703663915342498569e+01
3.703906076358124722e+01
3.704148975294328494e+01
3.704392604114807597e+01
3.704636954833872409e+01
3.704882019520745473e+01
3.705127790304344870e+01
3.705374259381665780e+01
3.705621419032593167e+01
3.705869261634326506e+01
3.706117779667909673e+01
3.706366965720182804e+01
3.706616812486317514e+01
3.706867312771571221e+01
3.707118459491091045e+01
3.707370245668649034e+01
3.707622664433912263e+01
3.707875709020393629e+01
3.708129372768371468e+01
3.708383649131410209e+01
3.708638531682005635e+01
3.708894014117032611e+01
3.709150090264653699e+01
3.709406754089570768e+01
3.709663999693599123e+01
3.709921821312249790e+01
3.710180213309261177e+01
3.710439170170840839e+01
3.710698686500976606e+01
3.710958757017233012e+01
3.711219376544990212e+01
3.711480540010998652e+01
3.711742242439370187e+01
3.712004478949707220e+01
3.712267244755530982e+01
3.712530535163475065e+01
3.712794345572785204e+01
3.713058671473055483e+01
3.713323508440993947e+01
3.713588852136403773e+01
3.713854698293492618e+01
3.714121042709160037e+01
3.714387881236638123e+01
3.714655209785566115e+01
3.714923024321671363e+01
3.715191320862454916e+01
3.715460095470834290e+01
3.715729344249464106e+01
3.715999063335350172e+01
3.716269248892317734e+01
3.716539897100459200e+01
3.716811004143442432e+01
3.717082566194936533e+01
3.717354579405817105e+01
3.717627039893613983e+01
3.717899943735464063e+01
3.718173286966711544e+01
3.718447065585646527e+01
3.718721275560674400e+01
3.718995912835735140e+01
3.719270973332995567e+01
3.719546452953584748e+01
3.719822347576586452e+01
3.720098653056267324e+01
3.720375365218631458e+01
3.720652479858746631e+01
3.720929992739241499e+01
3.721207899588803514e+01
3.721486196099114352e+01
3.721764877920521286e+01
3.722043940658197414e+01
3.722323379869362014e+01
3.722603191060613881e+01
3.722883369684274157e+01
3.723163911133278248e+01
3.723444810734894617e+01
3.723726063744440751e+01
3.724007665340074169e+01
3.724289610618845359e+01
3.724571894593923105e+01
3.724854512192887768e+01
3.725137458256707390e+01
3.725420727538808308e+01
3.725704314704150732e+01
3.725988214328882009e+01
3.726272420900770044e+01
3.726556928819544368e+01
3.726841732395961060e+01
3.727126825849221348e+01
3.727412203303503446e+01
3.727697858785963803e+01
3.727983786229113861e+01
3.728269979477098417e+01
3.728556432290897504e+01
3.728843138348077701e+01
3.729130091237375666e+01
3.729417284452019743e+01
3.729704711385382865e+01
3.729992365329563597e+01
3.730280239474838311e+01
3.730568326907461341e+01
3.730856620605513996e+01
3.731145113435046312e+01
3.731433798148265168e+01
3.731722667383472469e+01
3.732011713665492181e+01
3.732300929405904100e+01
3.732590306903759370e+01
3.732879838347371049e+01
3.733169515815911410e+01
3.733459331279442495e+01
3.733749276598080513e+01
3.734039343521052245e+01
3.734329523685077845e+01
3.734619808612067260e+01
3.734910189707301953e+01
3.735200658258984419e+01
3.735491205439345208e+01
3.735781822307499311e+01
3.736072499815035286e+01
3.736363228815010729e+01
3.736654000072699233e+01
3.736944804276146925e+01
3.737235632044973244e+01
3.737526473934689619e+01
3.737817320438876578e+01
3.738108161996914447e+01
3.738398989009405682e+01
3.738689791857303391e+01
3.738980560919768692e+01
3.739271286585602638e+01
3.739561959256883483e+01
3.739852569349686462e+01
3.740143107298204228e+01
3.740433563564522501e+01
3.740723928651125618e+01
3.741014193113105790e+01
3.741304347571153954e+01
3.741594382725229906e+01
3.741884289364241312e+01
3.742174058368320289e+01
3.742463680704864259e+01
3.742753147423117355e+01
3.743042449651670722e+01
3.743331578598599663e+01
3.743620525553250644e+01
3.743909281890368135e+01
3.744197839075199141e+01
3.744486188667424642e+01
3.744774322323147686e+01
3.745062231794830154e+01
3.745349908930553795e+01
3.745637345674445839e+01
3.745924534067793132e+01
3.746211466249565802e+01
3.746498134457430496e+01
3.746784531030713339e+01
3.747070648413751570e+01
3.747356479156032805e+01
3.747642015907754853e+01
3.747927251413241123e+01
3.748212178504848424e+01
3.748496790098431575e+01
3.748781079192021082e+01
3.749065038868691602e+01
3.749348662301185442e+01
3.749631942755365088e+01
3.749914873593083087e+01
3.750197448276221479e+01
3.750479660370733370e+01
3.750761503547759190e+01
3.751042971580556440e+01
3.751324058339386625e+01
3.751604757787958988e+01
3.751885063981530521e+01
3.752164971063740495e+01
3.752444473261889613e+01
3.752723564883092422e+01
3.753002240312674331e+01
3.753280494014806123e+01
3.753558320534019543e+01
3.753835714495356513e+01
3.754112670603743851e+01
3.754389183645409389e+01
3.754665248491736662e+01
3.754940860103414479e+01
3.755216013532437813e+01
3.755490703919637241e+01
3.755764926487233168e+01
3.756038676530129550e+01
3.756311949410809348e+01
3.756584740559006974e+01
3.756857045474983181e+01
3.757128859735820470e+01
3.757400179002793550e+01
3.757670999025619096e+01
3.757941315641254931e+01
3.758211124768899225e+01
3.758480422403432186e+01
3.758749204606910865e+01
3.759017467498408394e+01
3.759285207248432670e+01
3.759552420083767998e+01
3.759819102297577587e+01
3.760085250255222178e+01
3.760350860393453587e+01
3.760615929214254294e+01
3.760880453273512813e+01
3.761144429167655545e+01
3.761407853524465850e+01
3.761670723000628414e+01
3.761933034279565646e+01
3.762194784059043684e+01
3.762455969028363967e+01
3.762716585847300621e+01
3.762976631134591088e+01
3.763236101462461392e+01
3.763494993351059748e+01
3.763753303259481697e+01
3.764011027574063917e+01
3.764268162599216794e+01
3.764524704556146162e+01
3.764780649587223138e+01
3.765035993757634714e+01
3.765290733050304084e+01
3.765544863356728200e+01
3.765798380465866302e+01
3.766051280050590577e+01
3.766303557652196332e+01
3.766555208665781862e+01
3.766806228330215589e+01
3.767056611725791981e+01
3.767306353780271877e+01
3.767555449279207380e+01
3.767803892873539695e+01
3.768051679081253980e+01
3.768298802285244165e+01
3.768545256729511550e+01
3.768791036513719916e+01
3.769036135586377156e+01
3.769280547739389675e+01
3.769524266608559060e+01
3.769767285681280100e+01
3.770009598305909293e+01
3.770251197697614032e+01
3.770492076944233872e+01
3.770732229018466342e+01
3.770971646795125309e+01
3.771210323067228387e+01
3.771448250559844695e+01
3.771685421945700512e+01
3.771921829862436937e+01
3.772157466926269365e+01
3.772392325738825747e+01
3.772626398888240828e+01
3.772859678948014306e+01
3.773092158478882396e+01
3.773323830037414695e+01
3.773554686189392271e+01
3.773784719522981845e+01
3.774013922659287346e+01
3.774242288260175826e+01
3.774469809032009238e+01
3.774696477723047394e+01
3.774922287116181252e+01
3.775147230023703315e+01
3.775371299288615745e+01
3.775594487789734188e+01
3.775816788445332861e+01
3.776038194211820098e+01
3.776258698076380682e+01
3.776478293048057822e+01
3.776696972155948373e+01
3.776914728455582093e+01
3.777131555034716826e+01
3.777347445011539406e+01
3.777562391523514407e+01
3.777776387710778749e+01
3.777989426703440046e+01
3.778201501618314495e+01
3.778412605565613802e+01
3.778622731665755197e+01
3.778831873070757297e+01
3.779040022977937952e+01
3.779247174628714845e+01
3.779453321299022406e+01
3.779658456295777569e+01
3.779862572965129885e+01
3.780065664705096395e+01
3.780267724976545907e+01
3.780468747313009459e+01
3.780668725328355606e+01
3.780867652719689431e+01
3.781065523265289841e+01
3.781262330820403861e+01
3.781458069314596315e+01
3.781652732751641111e+01
3.781846315211943477e+01
3.782038810859346256e+01
3.782230213951058317e+01
3.782420518843002100e+01
3.782609719984645835e+01
3.782797811908478991e+01
3.782984789223287692e+01
3.783170646611426235e+01
3.783355378826675519e+01
3.783538980693271014e+01
3.783721447105225621e+01
3.783902773024291122e+01
3.784082953478989708e+01
3.784261983567353127e+01
3.784439858461704631e+01
3.784616573411889817e+01
3.784792123747237014e+01
3.784966504880668481e+01
3.785139712314170168e+01
3.785311741641348249e+01
3.785482588545793448e+01
3.785652248796236563e+01
3.785820718240142924e+01
3.785987992800136936e+01
3.786154068475980949e+01
3.786318941348599765e+01
3.786482607581184823e+01
3.786645063415723200e+01
3.786806305167191766e+01
3.786966329220475558e+01
3.787125132031972896e+01
3.787282710131481878e+01
3.787439060121180034e+01
3.787594178674203960e+01
3.787748062534313931e+01
3.787900708512434278e+01
3.788052113477257876e+01
3.788202274345558607e+01
3.788351188079326448e+01
3.788498851689332270e+01
3.788645262241129075e+01
3.788790416860763344e+01
3.788934312737764287e+01
3.789076947124234351e+01
3.789218317333355657e+01
3.789358420741121591e+01
3.789497254788351199e+01
3.789634816979013721e+01
3.789771104877088703e+01
3.789906116104791067e+01
3.790039848341388762e+01
3.790172299322208715e+01
3.790303466839308300e+01
3.790433348743896147e+01
3.790561942948664154e+01
3.790689247429236275e+01
3.790815260225822669e+01
3.790939979445844443e+01
3.791063403267245491e+01
3.791185529942095656e+01
3.791306357799612670e+01
3.791425885247044647e+01
3.791544110767533482e+01
3.791661032914081630e+01
3.791776650297779128e+01
3.791890961570670271e+01
3.792003965408333244e+01
3.792115660497523777e+01
3.792226045530544809e+01
3.792335119205364435e+01
3.792442880227977042e+01
3.792549327315058605e+01
3.792654459200712580e+01
3.792758274646826777e+01
3.792860772449143525e+01
3.792961951437388990e+01
3.793061810474334550e+01
3.793160348453982778e+01
3.793257564294398065e+01
3.793353456923140499e+01
3.793448025259670686e+01
3.793541268204879202e+01
3.793633184647369205e+01
3.793723773485127282e+01
3.793813033648859800e+01
3.793900964115292851e+01
3.793987563910440031e+01
3.794072832108789584e+01
3.794156767831993449e+01
3.794239370246012300e+01
3.794320638556890657e+01
3.794400572010238903e+01
3.794479169896269610e+01
3.794556431555712805e+01
3.794632356382907545e+01
3.794706943826559353e+01
3.794780193389522083e+01
3.794852104628002110e+01
3.794922677149690315e+01
3.794991910608778340e+01
3.795059804696205674e+01
3.795126359128251892e+01
3.795191573639904448e+01
3.795255447985048392e+01
3.795317981938602969e+01
3.795379175295547469e+01
3.795439027867510617e+01
3.795497539481506521e+01
3.795554709982082642e+01
3.795610539232492187e+01
3.795665027113633982e+01
3.795718173526301342e+01
3.795769978396555189e+01
3.795820441675149226e+01
3.795869563329758023e+01
3.795917343339439753e+01
3.795963781696026729e+01
3.796008878408718346e+01
3.796052633509081176e+01
3.796095047056918048e+01
3.796136119147017496e+01
3.796175849915908174e+01
3.796214239546664970e+01
3.796251288269235147e+01
3.796286996357751065e+01
3.796321364130078990e+01
3.796354391951567209e+01
3.796386080237424920e+01
3.796416429446631469e+01
3.796445440069808797e+01
3.796473112621964674e+01
3.796499447645467740e+01
3.796524445717698626e+01
3.796548107456467847e+01
3.796570433522603594e+01
3.796591424622738487e+01
3.796611081512980235e+01
3.796629404998097357e+01
3.796646395919118078e+01
3.796662055131091051e+01
3.796676383483772099e+01
3.796689381818677589e+01
3.796701050982701986e+01
3.796711391845627759e+01
3.796720405312674274e+01
3.796728092332081417e+01
3.796734453897528283e+01
3.796739491041206094e+01
3.796743204813645178e+01
3.796745596255069444e+01
3.796746666373079648e+01
3.796746416139632885e+01
3.796744846506528148e+01
3.796741958426447638e+01
3.796737752866695104e+01
3.796732230811925746e+01
3.796725393260258841e+01
3.796717241219096195e+01
3.796707775704839349e+01
3.796696997746704483e+01
3.796684908389071467e+01
3.796671508688289265e+01
3.796656799711035291e+01
3.796640782542425541e+01
3.796623458299379905e+01
3.796604828139512477e+01
3.796584893262522797e+01
3.796563654907203045e+01
3.796541114345724566e+01
3.796517272873149551e+01
3.796492131793534952e+01
3.796465692408184367e+01
3.796437956007017789e+01
3.796408923860625606e+01
3.796378597214076933e+01
3.796346977284528634e+01
3.796314065262540538e+01
3.796279862317676645e+01
3.796244369609078007e+01
3.796207588296812929e+01
3.796169519548362103e+01
3.796130164541403929e+01
3.796089524467186749e+01
3.796047600535167277e+01
3.796004393977750624e+01
3.795959906051619726e+01
3.795914138029135643e+01
3.795867091178826769e+01
3.795818766746074857e+01
3.795769165949196378e+01
3.795718289993834560e+01
3.795666140092519214e+01
3.795612717475559350e+01
3.795558023389372693e+01
3.795502059086629032e+01
3.795444825818156431e+01
3.795386324832637115e+01
3.795326557377866550e+01
3.795265524693636650e+01
3.795203227993611961e+01
3.795139668440780412e+01
3.795074847126898732e+01
3.795008765068794077e+01
3.794941423224732091e+01
3.794872822521695355e+01
3.794802963883448399e+01
3.794731848253338313e+01
3.794659476608725868e+01
3.794585849965378799e+01
3.794510969370866604e+01
3.794434835892690927e+01
3.794357450612658766e+01
3.794278814630602170e+01
3.794198929070247317e+01
3.794117795082453881e+01
3.794035413846313531e+01
3.793951786568106854e+01
3.793866914479875163e+01
3.793780798842668389e+01
3.793693440955048857e+01
3.793604842159759727e+01
3.793515003839569744e+01
3.793423927399977202e+01
3.793331614251133033e+01
3.793238065807107517e+01
3.793143283502885765e+01
3.793047268812434680e+01
3.792950023257719039e+01
3.792851548412452445e+01
3.792751845906533958e+01
3.792650917430394486e+01
3.792548764733298583e+01
3.792445389611908979e+01
3.792340793893401241e+01
3.792234979422083541e+01
3.792127948054005770e+01
3.792019701658005459e+01
3.791910242121812757e+01
3.791799571362254540e+01
3.791687691334482935e+01
3.791574604034486384e+01
3.791460311496536661e+01
3.791344815793753753e+01
3.791228119045102574e+01
3.791110223422003855e+01
3.790991131147347204e+01
3.790870844487879054e+01
3.790749365745331545e+01
3.790626697250569777e+01
3.790502841363780817e+01
3.790377800479439685e+01
3.790251577029519581e+01
3.790124173483298620e+01
3.789995592350187081e+01
3.789865836188400294e+01
3.789734907613241433e+01
3.789602809297210939e+01
3.789469543962708542e+01
3.789335114377658442e+01
3.789199523356986532e+01
3.789062773757372327e+01
3.788924868457881701e+01
3.788785810338458759e+01
3.788645602274488056e+01
3.788504247149484172e+01
3.788361747871378071e+01
3.788218107384039968e+01
3.788073328675587703e+01
3.787927414782308233e+01
3.787780368787036878e+01
3.787632193817723447e+01
3.787482893052245458e+01
3.787332469726428741e+01
3.787180927137982422e+01
3.787028268644102269e+01
3.786874497652357263e+01
3.786719617604170196e+01
3.786563631956942544e+01
3.786406544174359112e+01
3.786248357728186420e+01
3.786089076108749651e+01
3.785928702837841087e+01
3.785767241475687683e+01
3.785604695617406179e+01
3.785441068884580318e+01
3.785276364923765158e+01
3.785110587417358374e+01
3.784943740099149068e+01
3.784775826761104867e+01
3.784606851247784931e+01
3.784436817447642198e+01
3.784265729289388247e+01
3.784093590741869662e+01
3.783920405812970245e+01
3.783746178549882444e+01
3.783570913046969508e+01
3.783394613457927136e+01
3.783217283999656644e+01
3.783038928942897172e+01
3.782859552597113151e+01
3.782679159297423865e+01
3.782497753394365247e+01
3.782315339245597130e+01
3.782131921213849068e+01
3.781947503676653355e+01
3.781762091042120488e+01
3.781575687755361770e+01
3.781388298290107031e+01
3.781199927134777994e+01
3.781010578782255038e+01
3.780820257725986266e+01
3.780628968461935102e+01
3.780436715493945599e+01
3.780243503339589495e+01
3.780049336535339677e+01
3.779854219641348578e+01
3.779658157247307315e+01
3.779461153978493115e+01
3.779263214496662471e+01
3.779064343492758837e+01
3.778864545672902153e+01
3.778663825738338033e+01
3.778462188362860275e+01
3.778259638180459490e+01
3.778056179793527747e+01
3.777851817791488287e+01
3.777646556759584229e+01
3.777440401274425597e+01
3.777233355899928569e+01
3.777025425191333596e+01
3.776816613699136127e+01
3.776606925962590822e+01
3.776396366497858992e+01
3.776184939797559537e+01
3.775972650347067372e+01
3.775759502644233123e+01
3.775545501210815047e+01
3.775330650596806947e+01
3.775114955381257431e+01
3.774898420172704760e+01
3.774681049615254835e+01
3.774462848401294934e+01
3.774243821283424438e+01
3.774023973079758321e+01
3.773803308673005574e+01
3.773581833003700581e+01
3.773359551056714167e+01
3.773136467848546971e+01
3.772912588426894587e+01
3.772687917880639930e+01
3.772462461348872154e+01
3.772236224021042972e+01
3.772009211124650108e+01
3.771781427903094652e+01
3.771552879595085983e+01
3.771323571427109300e+01
3.771093508619819801e+01
3.770862696402916470e+01
3.770631140035564499e+01
3.770398844826630835e+01
3.770165816146339921e+01
3.769932059430145443e+01
3.769697580180748275e+01
3.769462383969727171e+01
3.769226476439754947e+01
3.768989863309251831e+01
3.768752550374895094e+01
3.768514543502932668e+01
3.768275848608213607e+01
3.768036471631574358e+01
3.767796418528909896e+01
3.767555695277975758e+01
3.767314307896881331e+01
3.767072262461220333e+01
3.766829565112236367e+01
3.766586222058275979e+01
3.766342239574581185e+01
3.766097624004640920e+01
3.765852381763981782e+01
3.765606519344446212e+01
3.765360043316523075e+01
3.765112960328561087e+01
3.764865277102671826e+01
3.764617000429466742e+01
3.764368137164348838e+01
3.764118694224591621e+01
3.763868678584464789e+01
3.763618097267244167e+01
3.763366957336155139e+01
3.763115265889307182e+01
3.762863030061351566e+01
3.762610257027866822e+01
3.762356954006143184e+01
3.762103128250509343e+01
3.761848787046591269e+01
3.761593937712001434e+01
3.761338587605693817e+01
3.761082744138300882e+01
3.760826414774768978e+01
3.760569607030761574e+01
3.760312328473551702e+01
3.760054586732742621e+01
3.759796389512067805e+01
3.759537744591739994e+01
3.759278659819991475e+01
3.759019143099055782e+01
3.758759202373693142e+01
3.758498845628864871e+01
3.758238080896175859e+01
3.757976916261979028e+01
3.757715359870410055e+01
3.757453419921165505e+01
3.757191104667766268e+01
3.756928422420499203e+01
3.756665381551989213e+01
3.756401990501697696e+01
3.756138257776237310e+01
3.755874191942766771e+01
3.755609801619274180e+01
3.755345095471090389e+01
3.755080082215879855e+01
3.754814770630090237e+01
3.754549169552487342e+01
3.754283287885637321e+01
3.754017134592423588e+01
3.753750718680875309e+01
3.753484049177601634e+01
3.753217135101514401e+01
3.752949985450803894e+01
3.752682609205007225e+01
3.752415015333316717e+01
3.752147212800161924e+01
3.751879210566693246e+01
3.751611017591103803e+01
3.751342642828271323e+01
3.751074095226663729e+01
3.750805383721552033e+01
3.750536517225881994e+01
3.750267504619492342e+01
3.749998354735895134e+01
3.749729076350516976e+01
3.749459678177322530e+01
3.749190168873226270e+01
3.748920557044941404e+01
3.748650851256610395e+01
3.748381060036260948e+01
3.748111191876522952e+01
3.747841255229004531e+01
3.747571258496339652e+01
3.747301210024326679e+01
3.747031118093972424e+01
3.746760990913926292e+01
3.746490836614469089e+01
3.746220663242970517e+01
3.745950478760409652e+01
3.745680291039170129e+01
3.745410107861314231e+01
3.745139936916083911e+01
3.744869785796620221e+01
3.744599661996779361e+01
3.744329572909021664e+01
3.744059525823760737e+01
3.743789527929880734e+01
3.743519586317497527e+01
3.743249707984904973e+01
3.742979899847469483e+01
3.742710168743311527e+01
3.742440521434993173e+01
3.742170964609449157e+01
3.741901504876266671e+01
3.741632148763817867e+01
3.741362902713837002e+01
3.741093773074824469e+01
3.740824766094479514e+01
3.740555887911838795e+01
3.740287144550100606e+01
3.740018541910807670e+01
3.739750085770174337e+01
3.739481781779215197e+01
3.739213635468250629e+01
3.738945652253271135e+01
3.738677837440930318e+01
3.738410196230816496e+01
3.738142733714992261e+01
3.737875454876851933e+01
3.737608364593292265e+01
3.737341467641461890e+01
3.737074768706676053e+01
3.736808272387996510e+01
3.736541983200987005e+01
3.736275905578610690e+01
3.736010043870577846e+01
3.735744402340546344e+01
3.735478985160590781e+01
3.735213796402754127e+01
3.734948840028940964e+01
3.734684119882564346e+01
3.734419639684670500e+01
3.734155403034451837e+01
3.733891413413553551e+01
3.733627674193888168e+01
3.733364188646427095e+01
3.733100959947454101e+01
3.732837991181606441e+01
3.732575285343258997e+01
3.732312845337030893e+01
3.732050673977125399e+01
3.731788773985983454e+01
3.731527147993622862e+01
3.731265798538142064e+01
3.731004728066907461e+01
3.730743938938034177e+01
3.730483433421667172e+01
3.730223213699999718e+01
3.729963281865340008e+01
3.729703639918083979e+01
3.729444289767799603e+01
3.729185233237528507e+01
3.728926472068671671e+01
3.728668007924608219e+01
3.728409842392071738e+01
3.728151976979997073e+01
3.727894413116412409e+01
3.727637152143874033e+01
3.727380195314413669e+01
3.727123543787114812e+01
3.726867198632896816e+01
3.726611160847577509e+01
3.726355431367760929e+01
3.726100011084971442e+01
3.725844900860565900e+01
3.725590101543763666e+01
3.725335613988409023e+01
3.725081439062428501e+01
3.724827577648711951e+01
3.724574030642199318e+01
3.724320798950666500e+01
3.724067883502812748e+01
3.723815285261514418e+01
3.723563005239123669e+01
3.723311044512865919e+01
3.723059404238866676e+01
3.722808085663161393e+01
3.722557090126767321e+01
3.722306419063929894e+01
3.722056073997058689e+01
3.721806056531175955e+01
3.721556368349438770e+01
3.721307011215375837e+01
3.721057986986429000e+01
3.720809297631972612e+01
3.720560945245391338e+01
3.720312932049630206e+01
3.720065260400212281e+01
3.719817932786306613e+01
3.719570951828291072e+01
3.719324320270730766e+01
3.719078040973804633e+01
3.718832116909402430e+01
3.718586551164820264e+01
3.718341346951326187e+01
3.718096507612435886e+01
3.717852036627212442e+01
3.717607937605198032e+01
3.717364214272957668e+01
3.717120870456346182e+01
3.716877910062375889e+01
3.716635337063429034e+01
3.716393155485359756e+01
3.716151369397647386e+01
3.715909982905686348e+01
3.715669000149020462e+01
3.715428425305031368e+01
3.715188262593309076e+01
3.714948516277679147e+01
3.714709190665803362e+01
3.714470290107114181e+01
3.714231818990459288e+01
3.713993781743989331e+01
3.713756182836991115e+01
3.713519026779771082e+01
3.713282318120810288e+01
3.713046061443819923e+01
3.712810261364317910e+01
3.712574922522195919e+01
3.712340049571183442e+01
3.712105647172684542e+01
3.711871719997217411e+01
3.711638272727213206e+01
3.711405310056017726e+01
3.711172836683775955e+01
3.710940857312240126e+01
3.710709376641041501e+01
3.710478399367955404e+01
3.710247930192767996e+01
3.710017973821338444e+01
3.709788534966737927e+01
3.709559618346780496e+01
3.709331228678929193e+01
3.709103370674122147e+01
3.708876049030802591e+01
3.708649268429229551e+01
3.708423033525989609e+01
3.708197348949479988e+01
3.707972219296850369e+01
3.707747649131823664e+01
3.707523642982805967e+01
3.707300205341188359e+01
3.707077340659752451e+01
3.706855053351359430e+01
3.706633347788423549e+01
3.706412228303156553e+01
3.706191699188502042e+01
3.705971764700230153e+01
3.705752429061081443e+01
3.705533696467833238e+01
3.705315571100795324e+01
3.705098057132725131e+01
3.704881158734036717e+01
3.704664880073918454e+01
3.704449225318431616e+01
3.704234198626756580e+01
3.704019804147241501e+01
3.703806046014525322e+01
3.703592928347726598e+01
3.703380455249024550e+01
3.703168630801943095e+01
3.702957459068862534e+01
3.702746944087348879e+01
3.702537089865617759e+01
3.702327900379061276e+01
3.702119379569894164e+01
3.701911531349232831e+01
3.701704359599563077e+01
3.701497868177303729e+01
3.701292060915469762e+01
3.701086941624966187e+01
3.700882514093643749e+01
3.700678782083498675e+01
3.700475749326319175e+01
3.700273419517962026e+01
3.700071796311947736e+01
3.699870883313639780e+01
3.699670684076563276e+01
3.699471202101258882e+01
3.699272440835203213e+01
3.699074403672632627e+01
3.698877093954369855e+01
3.698680514967543331e+01
3.698484669944923553e+01
3.698289562064643121e+01
3.698095194451771306e+01
3.697901570181633701e+01
3.697708692282748899e+01
3.697516563737713824e+01
3.697325187482332609e+01
3.697134566404263722e+01
3.696944703341952021e+01
3.696755601083759046e+01
3.696567262366504991e+01
3.696379689872059515e+01
3.696192886222571161e+01
3.696006853976964379e+01
3.695821595628108014e+01
3.695637113597945245e+01
3.695453410231353075e+01
3.695270487790974556e+01
3.695088348453217719e+01
3.694906994305427617e+01
3.694726427344703978e+01
3.694546649478479594e+01
3.694367662527140084e+01
3.694189468227612139e+01
3.694012068235204538e+01
3.693835464123201717e+01
3.693659657381876826e+01
3.693484649417789711e+01
3.693310441554257295e+01
3.693137035034258275e+01
3.692964431025374950e+01
3.692792630624646222e+01
3.692621634861954050e+01
3.692451444702528818e+01
3.692282061049264286e+01
3.692113484744439944e+01
3.691945716570575087e+01
3.691778757250784082e+01
3.691612607449040695e+01
3.691447267770534069e+01
3.691282738762416216e+01
3.691119020915130022e+01
3.690956114663932652e+01
3.690794020389735408e+01
3.690632738418091208e+01
3.690472269014963302e+01
3.690312612379676693e+01
3.690153768638052156e+01
3.689995737838859213e+01
3.689838519957081076e+01
3.689682114906924681e+01
3.689526522560473154e+01
3.689371742764588191e+01
3.689217775356056706e+01
3.689064620179171072e+01
3.688912277105546877e+01
3.688760746053553419e+01
3.688610027006571102e+01
3.688460120029786538e+01
3.688311025284458822e+01
3.688162743039446667e+01
3.688015273679921080e+01
3.687868617711292529e+01
3.687722775756913762e+01
3.687577748551582602e+01
3.687433536935537148e+01
3.687290141850979808e+01
3.687147564338307149e+01
3.687005805531367031e+01
3.686864866654953232e+01
3.686724749024734393e+01
3.686585454047180122e+01
3.686446983218220197e+01
3.686309338119959023e+01
3.686172520415917830e+01
3.686036531846772135e+01
3.685901374226765626e+01
3.685767049438660337e+01
3.685633559427325423e+01
3.685500906195268556e+01
3.685369091801189256e+01
3.685238118359310988e+01
3.685107988038996751e+01
3.684978703065933558e+01
3.684850265722623419e+01
3.684722678343715785e+01
3.684595943307341059e+01
3.684470063028982878e+01
3.684345039960597745e+01
3.684220876592082305e+01
3.684097575452246787e+01
3.683975139109103480e+01
3.683853570170450809e+01
3.683732871284453836e+01
3.683613045138468323e+01
3.683494094455237189e+01
3.683376021987036353e+01
3.683258830508262349e+01
3.683142522805776764e+01
3.683027101666427683e+01
3.682912569863788832e+01
3.682798930147716732e+01
3.682686185238204502e+01
3.682574337822437371e+01
3.682463390553410676e+01
3.682353346049226417e+01
3.682244206893561511e+01
3.682135975637297065e+01
3.682028654799763245e+01
3.681922246869586957e+01
3.681816754306809258e+01
3.681712179545290553e+01
3.681608524992485343e+01
3.681505793026196471e+01
3.681403985990743166e+01
3.681303106194781805e+01
3.681203155911271097e+01
3.681104137379090702e+01
3.681006052805532391e+01
3.680908904368308754e+01
3.680812694215799752e+01
3.680717424465746745e+01
3.680623097203451266e+01
3.680529714479684600e+01
3.680437278307619664e+01
3.680345790658496696e+01
3.680255253456893882e+01
3.680165668577466676e+01
3.680077037844495891e+01
3.679989363033399741e+01
3.679902645871253952e+01
3.679816888034402211e+01
3.679732091144201434e+01
3.679648256762777692e+01
3.679565386389259629e+01
3.679483481456696126e+01
3.679402543330233044e+01
3.679322573306271238e+01
3.679243572611421342e+01
3.679165542401168665e+01
3.679088483759312567e+01
3.679012397700525128e+01
3.678937285180114003e+01
3.678863147110702414e+01
3.678789984377734612e+01
3.678717797846994131e+01
3.678646588364722447e+01
3.678576356753633547e+01
3.678507103805724654e+01
3.678438830271279159e+01
3.678371536845921241e+01
3.678305224159326059e+01
3.678239892767238217e+01
3.678175543146122095e+01
3.678112175689168595e+01
3.678049790703672528e+01
3.677988388412492782e+01
3.677927968961942895e+01
3.677868532432113113e+01
3.677810078842715313e+01
3.677752608153659963e+01
3.677696120263881596e+01
3.677640615009772773e+01
3.677586092163225828e+01
3.677532551429673902e+01
3.677479992446033208e+01
3.677428414778352561e+01
3.677377817919747827e+01
3.677328201289319765e+01
3.677279564232811282e+01
3.677231906025901509e+01
3.677185225879350128e+01
3.677139522944621319e+01
3.677094796319993009e+01
3.677051045056382605e+01
3.677008268160135174e+01
3.676966464590275052e+01
3.676925633251163106e+01
3.676885772985552592e+01
3.676846882571339137e+01
3.676808960720648400e+01
3.676772006079119137e+01
3.676736017224789066e+01
3.676700992667086609e+01
3.676666930846883474e+01
3.676633830137134140e+01
3.676601688842442428e+01
3.676570505200282923e+01
3.676540277391178790e+01
3.676511003557943980e+01
3.676482681822969312e+01
3.676455310295673229e+01
3.676428887074491314e+01
3.676403410252473947e+01
3.676378877928139133e+01
3.676355288215449235e+01
3.676332639251151591e+01
3.676310929203488342e+01
3.676290156282652077e+01
3.676270318750565025e+01
3.676251414927919114e+01
3.676233443196744588e+01
3.676216401999948857e+01
3.676200289841053603e+01
3.676185105284513810e+01
3.676170846957008820e+01
3.676157513552726641e+01
3.676145103841862039e+01
3.676133616677063287e+01
3.676123050996764619e+01
3.676113405827154423e+01
3.676104680281799375e+01
3.676096873559323086e+01
3.676089984942348110e+01
3.676084013798384831e+01
3.676078959579353977e+01
3.676074821815752358e+01
3.676071600105752424e+01
3.676069294105462859e+01
3.676067903525334657e+01
3.676067428131428017e+01
3.676067867749507201e+01
3.676069222271858905e+01
3.676071491665766189e+01
3.676074675981787010e+01
3.676078775360180373e+01
3.676083790033919030e+01
3.676089720328003096e+01
3.676096566656432429e+01
3.676104329518103953e+01
3.676113009490959627e+01
3.676122607222816185e+01
3.676133123419759130e+01
3.676144558834730702e+01
3.676156914258749708e+01
3.676170190518843839e+01
3.676184388483486032e+01
3.676199509067447480e+01
3.676215553228848876e+01
3.676232521959887123e+01
3.676250416275702548e+01
3.676269237204515861e+01
3.676288985781071972e+01
3.676309663043689824e+01
3.676331270033354315e+01
3.676353807793196893e+01
3.676377277367876673e+01
3.676401679803255718e+01
3.676427016146651283e+01
3.676453287447483831e+01
3.676480494758011730e+01
3.676508639133879086e+01
3.676537721633875577e+01
3.676567743318433656e+01
3.676598705247146626e+01
3.676630608476286000e+01
3.676663454057196390e+01
3.676697243036245055e+01
3.676731976457205775e+01
3.676767655365396337e+01
3.676804280810544157e+01
3.676841853846438823e+01
3.676880375528148903e+01
3.676919846908358380e+01
3.676960269033703810e+01
3.677001642941203130e+01
3.677043969655079536e+01
3.677087250184646905e+01
3.677131485523078425e+01
3.677176676646266174e+01
3.677222824511876098e+01
3.677269930059178193e+01
3.677317994209366248e+01
3.677367017865484655e+01
3.677417001911867089e+01
3.677467947213470012e+01
3.677519854614342165e+01
3.677572724933642689e+01
3.677626558959522640e+01
3.677681357443198351e+01
3.677737121094287431e+01
3.677793850576342294e+01
3.677851546502473923e+01
3.677910209432637600e+01
3.677969839872957181e+01
3.678030438275728642e+01
3.678092005039135159e+01
3.678154540506664461e+01
3.678218044966136091e+01
3.678282518648434518e+01
3.678347961726633031e+01
3.678414374315207169e+01
3.678481756467794384e+01
3.678550108173483579e+01
3.678619429353983605e+01
3.678689719862737917e+01
3.678760979484425064e+01
3.678833207933683269e+01
3.678906404854021162e+01
3.678980569818195079e+01
3.679055702329262800e+01
3.679131801820371095e+01
3.679208867652691595e+01
3.679286899112572939e+01
3.679365895409470255e+01
3.679445855676316768e+01
3.679526778974071988e+01
3.679608664300655363e+01
3.679691510600761006e+01
3.679775316772347082e+01
3.679860081670312155e+01
3.679945804110548835e+01
3.680032482874685229e+01
3.680120116712773637e+01
3.680208704341598747e+01
3.680298244440351141e+01
3.680388735649903964e+01
3.680480176578522844e+01
3.680572565809316643e+01
3.680665901904384185e+01
3.680760183404378694e+01
3.680855408824561437e+01
3.680951576650272017e+01
3.681048685335708370e+01
3.681146733308549557e+01
3.681245718978574644e+01
3.681345640744713421e+01
3.681446496997524775e+01
3.681548286118649571e+01
3.681651006478904264e+01
3.681754656435193596e+01
3.681859234326752528e+01
3.681964738471279475e+01
3.682071167160682990e+01
3.682178518656240840e+01
3.682286791184051822e+01
3.682395982932043665e+01
3.682506092049316493e+01
3.682617116647044497e+01
3.682729054798887347e+01
3.682841904540138245e+01
3.682955663866669482e+01
3.683070330735052522e+01
3.683185903064519806e+01
3.683302378739906402e+01
3.683419755613513047e+01
3.683538031504828325e+01
3.683657204198885182e+01
3.683777271444809998e+01
3.683898230955440312e+01
3.684020080407626807e+01
3.684142817442433682e+01
3.684266439665045567e+01
3.684390944644479760e+01
3.684516329912613486e+01
3.684642592961749585e+01
3.684769731241110691e+01
3.684897742153231803e+01
3.685026623050058703e+01
3.685156371228465844e+01
3.685286983925767146e+01
3.685418458315520240e+01
3.685550791503330714e+01
3.685683980522649961e+01
3.685818022331552157e+01
3.685952913811551923e+01
3.686088651768078961e+01
3.686225232930944884e+01
3.686362653953356272e+01
3.686500911409656567e+01
3.686640001793842458e+01
3.686779921520813019e+01
3.686920666930144108e+01
3.687062234290839768e+01
3.687204619805981309e+01
3.687347819616503131e+01
3.687491829803502696e+01
3.687636646389184847e+01
3.687782265336736032e+01
3.687928682550781900e+01
3.688075893882903955e+01
3.688223895146707321e+01
3.688372682144183301e+01
3.688522250700450655e+01
3.688672596697616513e+01
3.688823716100745287e+01
3.688975604977596134e+01
3.689128259514847485e+01
3.689281676031593804e+01
3.689435850990897592e+01
3.689590781007829889e+01
3.689746462852054520e+01
3.689902893446901544e+01
3.690060069867765691e+01
3.690217989339426197e+01
3.690376649232779016e+01
3.690536047065372571e+01
3.690696180505836566e+01
3.690857047374506550e+01
3.691018645635580953e+01
3.691180973384108199e+01
3.691344028832972413e+01
3.691507810303193082e+01
3.691672316218510019e+01
3.691837545102882956e+01
3.692003495578681793e+01
3.692170166363695927e+01
3.692337556266009813e+01
3.692505664177995328e+01
3.692674489072540922e+01
3.692844030001916167e+01
3.693014286094098253e+01
3.693185256541500650e+01
3.693356940585608328e+01
3.693529337505606236e+01
3.693702446612269341e+01
3.693876267243503264e+01
3.694050798760567744e+01
3.694226040544398160e+01
3.694401991989778367e+01
3.694578652496985427e+01
3.694756021463037854e+01
3.694934098273726875e+01
3.695112882295450163e+01
3.695292372866943964e+01
3.695472569292869736e+01
3.695653470839929611e+01
3.695835076734638136e+01
3.696017386161675233e+01
3.696200398260973685e+01
3.696384112122176191e+01
3.696568526777624442e+01
3.696753641196039553e+01
3.696939454278040671e+01
3.697125964853620417e+01
3.697313171680683297e+01
3.697501073443975628e+01
3.697689668756548542e+01
3.697878956167257769e+01
3.698068934172159317e+01
3.698259601223077198e+01
3.698450955731496492e+01
3.698642996070411471e+01
3.698835720575191743e+01
3.699029127543775530e+01
3.699223215237046247e+01
3.699417981879314965e+01
3.699613425658012744e+01
3.699809544722319998e+01
3.700006337181009286e+01
3.700203801100287393e+01
3.700401934502907153e+01
3.700600735368833938e+01
3.700800201636294418e+01
3.701000331203034222e+01
3.701201121929020132e+01
3.701402571639930272e+01
3.701604678128788350e+01
3.701807439154967483e+01
3.702010852440758271e+01
3.702214915664040973e+01
3.702419626447250778e+01
3.702624982347417415e+01
3.702830980851561549e+01
3.703037619376273426e+01
3.703244895267881986e+01
3.703452805801547498e+01
3.703661348181328350e+01
3.703870519545798601e+01
3.704080316979023024e+01
3.704290737520166488e+01
3.704501778167257697e+01
3.704713435875110150e+01
3.704925707548658664e+01
3.705138590034935930e+01
3.705352080117092584e+01
3.705566174510749278e+01
3.705780869861428783e+01
3.705996162743049638e+01
3.706212049658374497e+01
3.706428527041104815e+01
3.706645591257886707e+01
3.706863238608944755e+01
3.707081465327550518e+01
3.707300267578904140e+01
3.707519641458527104e+01
3.707739582990070204e+01
3.707960088122634801e+01
3.708181152727798491e+01
3.708402772596741670e+01
3.708624943437756372e+01
3.708847660873955476e+01
3.709070920441558883e+01
3.709294717589843060e+01
3.709519047682349679e+01
3.709743905997900981e+01
3.709969287731905041e+01
3.710195187999902799e+01
3.710421601843451356e+01
3.710648524236687251e+01
3.710875950092792408e+01
3.711103874270069269e+01
3.711332291576164977e+01
3.711561196769275028e+01
3.711790584557007122e+01
3.712020449594175631e+01
3.712250786480298359e+01
3.712481589757194911e+01
3.712712853906482735e+01
3.712944573346199206e+01
3.713176742425959276e+01
3.713409355421724456e+01
3.713642406532324003e+01
3.713875889878409708e+01
3.714109799503165021e+01
3.714344129373305492e+01
3.714578873378906110e+01
3.714814025334305114e+01
3.715049578985433243e+01
3.715285528024935502e+01
3.715521866108361593e+01
3.715758586863446311e+01
3.715995683893144985e+01
3.716233150779164873e+01
3.716470981089678816e+01
3.716709168389088092e+01
3.716947706245443328e+01
3.717186588236013733e+01
3.717425807955878980e+01
3.717665359029927430e+01
3.717905235124466401e+01
3.718145429958046577e+01
3.718385937313074407e+01
3.718626751047027312e+01
3.718867865100650505e+01
3.719109273500213675e+01
3.719350970354405206e+01
3.719592949853276309e+01
3.719835206274001393e+01
3.720077733989557345e+01
3.720320527475459471e+01
3.720563581312206480e+01
3.720806890182857529e+01
3.721050448869050342e+01
3.721294252250912393e+01
3.721538295312331712e+01
3.721782573146519724e+01
3.722027080955434997e+01
3.722271814042096594e+01
3.722516767800950532e+01
3.722761937712322577e+01
3.723007319342430321e+01
3.723252908346018586e+01
3.723498700468509526e+01
3.723744691547372554e+01
3.723990877514664533e+01
3.724237254400542696e+01
3.724483818335121299e+01
3.724730565549646855e+01
3.724977492380496358e+01
3.725224595273663653e+01
3.725471870783497508e+01
3.725719315566376366e+01
3.725966926376130317e+01
3.726214700064342367e+01
3.726462633584049655e+01
3.726710723993644336e+01
3.726958968455515020e+01
3.727207364227766817e+01
3.727455908656336447e+01
3.727704599174409594e+01
3.727953433306804953e+01
3.728202408672802903e+01
3.728451522984004640e+01
3.728700774037124432e+01
3.728950159703081368e+01
3.729199677916090394e+01
3.729449326668111553e+01
3.729699104010310151e+01
3.729949008057636917e+01
3.730199036991361794e+01
3.730449189055564574e+01
3.730699462545837974e+01
3.730949855792921710e+01
3.731200367147506114e+01
3.731450994970879975e+01
3.731701737631910731e+01
3.731952593509281968e+01
3.732203560996752856e+01
3.732454638506471412e+01
3.732705824465462996e+01
3.732957117304136574e+01
3.733208515440499298e+01
3.733460017265839781e+01
3.733711621134006720e+01
3.733963325352349472e+01
3.734215128172557741e+01
3.734467027781504100e+01
3.734719022292667034e+01
3.734971109738433626e+01
3.735223288063568958e+01
3.735475555120051894e+01
3.735727908663078267e+01
3.735980346347938763e+01
3.736232865727285457e+01
3.736485464247624577e+01
3.736738139244442181e+01
3.736990887937815131e+01
3.737243707431043305e+01
3.737496594711814879e+01
3.737749546653175514e+01
3.738002560012842679e+01
3.738255631430570247e+01
3.738508757423761608e+01
3.738761934383567365e+01
3.739015158574002129e+01
3.739268426133111944e+01
3.739521733073550536e+01
3.739775075282383199e+01
3.740028448521076143e+01
3.740281848425205169e+01
3.740535270503667675e+01
3.740788710138870954e+01
3.741042162588095721e+01
3.741295622984750224e+01
3.741549086340512531e+01
3.741802547549513491e+01
3.742056001392128195e+01
3.742309442536240738e+01
3.742562865537331618e+01
3.742816264838572238e+01
3.743069634768384901e+01
3.743322969530499478e+01
3.743576263185833142e+01
3.743829509634363006e+01
3.744082702605480506e+01
3.744335835656426070e+01
3.744588902175401302e+01
3.744841895390331388e+01
3.745094808384542517e+01
3.745347634114780533e+01
3.745600365424841272e+01
3.745852995053945733e+01
3.746105515643846218e+01
3.746357919747197229e+01
3.746610199837002142e+01
3.746862348315181634e+01
3.747114357517637018e+01
3.747366219715607372e+01
3.747617927115278746e+01
3.747869471856610346e+01
3.748120846011388352e+01
3.748372041580100955e+01
3.748623050487262276e+01
3.748873864576543724e+01
3.749124475607941775e+01
3.749374875257000639e+01
3.749625055113836680e+01
3.749875006680215961e+01
3.750124721365462221e+01
3.750374190483727688e+01
3.750623405256140330e+01
3.750872356823075648e+01
3.751121036267731768e+01
3.751369434642042933e+01
3.751617542983921538e+01
3.751865352323399350e+01
3.752112853682434945e+01
3.752360038072774984e+01
3.752606896493034583e+01
3.752853419925681777e+01
3.753099599335191527e+01
3.753345425669124324e+01
3.753590889864072011e+01
3.753835982854920417e+01
3.754080695583621008e+01
3.754325019007774955e+01
3.754568944110960871e+01
3.754812461913464006e+01
3.755055563481633385e+01
3.755298239935881810e+01
3.755540482457612228e+01
3.755782282296146235e+01
3.756023630776233801e+01
3.756264519303621086e+01
3.756504939365745344e+01
3.756744882527560492e+01
3.756984340423563395e+01
3.757223304746705139e+01
3.757461767237109740e+01
3.757699719675076011e+01
3.757937153879146308e+01
3.758174061707297398e+01
3.758410435061924915e+01
3.758646265900092232e+01
3.758881546245145699e+01
3.759116268192968846e+01
3.759350423911909900e+01
3.759584005640173388e+01
3.759817005681950519e+01
3.760049416401012934e+01
3.760281230212363823e+01
3.760512439574083032e+01
3.760743036979953047e+01
3.760973014952763549e+01
3.761202366040645018e+01
3.761431082820600125e+01
3.761659157909939921e+01
3.761886583979269005e+01
3.762113353760994272e+01
3.762339460054911910e+01
3.762564895732629822e+01
3.762789653736433593e+01
3.763013727069780856e+01
3.763237108783991403e+01
3.763459791967966339e+01
3.763681769742967731e+01
3.763903035259347973e+01
3.764123581692699361e+01
3.764343402241363634e+01
3.764562490129402761e+01
3.764780838616287895e+01
3.764998441009124264e+01
3.765215290670981574e+01
3.765431381022403912e+01
3.765646705538248540e+01
3.765861257744619905e+01
3.766075031219509839e+01
3.766288019597527637e+01
3.766500216576773141e+01
3.766711615923964018e+01
3.766922211473418969e+01
3.767131997119912512e+01
3.767340966812113834e+01
3.767549114553132483e+01
3.767756434405746546e+01
3.767962920495585166e+01
3.768168567011586134e+01
3.768373368207326735e+01
3.768577318404700804e+01
3.768780411998954349e+01
3.768982643463338178e+01
3.769184007351416454e+01
3.769384498295880803e+01
3.769584111005019622e+01
3.769782840259676249e+01
3.769980680911773874e+01
3.770177627882051041e+01
3.770373676152257758e+01
3.770568820747119076e+01
3.770763056708894823e+01
3.770956379076329057e+01
3.771148782873144967e+01
3.771340263101023282e+01
3.771530814738716231e+01
3.771720432752464092e+01
3.771909112111578111e+01
3.772096847801488195e+01
3.772283634836114885e+01
3.772469468271405901e+01
3.772654343216736095e+01
3.772838254843090766e+01
3.773021198389987774e+01
3.773203169171814864e+01
3.773384162582218693e+01
3.773564174093627344e+01
3.773743199251708091e+01
3.773921233670607478e+01
3.774098273034520190e+01
3.774274313103060763e+01
3.774449349712258339e+01
3.774623378766292348e+01
3.774796396224068218e+01
3.774968398090568655e+01
3.775139380417755319e+01
3.775309339311020551e+01
3.775478270936228142e+01
3.775646171524803663e+01
3.775813037375809245e+01
3.775978864855684236e+01
3.776143650397496998e+01
3.776307390501074224e+01
3.776470081733720008e+01
3.776631720731131736e+01
3.776792304198504269e+01
3.776951828911355591e+01
3.777110291716637391e+01
3.777267689534239281e+01
3.777424019355769502e+01
3.777579278240315119e+01
3.777733463314294227e+01
3.777886571779202995e+01
3.778038600920729095e+01
3.778189548113282115e+01
3.778339410821512701e+01
3.778488186601341425e+01
3.778635873099435116e+01
3.778782468050733456e+01
3.778927969277244614e+01
3.779072374689083347e+01
3.779215682283952304e+01
3.779357890143702292e+01
3.779498996431868107e+01
3.779638999394324372e+01
3.779777897361109495e+01
3.779915688748353375e+01
3.780052372059420662e+01
3.780187945882363465e+01
3.780322408881617946e+01
3.780455759783867364e+01
3.780587997358735919e+01
3.780719120398130428e+01
3.780849127703559276e+01
3.780978018090413428e+01
3.781105790407733025e+01
3.781232443558461398e+01
3.781357976504796170e+01
3.781482388261467520e+01
3.781605677891548822e+01
3.781727844511132730e+01
3.781848887298102113e+01
3.781968805498658526e+01
3.782087598430642572e+01
3.782205265486074808e+01
3.782321806134085307e+01
3.782437219923459537e+01
3.782551506480994874e+01
3.782664665500311685e+01
3.782776696722392273e+01
3.782887599919134658e+01
3.782997374890643982e+01
3.783106021473535208e+01
3.783213539548067672e+01
3.783319929036321838e+01
3.783425189892385276e+01
3.783529322092837788e+01
3.783632325636779825e+01
3.783734200554731331e+01
3.783834946918016584e+01
3.783934564842404313e+01
3.784033054483081315e+01
3.784130416023293009e+01
3.784226649666106113e+01
3.784321755636107554e+01
3.784415734189677494e+01
3.784508585630523214e+01
3.784600310324923811e+01
3.784690908708406454e+01
3.784780381283749051e+01
3.784868728618892675e+01
3.784955951347096459e+01
3.785042050163777105e+01
3.785127025819553381e+01
3.785210879115634697e+01
3.785293610906705197e+01
3.785375222111608196e+01
3.785455713725293236e+01
3.785535086824146589e+01
3.785613342564793271e+01
3.785690482182414485e+01
3.785766506990236024e+01
3.785841418374538137e+01
3.785915217780703301e+01
3.785987906694398220e+01
3.786059486627432591e+01
3.786129959113356591e+01
3.786199325708422947e+01
3.786267587991183348e+01
3.786334747559266845e+01
3.786400806026053800e+01
3.786465765020867025e+01
3.786529626193836862e+01
3.786592391222226439e+01
3.786654061815789163e+01
3.786714639723782483e+01
3.786774126745389424e+01
3.786832524740925265e+01
3.786889835640513269e+01
3.786946061447302014e+01
3.787001204235236429e+01
3.787055266146242616e+01
3.787108249390040271e+01
3.787160156244843279e+01
3.787210989057759747e+01
3.787260750245786056e+01
3.787309442296991335e+01
3.787357067771512220e+01
3.787403629302355768e+01
3.787449129593567676e+01
3.787493571414805160e+01
3.787536957597174592e+01
3.787579291034331419e+01
3.787620574684942198e+01
3.787660811570285091e+01
3.787700004767656026e+01
3.787738157404657358e+01
3.787775272654946690e+01
3.787811353734088726e+01
3.787846403898716119e+01
3.787880426450274030e+01
3.787913424737593004e+01
3.787945402154889507e+01
3.787976362139084330e+01
3.788006308170727010e+01
3.788035243778622174e+01
3.788063172545237478e+01
3.788090098109098136e+01
3.788116024162204099e+01
3.788140954443368713e+01
3.788164892729117383e+01
3.788187842824396512e+01
3.788209808556105429e+01
3.788230793770819815e+01
3.788250802336121836e+01
3.788269838143296653e+01
3.788287905107492293e+01
3.788305007163992144e+01
3.788321148263411686e+01
3.788336332367483550e+01
3.788350563444940633e+01
3.788363845471103986e+01
3.788376182436236661e+01
3.788387578359454722e+01
3.788398037299615595e+01
3.788407563359101005e+01
3.788416160681169487e+01
3.788423833442441691e+01
3.788430585843630638e+01
3.788436422102520140e+01
3.788441346450444769e+01
3.788445363133060795e+01
3.788448476418326294e+01
3.788450690610521576e+01
3.788452010063492281e+01
3.788452439189412502e+01
3.788451982463753609e+01
3.788450644427616965e+01
3.788448429690075159e+01
3.788445342931095894e+01
3.788441388900570672e+01
3.788436572411014680e+01
3.788430898328416419e+01
3.788424371567470672e+01
3.788416997092561900e+01
3.788408779920893465e+01
3.788399725122595640e+01
3.788389837814209216e+01
3.788379123147404215e+01
3.788367586298277701e+01
3.788355232460259003e+01
3.788342066842183442e+01
3.788328094671812352e+01
3.788313321199753858e+01
3.788297751697437832e+01
3.788281391451198488e+01
3.788264245759081916e+01
3.788246319929022121e+01
3.788227619271854252e+01
3.788208149088678312e+01
3.788187914656861466e+01
3.788166921217307248e+01
3.788145173964066004e+01
3.788122678037156987e+01
3.788099438518025153e+01
3.788075460425778118e+01
3.788050748712641536e+01
3.788025308258056612e+01
3.787999143862385409e+01
3.787972260241693334e+01
3.787944662023597431e+01
3.787916353743217712e+01
3.787887339838351863e+01
3.787857624643478260e+01
3.787827212383665199e+01
3.787796107171110549e+01
3.787764313006355366e+01
3.787731833782233792e+01
3.787698673283917117e+01
3.787664835179519685e+01
3.787630323004367483e+01
3.787595140147318773e+01
3.787559289842437948e+01
3.787522775163208166e+01
3.787485599016348914e+01
3.787447764135155381e+01
3.787409273074879934e+01
3.787370128212985776e+01
3.787330331753687318e+01
3.787289885733758155e+01
3.787248792028243827e+01
3.787207052355686443e+01
3.787164668281697288e+01
3.787121641220773682e+01
3.787077972437533901e+01
3.787033663047662202e+01
3.786988714018074376e+01
3.786943126166985252e+01
3.786896900166121327e+01
3.786850036546053389e+01
3.786802535702017991e+01
3.786754397896129376e+01
3.786705623252974107e+01
3.786656211748289991e+01
3.786606163195793329e+01
3.786555477239560474e+01
3.786504153354302105e+01
3.786452190849824007e+01
3.786399588875102040e+01
3.786346346420405951e+01
3.786292462318262864e+01
3.786237935243828900e+01
3.786182763714779753e+01
3.786126946091296475e+01
3.786070480577421193e+01
3.786013365225036154e+01
3.785955597939702955e+01
3.785897176485035232e+01
3.785838098483277037e+01
3.785778361412958759e+01
3.785717962606454279e+01
3.785656899250466267e+01
3.785595168390404552e+01
3.785532766937107141e+01
3.785469691675115911e+01
3.785405939275148057e+01
3.785341506312798288e+01
3.785276389286660503e+01
3.785210584624953611e+01
3.785144088683868091e+01
3.785076897752640690e+01
3.785009008068068681e+01
3.784940415828062754e+01
3.784871117201686275e+01
3.784801108341341092e+01
3.784730385397001129e+01
3.784658944528205637e+01
3.784586781911083619e+01
3.784513893736907164e+01
3.784440276201294751e+01
3.784365925490785543e+01
3.784290837775160554e+01
3.784215009209017921e+01
3.784138435937738620e+01
3.784061114096722633e+01
3.783983039802063075e+01
3.783904209145309494e+01
3.783824618201575163e+01
3.783744263045246470e+01
3.783663139763161354e+01
3.783581244462915549e+01
3.783498573278344423e+01
3.783415122372480255e+01
3.783330887937385967e+01
3.783245866189803763e+01
3.783160053362131947e+01
3.783073445690671122e+01
3.782986039403682810e+01
3.782897830713141474e+01
3.782808815815459980e+01
3.782718990901950917e+01
3.782628352175622410e+01
3.782536895867877291e+01
3.782444618245668977e+01
3.782351515609402526e+01
3.782257584294250563e+01
3.782162820677989146e+01
3.782067221184163941e+01
3.781970782277275589e+01
3.781873500459514759e+01
3.781775372275296832e+01
3.781676394319498513e+01
3.781576563242677480e+01
3.781475875751807791e+01
3.781374328606056423e+01
3.781271918605150972e+01
3.781168642573466343e+01
3.781064497347226450e+01
3.780959479768529263e+01
3.780853586687946688e+01
3.780746814976959769e+01
3.780639161544976190e+01
3.780530623350892938e+01
3.780421197405215139e+01
3.780310880768369941e+01
3.780199670553412972e+01
3.780087563934090866e+01
3.779974558151538844e+01
3.779860650515821874e+01
3.779745838405132474e+01
3.779630119264999166e+01
3.779513490606124293e+01
3.779395949997357462e+01
3.779277495052433977e+01
3.779158123417688131e+01
3.779037832770389826e+01
3.778916620824871586e+01
3.778794485334664444e+01
3.778671424088594222e+01
3.778547434911266123e+01
3.778422515673678106e+01
3.778296664305394614e+01
3.778169878796107639e+01
3.778042157185701910e+01
3.777913497552858502e+01
3.777783898010091690e+01
3.777653356704924903e+01
3.777521871824379218e+01
3.777389441601115294e+01
3.777256064319292506e+01
3.777121738318474797e+01
3.776986461994811606e+01
3.776850233797645728e+01
3.776713052219007949e+01
3.776574915777850805e+01
3.776435823008772985e+01
3.776295772463790712e+01
3.776154762723561475e+01
3.776012792407638585e+01
3.775869860177218840e+01
3.775725964731081774e+01
3.775581104799964294e+01
3.775435279143768952e+01
3.775288486552371126e+01
3.775140725848186918e+01
3.774991995889809004e+01
3.774842295579739471e+01
3.774691623876406510e+01
3.774539979803846279e+01
3.774387362454181272e+01
3.774233770984930914e+01
3.774079204617107308e+01
3.773923662639547416e+01
3.773767144418404484e+01
3.773609649404701116e+01
3.773451177135542878e+01
3.773291727231737269e+01
3.773131299397258687e+01
3.772969893420958698e+01
3.772807509176038110e+01
3.772644146617862049e+01
3.772479805785187068e+01
3.772314486801877109e+01
3.772148189871219159e+01
3.771980915264780521e+01
3.771812663315463254e+01
3.771643434419613783e+01
3.771473229045662379e+01
3.771302047743542829e+01
3.771129891150025770e+01
3.770956759988592211e+01
3.770782655066004452e+01
3.770607577268773269e+01
3.770431527561873253e+01
3.770254506990377052e+01
3.770076516682556189e+01
3.769897557852104342e+01
3.769717631798026503e+01
3.769536739901703015e+01
3.769354883620347607e+01
3.769172064476775574e+01
3.768988284049161308e+01
3.768803543966456004e+01
3.768617845913056641e+01
3.768431191642048361e+01
3.768243582988937135e+01
3.768055021877103883e+01
3.767865510318095801e+01
3.767675050415623872e+01
3.767483644373941587e+01
3.767291294505351829e+01
3.767098003233523684e+01
3.766903773092427343e+01
3.766708606722448138e+01
3.766512506865136345e+01
3.766315476357959824e+01
3.766117518131784436e+01
3.765918635212349841e+01
3.765718830722720867e+01
3.765518107882623156e+01
3.765316470003300253e+01
3.765113920478182763e+01
3.764910462769078237e+01
3.764706100388658427e+01
3.764500836885779478e+01
3.764294675843557769e+01
3.764087620889039698e+01
3.763879675700831484e+01
3.763670844009712368e+01
3.763461129601782318e+01
3.763250536329410068e+01
3.763039068122562014e+01
3.762826728993127290e+01
3.762613523034272589e+01
3.762399454421942124e+01
3.762184527422299851e+01
3.761968746400150110e+01
3.761752115818978837e+01
3.761534640229991311e+01
3.761316324256082311e+01
3.761097172577957082e+01
3.760877189926966935e+01
3.760656381085941291e+01
3.760434750894496858e+01
3.760212304253570181e+01
3.759989046128197998e+01
3.759764981551372642e+01
3.759540115630039026e+01
3.759314453550703661e+01
3.759088000582023881e+01
3.758860762074774442e+01
3.758632743460440651e+01
3.758403950248070657e+01
3.758174388019856593e+01
3.757944062427984022e+01
3.757712979195282088e+01
3.757481144120745853e+01
3.757248563087298265e+01
3.757015242066827909e+01
3.756781187119480592e+01
3.756546404386716631e+01
3.756310900081056303e+01
3.756074680477389904e+01
3.755837751906425126e+01
3.755600120747850212e+01
3.755361793424759043e+01
3.755122776404411411e+01
3.754883076207178050e+01
3.754642699419671459e+01
3.754401652706519599e+01
3.754159942817555162e+01
3.753917576590045968e+01
3.753674560947803229e+01
3.753430902897663657e+01
3.753186609521002026e+01
3.752941687961938300e+01
3.752696145417195339e+01
3.752449989126835561e+01
3.752203226364419208e+01
3.751955864430665599e+01
3.751707910650817013e+01
3.751459372368887557e+01
3.751210256935678444e+01
3.750960571695626555e+01
3.750710323979689775e+01
3.750459521107978844e+01
3.750208170399691454e+01
3.749956279184318930e+01
3.749703854813138548e+01
3.749450904675390461e+01
3.749197436218346269e+01
3.748943456964359200e+01
3.748688974520710104e+01
3.748433996583119665e+01
3.748178530936046116e+01
3.747922585452113253e+01
3.747666168088800021e+01
3.747409286879493351e+01
3.747151949921416758e+01
3.746894165364538054e+01
3.746635941401449799e+01
3.746377286258514516e+01
3.746118208190912213e+01
3.745858715481581669e+01
3.745598816439675716e+01
3.745338519394829291e+01
3.745077832688993169e+01
3.744816764669628384e+01
3.744555323684952697e+01
3.744293518079768290e+01
3.744031356190414073e+01
3.743768846338355161e+01
3.743505996823284931e+01
3.743242815916131860e+01
3.742979311851676272e+01
3.742715492821459833e+01
3.742451366967669202e+01
3.742186942377606584e+01
3.741922227078936203e+01
3.741657229037078736e+01
3.741391956154843967e+01
3.741126416272746269e+01
3.740860617170002200e+01
3.740594566567966694e+01
3.740328272135120358e+01
3.740061741489730451e+01
3.739794982198313278e+01
3.739528001771572008e+01
3.739260807659645991e+01
3.738993407246686473e+01
3.738725807843670168e+01
3.738458016678884377e+01
3.738190040886752286e+01
3.737921887496946738e+01
3.737653563427310388e+01
3.737385075483591379e+01
3.737116430363560937e+01
3.736847634659577722e+01
3.736578694857350058e+01
3.736309617332165800e+01
3.736040408344148744e+01
3.735771074034488493e+01
3.735501620424302160e+01
3.735232053416125808e+01
3.734962378796380023e+01
3.734692602237251435e+01
3.734422729298184152e+01
3.734152765427371179e+01
3.733882715962564447e+01
3.733612586131108912e+01
3.733342381050456993e+01
3.733072105731319112e+01
3.732801765085683598e+01
3.732531363940385916e+01
3.732260907055162846e+01
3.731990399144795134e+01
3.731719844905833128e+01
3.731449249044483452e+01
3.731178616298269901e+01
3.730907951448143223e+01
3.730637259325233401e+01
3.730366544818286201e+01
3.730095812882852613e+01
3.729825068548429812e+01
3.729554316919958268e+01
3.729283563171908611e+01
3.729012812537111898e+01
3.728742070297833777e+01
3.728471341784437953e+01
3.728200632379417812e+01
3.727929947522976306e+01
3.727659292720269946e+01
3.727388673550108678e+01
3.727118095670735443e+01
3.726847564819274794e+01
3.726577086806601358e+01
3.726306667511136794e+01
3.726036312872650313e+01
3.725766028885371384e+01
3.725495821592862455e+01
3.725225697088628607e+01
3.724955661519370409e+01
3.724685721082965273e+01
3.724415882018953994e+01
3.724146150595031202e+01
3.723876533094218644e+01
3.723607035806521282e+01
3.723337665025444920e+01
3.723068427047933682e+01
3.722799328177126910e+01
3.722530374726673585e+01
3.722261573023980219e+01
3.721992929410723150e+01
3.721724450241907789e+01
3.721456141884921465e+01
3.721188010717125394e+01
3.720920063120429688e+01
3.720652305472946608e+01
3.720384744139077782e+01
3.720117385461949766e+01
3.719850235761877144e+01
3.719583301340387038e+01
3.719316588486383779e+01
3.719050103482111780e+01
3.718783852609518448e+01
3.718517842157291398e+01
3.718252078425560114e+01
3.717986567725530023e+01
3.717721316375514107e+01
3.717456330696087008e+01
3.717191617004944959e+01
3.716927181611377762e+01
3.716663030811323409e+01
3.716399170884468361e+01
3.716135608093490106e+01
3.715872348683591753e+01
3.715609398880964420e+01
3.715346764890665554e+01
3.715084452894689804e+01
3.714822469050625386e+01
3.714560819490894517e+01
3.714299510321504982e+01
3.714038547619341557e+01
3.713777937428675813e+01
3.713517685758069575e+01
3.713257798578242586e+01
3.712998281821410984e+01
3.712739141381593555e+01
3.712480383113165061e+01
3.712222012825124295e+01
3.711964036272144796e+01
3.711706459145626269e+01
3.711449287066790959e+01
3.711192525582118407e+01
3.710936180160043563e+01
3.710680256187558257e+01
3.710424758966811254e+01
3.710169693712877859e+01
3.709915065552989688e+01
3.709660879526441590e+01
3.709407140584895757e+01
3.709153853593554118e+01
3.708901023333601898e+01
3.708648654506107079e+01
3.708396751736991348e+01
3.708145319581714006e+01
3.707894362528389109e+01
3.707643884999150430e+01
3.707393891350349691e+01
3.707144385872265246e+01
3.706895372788711285e+01
3.706646856256648448e+01
3.706398840365692848e+01
3.706151329137436079e+01
3.705904326524755987e+01
3.705657836410939154e+01
3.705411862608116280e+01
3.705166408856283766e+01
3.704921478824560666e+01
3.704677076113523526e+01
3.704433204256947931e+01
3.704189866724141211e+01
3.703947066924606446e+01
3.703704808213682043e+01
3.703463093895746283e+01
3.703221927223717103e+01
3.702981311396214892e+01
3.702741249553651670e+01
3.702501744773638137e+01
3.702262800066195325e+01
3.702024418369551029e+01
3.701786602546905414e+01
3.701549355384270257e+01
3.701312679590258625e+01
3.701076577798883704e+01
3.700841052574707390e+01
3.700606106418562291e+01
3.700371741772008960e+01
3.700137961017997412e+01
3.699904766476652895e+01
3.699672160398430520e+01
3.699440144958830956e+01
3.699208722258273241e+01
3.698977894326160509e+01
3.698747663124259333e+01
3.698518030547061386e+01
3.698288998419801743e+01
3.698060568494043565e+01
3.697832742441315901e+01
3.697605521847526688e+01
3.697378908210296800e+01
3.697152902938831431e+01
3.696927507355045606e+01
3.696702722695385290e+01
3.696478550112632888e+01
3.696254990676749230e+01
3.696032045374830233e+01
3.695809715111264637e+01
3.695588000709830112e+01
3.695366902920862628e+01
3.695146422435334443e+01
3.694926559903026231e+01
3.694707315950500259e+01
3.694488691198781538e+01
3.694270686283574179e+01
3.694053301877225692e+01
3.693836538707088124e+01
3.693620397567155322e+01
3.693404879325414925e+01
3.693189984930225478e+01
3.692975715415715854e+01
3.692762071903877086e+01
3.692549055601190133e+01
3.692336667790973337e+01
3.692124909828748258e+01
3.691913783148606854e+01
3.691703289279031708e+01
3.691493429859004749e+01
3.691284206649442723e+01
3.691075621540827001e+01
3.690867676555673427e+01
3.690660373842720077e+01
3.690453715664004619e+01
3.690247704378432303e+01
3.690042342425442001e+01
3.689837632312953986e+01
3.689633576610679455e+01
3.689430177946051970e+01
3.689227439003379061e+01
3.689025362532440511e+01
3.688823951368964771e+01
3.688623208457546809e+01
3.688423136864427931e+01
3.688223739778393195e+01
3.688025020507382834e+01
3.687826982476465787e+01
3.687629629226589856e+01
3.687432964411577530e+01
3.687236991792102714e+01
3.687041715227425698e+01
3.686847138667125279e+01
3.686653266143026286e+01
3.686460101760249586e+01
3.686267649689234105e+01
3.686075914161556000e+01
3.685884899469351694e+01
3.685694609965133139e+01
3.685505050057307841e+01
3.685316224198400192e+01
3.685128136868491566e+01
3.684940792559930856e+01
3.684754195767107632e+01
3.684568350980607221e+01
3.684383262680973559e+01
3.684198935327895441e+01
3.684015373346467470e+01
3.683832581114619131e+01
3.683650562952882268e+01
3.683469323115905070e+01
3.683288865786407484e+01
3.683109195073514286e+01
3.682930315016835010e+01
3.682752229596096782e+01
3.682574942743988089e+01
3.682398458357735649e+01
3.682222780308048726e+01
3.682047912450990168e+01
3.681873858645975872e+01
3.681700622773581699e+01
3.681528208746141928e+01
3.681356620511132149e+01
3.681185862050857338e+01
3.681015937380868053e+01
3.680846850547693805e+01
3.680678605625306687e+01
3.680511206710029626e+01
3.680344657914954354e+01
3.680178963365037248e+01
3.680014127193074813e+01
3.679850153536455082e+01
3.679687046534684214e+01
3.679524810327406215e+01
3.679363449052022617e+01
3.679202966840149713e+01
3.679043367812997900e+01
3.678884656076361637e+01
3.678726835716095422e+01
3.678569910795049935e+01
3.678413885351758239e+01
3.678258763399804110e+01
3.678104548926604167e+01
3.677951245891506460e+01
3.677798858223691525e+01
3.677647389820270973e+01
3.677496844544965171e+01
3.677347226227171006e+01
3.677198538660637439e+01
3.677050785601651484e+01
3.676903970767421725e+01
3.676758097835237038e+01
3.676613170442594480e+01
3.676469192188015711e+01
3.676326166632049564e+01
3.676184097298177988e+01
3.676042987673721996e+01
3.675902841211816252e+01
3.675763661335137300e+01
3.675625451439039182e+01
3.675488214891191774e+01
3.675351955028870066e+01
3.675216675157612656e+01
3.675082378553475593e+01
3.674949068468897906e+01
3.674816748139822664e+01
3.674685420790584089e+01
3.674555089635084926e+01
3.674425757875637544e+01
3.674297428701125057e+01
3.674170105284664345e+01
3.674043790780401508e+01
3.673918488319229425e+01
3.673794201003330784e+01
3.673670931900240788e+01
3.673548684037680090e+01
3.673427460399756228e+01
3.673307263924617416e+01
3.673188097503673077e+01
3.673069963981092911e+01
3.672952866151659634e+01
3.672836806757540984e+01
3.672721788485745265e+01
3.672607813966259016e+01
3.672494885770566242e+01
3.672383006411050843e+01
3.672272178340974591e+01
3.672162403953581133e+01
3.672053685579930260e+01
3.671946025487316234e+01
3.671839425879829122e+01
3.671733888900369180e+01
3.671629416632860199e+01
3.671526011104460707e+01
3.671423674287770922e+01
3.671322408103335277e+01
3.671222214424374641e+01
3.671123095084546151e+01
3.671025051885696655e+01
3.670928086602496876e+01
3.670832200983861071e+01
3.670737396752612369e+01
3.670643675603486145e+01
3.670551039197339804e+01
3.670459489151166110e+01
3.670369027027619069e+01
3.670279654327267593e+01
3.670191372483279935e+01
3.670104182857279085e+01
3.670018086735876039e+01
3.669933085327880917e+01
3.669849179762881164e+01
3.669766371092443080e+01
3.669684660294335998e+01
3.669604048277629715e+01
3.669524535885839356e+01
3.669446123897734680e+01
3.669368813025027265e+01
3.669292603904311534e+01
3.669217497085494273e+01
3.669143493023831581e+01
3.669070592077802928e+01
3.668998794509030859e+01
3.668928100481811327e+01
3.668858510063228096e+01
3.668790023225107433e+01
3.668722639847641886e+01
3.668656359723677696e+01
3.668591182563402953e+01
3.668527107999611303e+01
3.668464135592773800e+01
3.668402264834642779e+01
3.668341495150008313e+01
3.668281825897084758e+01
3.668223256367704721e+01
3.668165785788677624e+01
3.668109413324607715e+01
3.668054138080712079e+01
3.667999959102908747e+01
3.667946875373228011e+01
3.667894885802100191e+01
3.667843989223279522e+01
3.667794184398599810e+01
3.667745470034419242e+01
3.667697844803223717e+01
3.667651307363086488e+01
3.667605856371579165e+01
3.667561490492953169e+01
3.667518208401033775e+01
3.667476008781434160e+01
3.667434890334252628e+01
3.667394851779690867e+01
3.667355891869611639e+01
3.667318009403285828e+01
3.667281203242158938e+01
3.667245472319655164e+01
3.667210815646004818e+01
3.667177232310250901e+01
3.667144721480105574e+01
3.667113282400835317e+01
3.667082914395604121e+01
3.667053616867955412e+01
3.667025389305174343e+01
3.666998231279887221e+01
3.666972142446801541e+01
3.666947122534266157e+01
3.666923171334087783e+01
3.666900288692508525e+01
3.666878474503134555e+01
3.666857728703853070e+01
3.666838051278913468e+01
3.666819442262074347e+01
3.666801901737316882e+01
3.666785429839946886e+01
3.666770026761393808e+01
3.666755692755373985e+01
3.666742428141130006e+01
3.666730233302962461e+01
3.666719108687625805e+01
3.666709054800347189e+01
3.666700072199687810e+01
3.666692161492196078e+01
3.666685323328331947e+01
3.666679558400434047e+01
3.666674867442340258e+01
3.666671251229202255e+01
3.666668710575933687e+01
3.666667246334196761e+01
3.666666859388705291e+01
3.666667550653229313e+01
3.666669321067582388e+01
3.666672171597127061e+01
3.666676103234821227e+01
3.666681117005791890e+01
3.666687213974437753e+01
3.666694395252705618e+01
3.666702662007283919e+01
3.666712015462907459e+01
3.666722456900296834e+01
3.666733987650007975e+01
3.666746609083259045e+01
3.666760322598566546e+01
3.666775129604290839e+01
3.666791031501566067e+01
3.666808029672199609e+01
3.666826125471634157e+01
3.666845320224535243e+01
3.666865615220967101e+01
3.666887011712560707e+01
3.666909510909951564e+01
3.666933113982745596e+01
3.666957822061142025e+01
3.666983636237257116e+01
3.667010557565185280e+01
3.667038587059884236e+01
3.667067725695287095e+01
3.667097974402113181e+01
3.667129334066069646e+01
3.667161805527022267e+01
3.667195389579048737e+01
3.667230086970773328e+01
3.667265898405998570e+01
3.667302824545404860e+01
3.667340866010001577e+01
3.667380023386036214e+01
3.667420297230390958e+01
3.667461688076463844e+01
3.667504196441021236e+01
3.667547822830756843e+01
3.667592567746609689e+01
3.667638431685840317e+01
3.667685415143129291e+01
3.667733518610893384e+01
3.667782742578044974e+01
3.667833087526899050e+01
3.667884553929100377e+01
3.667937142242525539e+01
3.667990852910033084e+01
3.668045686358995283e+01
3.668101643001307366e+01
3.668158723234377305e+01
3.668216927442204423e+01
3.668276255995292701e+01
3.668336709249293648e+01
3.668398287543452341e+01
3.668460991200218047e+01
3.668524820526516805e+01
3.668589775816184329e+01
3.668655857352788274e+01
3.668723065412449102e+01
3.668791400266854907e+01
3.668860862185982796e+01
3.668931451439060965e+01
3.669003168293294692e+01
3.669076013011222415e+01
3.669149985847775497e+01
3.669225087048124578e+01
3.669301316846978267e+01
3.669378675468464479e+01
3.669457163123480115e+01
3.669536780000900222e+01
3.669617526253624362e+01
3.669699401986080289e+01
3.669782407248060707e+01
3.669866542033423684e+01
3.669951806280160156e+01
3.670038199870264606e+01
3.670125722629110498e+01
3.670214374324343254e+01
3.670304154666234098e+01
3.670395063313870310e+01
3.670487099888554638e+01
3.670580263989641168e+01
3.670674555207151002e+01
3.670769973128739849e+01
3.670866517341207214e+01
3.670964187428104708e+01
3.671062982965885624e+01
3.671162903521218368e+01
3.671263948650251052e+01
3.671366117898551096e+01
3.671469410801240230e+01
3.671573826884782932e+01
3.671679365670919282e+01
3.671786026680589998e+01
3.671893809436015488e+01
3.672002713461207435e+01
3.672112738282000066e+01
3.672223883426072888e+01
3.672336148422195379e+01
3.672449532797421767e+01
3.672564036072633087e+01
3.672679657758170890e+01
3.672796397350053610e+01
3.672914254325997518e+01
3.673033228140949547e+01
3.673153318221740449e+01
3.673274523960372306e+01
3.673396844707694697e+01
3.673520279770880137e+01
3.673644828415567787e+01
3.673770489869570355e+01
3.673897263325111595e+01
3.674025147940096048e+01
3.674154142839954318e+01
3.674284247119197744e+01
3.674415459839660514e+01
3.674547780023863908e+01
3.674681206646242515e+01
3.674815738626704587e+01
3.674951374829252870e+01
3.675088114066159051e+01
3.675225955104572506e+01
3.675364896670589587e+01
3.675504937449628073e+01
3.675646076084842662e+01
3.675788311174475353e+01
3.675931641269099259e+01
3.676076064869938165e+01
3.676221580427960589e+01
3.676368186343555067e+01
3.676515880967964733e+01
3.676664662606267342e+01
3.676814529519583630e+01
3.676965479925234348e+01
3.677117511995629684e+01
3.677270623857060627e+01
3.677424813588779529e+01
3.677580079222178711e+01
3.677736418740740731e+01
3.677893830081654158e+01
3.678052311137899011e+01
3.678211859758496871e+01
3.678372473747283777e+01
3.678534150865002061e+01
3.678696888837426116e+01
3.678860685367094163e+01
3.679025538148539454e+01
3.679191444887228357e+01
3.679358403316444992e+01
3.679526411208626513e+01
3.679695466383576274e+01
3.679865566714337888e+01
3.680036710129370192e+01
3.680208894611205750e+01
3.680382118191709395e+01
3.680556378943427376e+01
3.680731674968507150e+01
3.680908004387613630e+01
3.681085365329816739e+01
3.681263755923644965e+01
3.681443174290092202e+01
3.681623618537953035e+01
3.681805086760328294e+01
3.681987577031230074e+01
3.682171087402859655e+01
3.682355615904447177e+01
3.682541160542650971e+01
3.682727719302823033e+01
3.682915290149797727e+01
3.683103871026716547e+01
3.683293459851919494e+01
3.683484054515817263e+01
3.683675652879533402e+01
3.683868252774794882e+01
3.684061852003344484e+01
3.684256448334790690e+01
3.684452039503283061e+01
3.684648623204387263e+01
3.684846197093509801e+01
3.685044758787448416e+01
3.685244305869922954e+01
3.685444835898380234e+01
3.685646346407384044e+01
3.685848834906647653e+01
3.686052298874481892e+01
3.686256735749202562e+01
3.686462142922481888e+01
3.686668517736787010e+01
3.686875857485647145e+01
3.687084159414791174e+01
3.687293420723288051e+01
3.687503638564580655e+01
3.687714810047919656e+01
3.687926932240369382e+01
3.688140002168428566e+01
3.688354016817797287e+01
3.688568973130414008e+01
3.688784867999153505e+01
3.689001698261647988e+01
3.689219460694690866e+01
3.689438152009807936e+01
3.689657768849799169e+01
3.689878307786451472e+01
3.690099765320194081e+01
3.690322137881608455e+01
3.690545421833321171e+01
3.690769613470730803e+01
3.690994709021172326e+01
3.691220704642299921e+01
3.691447596420569965e+01
3.691675380369912318e+01
3.691904052430110994e+01
3.692133608464597216e+01
3.692364044257952571e+01
3.692595355513601163e+01
3.692827537851795228e+01
3.693060586807890644e+01
3.693294497831401912e+01
3.693529266286122947e+01
3.693764887450252132e+01
3.694001356514758072e+01
3.694238668579995988e+01
3.694476818653289740e+01
3.694715801650901454e+01
3.694955612404870493e+01
3.695196245671112933e+01
3.695437696136256278e+01
3.695679958424768330e+01
3.695923027105784797e+01
3.696166896696631454e+01
3.696411561664780976e+01
3.696657016431953480e+01
3.696903255382993336e+01
3.697150272882918642e+01
3.697398063298260240e+01
3.697646621010803614e+01
3.697895940419148531e+01
3.698146015935792263e+01
3.698396841990341244e+01
3.698648413043151351e+01
3.698900723605002128e+01
3.699153768253654562e+01
3.699407541640179176e+01
3.699662038486222571e+01
3.699917253579815224e+01
3.700173181775557651e+01
3.700429817999287252e+01
3.700687157254402138e+01
3.700945194628086199e+01
3.701203925296651676e+01
3.701463344528843180e+01
3.701723447686112678e+01
3.701984230219487415e+01
3.702245687664005658e+01
3.702507815633824606e+01
3.702770609819089742e+01
3.703034065981432832e+01
3.703298179948301794e+01
3.703562947610504352e+01
3.703828364924137162e+01
3.704094427915916299e+01
3.704361132691047231e+01
3.704628475441182900e+01
3.704896452450148558e+01
3.705165060096739893e+01
3.705434294854011057e+01
3.705704153283596725e+01
3.705974632026234161e+01
3.706245727793936595e+01
3.706517437366360923e+01
3.706789757588434497e+01
3.707062685370127042e+01
3.707336217692748193e+01
3.707610351617773858e+01
3.707885084289345201e+01
3.708160412929652239e+01
3.708436334832074976e+01
3.708712847354227904e+01
3.708989947910129104e+01
3.709267633960804034e+01
3.709545903004310929e+01
3.709824752566441219e+01
3.710104180191616763e+01
3.710384183432717009e+01
3.710664759839923477e+01
3.710945906950057349e+01
3.711227622277279181e+01
3.711509903305247349e+01
3.711792747481707977e+01
3.712076152215916380e+01
3.712360114876928208e+01
3.712644632791499788e+01
3.712929703242478041e+01
3.713215323467967721e+01
3.713501490660399895e+01
3.713788201964722901e+01
3.714075454474449600e+01
3.714363245223611898e+01
3.714651571175015476e+01
3.714940429209172379e+01
3.715229816118591089e+01
3.715519728608396122e+01
3.715810163300264435e+01
3.716101116735574550e+01
3.716392585376416946e+01
3.716684565606697532e+01
3.716977053736653147e+01
3.717270046011064721e+01
3.717563538617762475e+01
3.717857527693601583e+01
3.718152009327604191e+01
3.718446979561284138e+01
3.718742434385167428e+01
3.719038369731123339e+01
3.719334781462359274e+01
3.719631665363898065e+01
3.719929017134714400e+01
3.720226832381136006e+01
3.720525106611605537e+01
3.720823835233196064e+01
3.721123013549394898e+01
3.721422636758565972e+01
3.721722699953092928e+01
3.722023198119204324e+01
3.722324126137189637e+01
3.722625478782681796e+01
3.722927250731061832e+01
3.723229436564486150e+01
3.723532030777555946e+01
3.723835027779475126e+01
3.724138421893772488e+01
3.724442207356662493e+01
3.724746378314234363e+01
3.725050928818762941e+01
3.725355852825020264e+01
3.725661144187562002e+01
3.725966796659569980e+01
3.726272803893638752e+01
3.726579159444325029e+01
3.726885856771075112e+01
3.727192889240089357e+01
3.727500250124424497e+01
3.727807932602057406e+01
3.728115929752384972e+01
3.728424234552333161e+01
3.728732839873057969e+01
3.729041738478969847e+01
3.729350923031644527e+01
3.729660386098198899e+01
3.729970120159872238e+01
3.730280117617290614e+01
3.730590370792126009e+01
3.730900871925835105e+01
3.731211613177030983e+01
3.731522586620904747e+01
3.731833784250782315e+01
3.732145197975598450e+01
3.732456819609474508e+01
3.732768640858180476e+01
3.733080653309003338e+01
3.733392848426657906e+01
3.733705217556701683e+01
3.734017751937119556e+01
3.734330442713622489e+01
3.734643280951043209e+01
3.734956257640737931e+01
3.735269363712958324e+01
3.735582590057599361e+01
3.735895927546212647e+01
3.736209367049635688e+01
3.736522899450849167e+01
3.736836515654231050e+01
3.737150206594028390e+01
3.737463963243609300e+01
3.737777776623644854e+01
3.738091637808144441e+01
3.738405537929326528e+01
3.738719468181707128e+01
3.739033419824725257e+01
3.739347384182453027e+01
3.739661352640179359e+01
3.739975316641879033e+01
3.740289267692155306e+01
3.740603197359651233e+01
3.740917097277822023e+01
3.741230959145032386e+01
3.741544774727476863e+01
3.741858535864242441e+01
3.742172234470519498e+01
3.742485862535365726e+01
3.742799412115071789e+01
3.743112875327222611e+01
3.743426244348259502e+01
3.743739511412503873e+01
3.744052668809138851e+01
3.744365708877236187e+01
3.744678624003029910e+01
3.744991406622057895e+01
3.745304049223935294e+01
3.745616544355958411e+01
3.745928884625051580e+01
3.746241062699910174e+01
3.746553071312657579e+01
3.746864903258261137e+01
3.747176551392291088e+01
3.747488008628098299e+01
3.747799267934284728e+01
3.748110322334213862e+01
3.748421164908156555e+01
3.748731788795536346e+01
3.749042187195125564e+01
3.749352353365048884e+01
3.749662280623951460e+01
3.749971962350912236e+01
3.750281391981641121e+01
3.750590563000501731e+01
3.750899468931164193e+01
3.751208103331151023e+01
3.751516459790970259e+01
3.751824531933535667e+01
3.752132313412031550e+01
3.752439797909234898e+01
3.752746979141031147e+01
3.753053850861194718e+01
3.753360406862762488e+01
3.753666640975117730e+01
3.753972547055429487e+01
3.754278118973271461e+01
3.754583350595238755e+01
3.754888235777559657e+01
3.755192768365031952e+01
3.755496942190840315e+01
3.755800751075791766e+01
3.756104188825599266e+01
3.756407249223493494e+01
3.756709926021564883e+01
3.757012212938735018e+01
3.757314103665837735e+01
3.757615591870016658e+01
3.757916671192989355e+01
3.758217335244732737e+01
3.758517577595901571e+01
3.758817391770054428e+01
3.759116771235883192e+01
3.759415709399533512e+01
3.759714199596543693e+01
3.760012235082510301e+01
3.760309809022105298e+01
3.760606914478187690e+01
3.760903544404133214e+01
3.761199691639959752e+01
3.761495348909918590e+01
3.761790508819984069e+01
3.762085163855058312e+01
3.762379306375684251e+01
3.762672928615639023e+01
3.762966022681866463e+01
3.763258580554308708e+01
3.763550594083211109e+01
3.763842054985842367e+01
3.764132954845160128e+01
3.764423285112183493e+01
3.764713037114498917e+01
3.765002202069546655e+01
3.765290771096438505e+01
3.765578735222815254e+01
3.765866085388977069e+01
3.766152812452788368e+01
3.766438907196439345e+01
3.766724360333891042e+01
3.767009162517442178e+01
3.767293304341959725e+01
3.767576776345701717e+01
3.767859569009093690e+01
3.768141672756041771e+01
3.768423077960993339e+01
3.768703774959794828e+01
3.768983754060066360e+01
3.769263005547877299e+01
3.769541519690715603e+01
3.769819286740757747e+01
3.770096296941738956e+01
3.770372540537186978e+01
3.770648007775157851e+01
3.770922688908095921e+01
3.771196574191331052e+01
3.771469653885478124e+01
3.771741918265165339e+01
3.772013357631563224e+01
3.772283962324334539e+01
3.772553722730560111e+01
3.772822629289968432e+01
3.773090672496265796e+01
3.773357842895649839e+01
3.773624131085608013e+01
3.773889527717036430e+01
3.774154023498305577e+01
3.774417609195041479e+01
3.774680275621435044e+01
3.774942013627065052e+01
3.775202814086950553e+01
3.775462667899090263e+01
3.775721565989515227e+01
3.775979499320259691e+01
3.776236458895190395e+01
3.776492435764576783e+01
3.776747421030530916e+01
3.777001405852163174e+01
3.777254381449565557e+01
3.777506339106245292e+01
3.777757270168630299e+01
3.778007166042266363e+01
3.778256018186946363e+01
3.778503818114569413e+01
3.778750557391088449e+01
3.778996227641285088e+01
3.779240820556863412e+01
3.779484327907852048e+01
3.779726741553327685e+01
3.779968053448437360e+01
3.780208255647823279e+01
3.780447340304952775e+01
3.780685299667162980e+01
3.780922126067206790e+01
3.781157811911192113e+01
3.781392349666813857e+01
3.781625731860260231e+01
3.781857951082667313e+01
3.782088999998520507e+01
3.782318871352305933e+01
3.782547557974871921e+01
3.782775052789697412e+01
3.783001348818569909e+01
3.783226439186884704e+01
3.783450317125532081e+01
3.783672975964505270e+01
3.783894409121156599e+01
3.784114610093516262e+01
3.784333572462968220e+01
3.784551289900046100e+01
3.784767756166620956e+01
3.784982965113030673e+01
3.785196910671218262e+01
3.785409586846990493e+01
3.785620987716957586e+01
3.785831107433364195e+01
3.786039940234183376e+01
3.786247480452823311e+01
3.786453722523547327e+01
3.786658660982904934e+01
3.786862290469019854e+01
3.787064605718641985e+01
3.787265601563224493e+01
3.787465272928803728e+01
3.787663614839583204e+01
3.787860622417814227e+01
3.788056290877062793e+01
3.788250615514786546e+01
3.788443591710084490e+01
3.788635214926411976e+01
3.788825480715861715e+01
3.789014384723245144e+01
3.789201922690860869e+01
3.789388090463366865e+01
3.789572883988750363e+01
3.789756299314922927e+01
3.789938332587386327e+01
3.790118980049140873e+01
3.790298238037479450e+01
3.790476102977766004e+01
3.790652571381107805e+01
3.790827639846904162e+01
3.791001305062960824e+01
3.791173563798203361e+01
3.791344412892084392e+01
3.791513849249731294e+01
3.791681869845775310e+01
3.791848471730806835e+01
3.792013652035399218e+01
3.792177407972092595e+01
3.792339736836787978e+01
3.792500636009565085e+01
3.792660102953848877e+01
3.792818135214108111e+01
3.792974730414535856e+01
3.793129886259682593e+01
3.793283600534697797e+01
3.793435871102846590e+01
3.793586695900010852e+01
3.793736072927342207e+01
3.793884000243426868e+01
3.794030475955385384e+01
3.794175498208509367e+01
3.794319065179409733e+01
3.794461175078811266e+01
3.794601826162239178e+01
3.794741016741388506e+01
3.794878745191404334e+01
3.795015009953005602e+01
3.795149809530903440e+01
3.795283142492326789e+01
3.795415007469438962e+01
3.795545403162928011e+01
3.795674328338201065e+01
3.795801781813779030e+01
3.795927762451748322e+01
3.796052269154347414e+01
3.796175300861722945e+01
3.796296856549495402e+01
3.796416935229736822e+01
3.796535535952827445e+01
3.796652657803565489e+01
3.796768299895141041e+01
3.796882461371968986e+01
3.796995141421396625e+01
3.797106339283750742e+01
3.797216054256448814e+01
3.797324285696360135e+01
3.797431033023821811e+01
3.797536295725393529e+01
3.797640073347552203e+01
3.797742365477826354e+01
3.797843171719211597e+01
3.797942491668189291e+01
3.798040324904635412e+01
3.798136670993416431e+01
3.798231529490766434e+01
3.798324899952706346e+01
3.798416781946783516e+01
3.798507175063026864e+01
3.798596078917118035e+01
3.798683493146842949e+01
3.798769417410974114e+01
3.798853851395764281e+01
3.798936794825326047e+01
3.799018247469884813e+01
3.799098209148955618e+01
3.799176679731511541e+01
3.799253659136734029e+01
3.799329147334670154e+01
3.799403144343973082e+01
3.799475650226616352e+01
3.799546665081159347e+01
3.799616189035032221e+01
3.799684222235952546e+01
3.799750764844704776e+01
3.799815817034647836e+01
3.799879379001252033e+01
3.799941450975831003e+01
3.800002033235278276e+01
3.800061126108210630e+01
3.800118729979835308e+01
3.800174845292545456e+01
3.800229472541247588e+01
3.800282612267821492e+01
3.800334265058111782e+01
3.800384431541358765e+01
3.800433112389143275e+01
3.800480308310340405e+01
3.800526020044129183e+01
3.800570248357677627e+01
3.800612994050451476e+01
3.800654257959703841e+01
3.800694040959528053e+01
3.800732343949785985e+01
3.800769167838805629e+01
3.800804513528417061e+01
3.800838381907563956e+01
3.800870773856923535e+01
3.800901690262490007e+01
3.800931132027606907e+01
3.800959100071745667e+01
3.800985595317798271e+01
3.801010618680344777e+01
3.801034171062786982e+01
3.801056253362081350e+01
3.801076866475619198e+01
3.801096011304797173e+01
3.801113688753619613e+01
3.801129899725944483e+01
3.801144645124283272e+01
3.801157925847634544e+01
3.801169742789123518e+01
3.801180096842212919e+01
3.801188988915884437e+01
3.801196419945139837e+01
3.801202390890210125e+01
3.801206902733326132e+01
3.801209956480857244e+01
3.801211553167877355e+01
3.801211693858748930e+01
3.801210379642734694e+01
3.801207611630392336e+01
3.801203390954260897e+01
3.801197718770227851e+01
3.801190596257144705e+01
3.801182024615474830e+01
3.801172005063111925e+01
3.801160538825268986e+01
3.801147627119095773e+01
3.801133271139869407e+01
3.801117472057506319e+01
3.801100231024962284e+01
3.801081549192085873e+01
3.801061427717632313e+01
3.801039867776693626e+01
3.801016870567253392e+01
3.800992437318797101e+01
3.800966569298288533e+01
3.800939267808063704e+01
3.800910534177008060e+01
3.800880369751829591e+01
3.800848775895353526e+01
3.800815753993580870e+01
3.800781305466356486e+01
3.800745431774336680e+01
3.800708134419919304e+01
3.800669414945836166e+01
3.800629274935994317e+01
3.800587716018164741e+01
3.800544739864044885e+01
3.800500348185134669e+01
3.800454542727251095e+01
3.800407325266896663e+01
3.800358697611913072e+01
3.800308661607208904e+01
3.800257219142525145e+01
3.800204372157777044e+01
3.800150122643524497e+01
3.800094472635401388e+01
3.800037424203195258e+01
3.799978979438659366e+01
3.799919140448296417e+01
3.799857909355787910e+01
3.799795288309975660e+01
3.799731279487296831e+01
3.799665885084868222e+01
3.799599107311718882e+01
3.799530948384999363e+01
3.799461410530668104e+01
3.799390495987494631e+01
3.799318207015350168e+01
3.799244545906618242e+01
3.799169514997411312e+01
3.799093116674992388e+01
3.799015353380814020e+01
3.798936227613656769e+01
3.798855741935205543e+01
3.798773898974359753e+01
3.798690701426972538e+01
3.798606152049740814e+01
3.798520253645142475e+01
3.798433009038379993e+01
3.798344421059205445e+01
3.798254492540593219e+01
3.798163226329982933e+01
3.798070625301208025e+01
3.797976692360283835e+01
3.797881430443022310e+01
3.797784842506215597e+01
3.797686931517851150e+01
3.797587700449172843e+01
3.797487152265485122e+01
3.797385289914520712e+01
3.797282116315881240e+01
3.797177634352430431e+01
3.797071846864316313e+01
3.796964756651766493e+01
3.796856366489762991e+01
3.796746679147599224e+01
3.796635697404045828e+01
3.796523424057654239e+01
3.796409861937841157e+01
3.796295013915968752e+01
3.796178882909715213e+01
3.796061471878185500e+01
3.795942783810890830e+01
3.795822821718483198e+01
3.795701588633915691e+01
3.795579087621880632e+01
3.795455321785722447e+01
3.795330294265969684e+01
3.795204008229232073e+01
3.795076466848130536e+01
3.794947673281428990e+01
3.794817630668779174e+01
3.794686342145043767e+01
3.794553810862710463e+01
3.794420040006511385e+01
3.794285032796848611e+01
3.794148792489215793e+01
3.794011322374318240e+01
3.793872625778283236e+01
3.793732706062773730e+01
3.793591566625986644e+01
3.793449210903456503e+01
3.793305642365836405e+01
3.793160864513279051e+01
3.793014880870983063e+01
3.792867694989906369e+01
3.792719310449427894e+01
3.792569730856213539e+01
3.792418959838212800e+01
3.792267001037101437e+01
3.792113858105201274e+01
3.791959534711759261e+01
3.791804034555652692e+01
3.791647361376053027e+01
3.791489518955980031e+01
3.791330511118943036e+01
3.791170341720809489e+01
3.791009014641964825e+01
3.790846533786105255e+01
3.790682903084675104e+01
3.790518126501213203e+01
3.790352208035989179e+01
3.790185151732495683e+01
3.790016961680238694e+01
3.789847642008570006e+01
3.789677196873409315e+01
3.789505630442408801e+01
3.789332946882068853e+01
3.789159150348653071e+01
3.788984244988848360e+01
3.788808234953867782e+01
3.788631124418328966e+01
3.788452917592312730e+01
3.788273618725636283e+01
3.788093232111927477e+01
3.787911762096210566e+01
3.787729213079961710e+01
3.787545589516908251e+01
3.787360895901043278e+01
3.787175136755023885e+01
3.786988316627149231e+01
3.786800440100125797e+01
3.786611511808500552e+01
3.786421536456391834e+01
3.786230518827619562e+01
3.786038463785128272e+01
3.785845376260567718e+01
3.785651261238812282e+01
3.785456123742772405e+01
3.785259968819086396e+01
3.785062801524107101e+01
3.784864626915827301e+01
3.784665450059254255e+01
3.784465276042887183e+01
3.784264109995784509e+01
3.784061957097322448e+01
3.783858822576145542e+01
3.783654711698986262e+01
3.783449629759100930e+01
3.783243582076681832e+01
3.783036574008723107e+01
3.782828610953533399e+01
3.782619698343653880e+01
3.782409841633907632e+01
3.782199046293640521e+01
3.781987317807340787e+01
3.781774661682566574e+01
3.781561083462450767e+01
3.781346588739669556e+01
3.781131183168660215e+01
3.780914872473945110e+01
3.780697662453093955e+01
3.780479558975017795e+01
3.780260567977577324e+01
3.780040695468024126e+01
3.779819947526454627e+01
3.779598330309956822e+01
3.779375850052948493e+01
3.779152513062072671e+01
3.778928325712158198e+01
3.778703294449005057e+01
3.778477425793529676e+01
3.778250726337638099e+01
3.778023202732109098e+01
3.777794861678470539e+01
3.777565709935101523e+01
3.777335754334150408e+01
3.777105001796306993e+01
3.776873459334082384e+01
3.776641134043987336e+01
3.776408033093646566e+01
3.776174163709300302e+01
3.775939533166330619e+01
3.775704148784559777e+01
3.775468017930855780e+01
3.775231148029924100e+01
3.774993546578701853e+01
3.774755221156272000e+01
3.774516179424625051e+01
3.774276429123185039e+01
3.774035978064896568e+01
3.773794834137669341e+01
3.773553005306311547e+01
3.773310499607841706e+01
3.773067325138322303e+01
3.772823490036583394e+01
3.772579002474957832e+01
3.772333870661705646e+01
3.772088102846559110e+01
3.771841707320714221e+01
3.771594692415558825e+01
3.771347066503344791e+01
3.771098837992027342e+01
3.770850015310937664e+01
3.770600606895195739e+01
3.770350621176258699e+01
3.770100066579971809e+01
3.769848951530271108e+01
3.769597284454834352e+01
3.769345073788198164e+01
3.769092327970203371e+01
3.768839055442881403e+01
3.768585264651041200e+01
3.768330964047731158e+01
3.768076162104179616e+01
3.767820867324025613e+01
3.767565088255597772e+01
3.767308833494944054e+01
3.767052111682527027e+01
3.766794931501967625e+01
3.766537301682978267e+01
3.766279231004103423e+01
3.766020728290683905e+01
3.765761802406395020e+01
3.765502462241082071e+01
3.765242716701132508e+01
3.764982574705593521e+01
3.764722045185116883e+01
3.764461137080024145e+01
3.764199859337109899e+01
3.763938220907225229e+01
3.763676230744316342e+01
3.763413897802428210e+01
3.763151231027830335e+01
3.762888239349783248e+01
3.762624931673738615e+01
3.762361316873468553e+01
3.762097403778520999e+01
3.761833201163135243e+01
3.761568717745780077e+01
3.761303962198425666e+01
3.761038943157088710e+01
3.760773669228673555e+01
3.760508148993335453e+01
3.760242391002552864e+01
3.759976403773893594e+01
3.759710195781978115e+01
3.759443775444675850e+01
3.759177151107054016e+01
3.758910331027278318e+01
3.758643323366220557e+01
3.758376136180174854e+01
3.758108777415627344e+01
3.757841254905479644e+01
3.757573576366936408e+01
3.757305749403284523e+01
3.757037781513759711e+01
3.756769680110425469e+01
3.756501452533203889e+01
3.756233106057013060e+01
3.755964647892575670e+01
3.755696085184110444e+01
3.755427425005560593e+01
3.755158674355848092e+01
3.754889840153646929e+01
3.754620929233415438e+01
3.754351948343769152e+01
3.754082904146343935e+01
3.753813803213193978e+01
3.753544652023411743e+01
3.753275456960527379e+01
3.753006224311177164e+01
3.752736960265131216e+01
3.752467670917564391e+01
3.752198362273372112e+01
3.751929040250804803e+01
3.751659710682277193e+01
3.751390379312939416e+01
3.751121051798560302e+01
3.750851733703515123e+01
3.750582430499058972e+01
3.750313147562386717e+01
3.750043890176856820e+01
3.749774663532699748e+01
3.749505472726760757e+01
3.749236322760187790e+01
3.748967218534080104e+01
3.748698164844356029e+01
3.748429166377786004e+01
3.748160227710273062e+01
3.747891353306977180e+01
3.747622547523025105e+01
3.747353814603251720e+01
3.747085158680375372e+01
3.746816583773177456e+01
3.746548093787409073e+01
3.746279692520980120e+01
3.746011383672074402e+01
3.745743170846289871e+01
3.745475057559589516e+01
3.745207047236478815e+01
3.744939143204285870e+01
3.744671348686176771e+01
3.744403666796897312e+01
3.744136100543092738e+01
3.743868652827133303e+01
3.743601326452404976e+01
3.743334124128202944e+01
3.743067048473366754e+01
3.742800102018544806e+01
3.742533287207294279e+01
3.742266606397567585e+01
3.742000061865635985e+01
3.741733655811276549e+01
3.741467390360915601e+01
3.741201267568141731e+01
3.740935289413732079e+01
3.740669457806554732e+01
3.740403774584661534e+01
3.740138241515121109e+01
3.739872860292094714e+01
3.739607632534422521e+01
3.739342559785262665e+01
3.739077643517175886e+01
3.738812885144522369e+01
3.738548286038680857e+01
3.738283847539079119e+01
3.738019570960036475e+01
3.737755457597795328e+01
3.737491508737658563e+01
3.737227725657518107e+01
3.736964109625731822e+01
3.736700661893841868e+01
3.736437383686558178e+01
3.736174276192627275e+01
3.735911340558519100e+01
3.735648577884260391e+01
3.735385989220238656e+01
3.735123575564688991e+01
3.734861337862938058e+01
3.734599277010241991e+01
3.734337393858142917e+01
3.734075689222473216e+01
3.733814163892627391e+01
3.733552818640932713e+01
3.733291654228513323e+01
3.733030671407641421e+01
3.732769870926629352e+01
3.732509253544260730e+01
3.732248820053480642e+01
3.731988571304105307e+01
3.731728508215895346e+01
3.731468631783243239e+01
3.731208943076068607e+01
3.730949443239250485e+01
3.730690133492735328e+01
3.730431015133405026e+01
3.730172089535677316e+01
3.729913358148497338e+01
3.729654822492820898e+01
3.729396484163965653e+01
3.729138344835032370e+01
3.728880406255849067e+01
3.728622670252494942e+01
3.728365138735982498e+01
3.728107813714737517e+01
3.727850697299968630e+01
3.727593791705388071e+01
3.727337099245856677e+01
3.727080622332135817e+01
3.726824363461934553e+01
3.726568325215149713e+01
3.726312510258256339e+01
3.726056921353085727e+01
3.725801561362776226e+01
3.725546433254800149e+01
3.725291540104968391e+01
3.725036885102500150e+01
3.724782471552470042e+01
3.724528302872109720e+01
3.724274382581273102e+01
3.724020714292500855e+01
3.723767301707430732e+01
3.723514148621373465e+01
3.723261258931114526e+01
3.723008636639497126e+01
3.722756285854161007e+01
3.722504210779265321e+01
3.722252415699811223e+01
3.722000904963718426e+01
3.721749682971309880e+01
3.721498754178625035e+01
3.721248123112034989e+01
3.720997794383827539e+01
3.720747772699905909e+01
3.720498062859592636e+01
3.720248669751538273e+01
3.719999598347195757e+01
3.719750853693122394e+01
3.719502440904940244e+01
3.719254365164118070e+01
3.719006631716509759e+01
3.718759245870694485e+01
3.718512212994465926e+01
3.718265538510446078e+01
3.718019227892474987e+01
3.717773286661125809e+01
3.717527720376295264e+01
3.717282534627747026e+01
3.717037735025365208e+01
3.716793327191646767e+01
3.716549316758868571e+01
3.716305709369369481e+01
3.716062510676127317e+01
3.715819726343719509e+01
3.715577362049974397e+01
3.715335423487805855e+01
3.715093916369391280e+01
3.714852846434731504e+01
3.714612219460988740e+01
3.714372041267635183e+01
3.714132317716244813e+01
3.713893054704242047e+01
3.713654258152321574e+01
3.713415933989526252e+01
3.713178088141053479e+01
3.712940726521421198e+01
3.712703855036001244e+01
3.712467479591819597e+01
3.712231606111946292e+01
3.711996240548140946e+01
3.711761388892129787e+01
3.711527057185907807e+01
3.711293251527563086e+01
3.711059978069103238e+01
3.710827243006595921e+01
3.710595052566796426e+01
3.710363412996698429e+01
3.710132330560681879e+01
3.709901811544573746e+01
3.709671862262631947e+01
3.709442489063947335e+01
3.709213698336596110e+01
3.708985496510144486e+01
3.708757890057465545e+01
3.708530885494605656e+01
3.708304489376466506e+01
3.708078708288682890e+01
3.707853548839987923e+01
3.707629017659251502e+01
3.707405121395346015e+01
3.707181866714866203e+01
3.706959260298387449e+01
3.706737308838765443e+01
3.706516019038856058e+01
3.706295397604066721e+01
3.706075451231889417e+01
3.705856186603476488e+01
3.705637610378139613e+01
3.705419729189017630e+01
3.705202549639223975e+01
3.704986078298489360e+01
3.704770321700090108e+01
3.704555286338452902e+01
3.704340978668233220e+01
3.704127405104644311e+01
3.703914572023791152e+01
3.703702485761739638e+01
3.703491152611927362e+01
3.703280578821495084e+01
3.703070770587724780e+01
3.702861734055831278e+01
3.702653475318902565e+01
3.702446000419977423e+01
3.702239315355681271e+01
3.702033426080839007e+01
3.701828338513468708e+01
3.701624058539196227e+01
3.701420592014594035e+01
3.701217944769737755e+01
3.701016122609890857e+01
3.700815131316111462e+01
3.700614976645467635e+01
3.700415664331450927e+01
3.700217200083895364e+01
3.700019589587342494e+01
3.699822838498038635e+01
3.699626952441611394e+01
3.699431937013766714e+01
3.699237797784002169e+01
3.699044540299906458e+01
3.698852170089605806e+01
3.698660692661770355e+01
3.698470113504649248e+01
3.698280438085686939e+01
3.698091671850067286e+01
3.697903820214288118e+01
3.697716888555444825e+01
3.697530882201981228e+01
3.697345806428718618e+01
3.697161666455003370e+01
3.696978467447233641e+01
3.696796214530741764e+01
3.696614912811508447e+01
3.696434567397876236e+01
3.696255183410669787e+01
3.696076765978804701e+01
3.695899320225439055e+01
3.695722851252376273e+01
3.695547364128260881e+01
3.695372863880962910e+01
3.695199355490451154e+01
3.695026843879516321e+01
3.694855333904691719e+01
3.694684830351260274e+01
3.694515337933131605e+01
3.694346861296909879e+01
3.694179405029461805e+01
3.694012973665387989e+01
3.693847571688841924e+01
3.693683203528139813e+01
3.693519873546471644e+01
3.693357586032418283e+01
3.693196345192800578e+01
3.693036155150498701e+01
3.692877019948013384e+01
3.692718943553173006e+01
3.692561929863178705e+01
3.692405982707870749e+01
3.692251105854455773e+01
3.692097303012815246e+01
3.691944577839542774e+01
3.691792933940620713e+01
3.691642374873023158e+01
3.691492904145145104e+01
3.691344525216550920e+01
3.691197241497818737e+01
3.691051056350574555e+01
3.690905973087140524e+01
3.690761994969297888e+01
3.690619125206666951e+01
3.690477366955854421e+01
3.690336723320776713e+01
3.690197197353660385e+01
3.690058792056332493e+01
3.689921510381508796e+01
3.689785355233789943e+01
3.689650329470067902e+01
3.689516435898961788e+01
3.689383677279273854e+01
3.689252056318053974e+01
3.689121575668958997e+01
3.688992237931186224e+01
3.688864045648512047e+01
3.688737001307643482e+01
3.688611107336465267e+01
3.688486366103754932e+01
3.688362779919764733e+01
3.688240351034861675e+01
3.688119081636115482e+01
3.687998973846220707e+01
3.687880029726705544e+01
3.687762251281432668e+01
3.687645640457464680e+01
3.687530199144762832e+01
3.687415929176173535e+01
3.687302832327507929e+01
3.687190910317335124e+01
3.687080164806472737e+01
3.686970597397383642e+01
3.686862209633665799e+01
3.686755002999835540e+01
3.686648978921394360e+01
3.686544138764905654e+01
3.686440483837861137e+01
3.686338015388751188e+01
3.686236734607223298e+01
3.686136642622295767e+01
3.686037740497253878e+01
3.685940029223475278e+01
3.685843509716688260e+01
3.685748182818291241e+01
3.685654049302712565e+01
3.685561109886910458e+01
3.685469365235585570e+01
3.685378815960936549e+01
3.685289462620364276e+01
3.685201305714181785e+01
3.685114345683511061e+01
3.685028582908667971e+01
3.684944017708615860e+01
3.684860650342656641e+01
3.684778481017577434e+01
3.684697509902683521e+01
3.684617737148043659e+01
3.684539162898160924e+01
3.684461787300175928e+01
3.684385610511202458e+01
3.684310632707600774e+01
3.684236854095717462e+01
3.684164274921839421e+01
3.684092895479419383e+01
3.684022716114157703e+01
3.683953737229956715e+01
3.683885959297311530e+01
3.683819382861113212e+01
3.683754008544259761e+01
3.683689837048735427e+01
3.683626869158439376e+01
3.683565105745421420e+01
3.683504547779432414e+01
3.683445196339802408e+01
3.683387052626838454e+01
3.683330117969806139e+01
3.683274393830136262e+01
3.683219881799470841e+01
3.683166583592146281e+01
3.683114501033401922e+01
3.683063636047864264e+01
3.683013990651646452e+01
3.682965566946771929e+01
3.682918367115607339e+01
3.682872393414310608e+01
3.682827648165696388e+01
3.682784133752491584e+01
3.682741852611071920e+01
3.682700807225779727e+01
3.682661000123734141e+01
3.682622433868074552e+01
3.682585111048865656e+01
3.682549034274487809e+01
3.682514206166338511e+01
3.682480629357523583e+01
3.682448306493498080e+01
3.682417240229487732e+01
3.682387433221575179e+01
3.682358888116525009e+01
3.682331607549973995e+01
3.682305594156318307e+01
3.682280850582780118e+01
3.682257379497926308e+01
3.682235183592286631e+01
3.682214265574010881e+01
3.682194628161500560e+01
3.682176274073211175e+01
3.682159206015408870e+01
3.682143426670413788e+01
3.682128938687177566e+01
3.682115744674294433e+01
3.682103847196320601e+01
3.682093248774381067e+01
3.682083951889501350e+01
3.682075958985641506e+01
3.682069272470586441e+01
3.682063894714987384e+01
3.682059828050908834e+01
3.682057074770376204e+01
3.682055637123629310e+01
3.682055517317274962e+01
3.682056717512537602e+01
3.682059239823212238e+01
3.682063086313129929e+01
3.682068258993523813e+01
3.682074759820588383e+01
3.682082590693426027e+01
3.682091753453062211e+01
3.682102249883018175e+01
3.682114081711051057e+01
3.682127250611083014e+01
3.682141758204159032e+01
3.682157606057838706e+01
3.682174795684230872e+01
3.682193328537042731e+01
3.682213206008631801e+01
3.682234429428515199e+01
3.682257000063631835e+01
3.682280919119185825e+01
3.682306187739196446e+01
3.682332807007140474e+01
3.682360777947180708e+01
3.682390101525098913e+01
3.682420778647569648e+01
3.682452810159777812e+01
3.682486196842544501e+01
3.682520939410036220e+01
3.682557038508448954e+01
3.682594494716632738e+01
3.682633308550520468e+01
3.682673480469884453e+01
3.682715010883828199e+01
3.682757900155792186e+01
3.682802148609721371e+01
3.682847756534967232e+01
3.682894724188066959e+01
3.682943051792578615e+01
3.682992739538422455e+01
3.683043787581316053e+01
3.683096196042214387e+01
3.683149965006445825e+01
3.683205094521978396e+01
3.683261584595924631e+01
3.683319435189976332e+01
3.683378646217002483e+01
3.683439217539888944e+01
3.683501148972030848e+01
3.683564440278698271e+01
3.683629091178985959e+01
3.683695101348052958e+01
3.683762470418677282e+01
3.683831197981639605e+01
3.683901283586009612e+01
3.683972726740205417e+01
3.684045526913152457e+01
3.684119683534852641e+01
3.684195195997052963e+01
3.684272063655269136e+01
3.684350285832859129e+01
3.684429861826357921e+01
3.684510790911101452e+01
3.684593072350066478e+01
3.684676705409911790e+01
3.684761689380433580e+01
3.684848023589334787e+01
3.684935707411056427e+01
3.685024740274240429e+01
3.685115121670458649e+01
3.685206851162254083e+01
3.685299928386118040e+01
3.685394353049037619e+01
3.685490124922210242e+01
3.685587243834471138e+01
3.685685709663958676e+01
3.685785522326859365e+01
3.685886681764200290e+01
3.685989187927666677e+01
3.686093040765028661e+01
3.686198240206343968e+01
3.686304786152399515e+01
3.686412678466363246e+01
3.686521916968649748e+01
3.686632501434123554e+01
3.686744431590565085e+01
3.686857707117426486e+01
3.686972327643612601e+01
3.687088292742723183e+01
3.687205601925668930e+01
3.687324254633475107e+01
3.687444250233205167e+01
3.687565588016700246e+01
3.687688267201370707e+01
3.687812286934580897e+01
3.687937646300961347e+01
3.688064344327474942e+01
3.688192379983221514e+01
3.688321752176707946e+01
3.688452459754869039e+01
3.688584501505398094e+01
3.688717876161219067e+01
3.688852582405348812e+01
3.688988618874873282e+01
3.689125984163760563e+01
3.689264676824887346e+01
3.689404695371287346e+01
3.689546038276226625e+01
3.689688703970648476e+01
3.689832690835646645e+01
3.689977997191430603e+01
3.690124621288332918e+01
3.690272561302299437e+01
3.690421815332807398e+01
3.690572381401468505e+01
3.690724257450915502e+01
3.690877441343792498e+01
3.691031930861738175e+01
3.691187723704366164e+01
3.691344817488243990e+01
3.691503209746458936e+01
3.691662897930610399e+01
3.691823879416021015e+01
3.691986151507037306e+01
3.692149711438827353e+01
3.692314556375566070e+01
3.692480683406284925e+01
3.692648089539163436e+01
3.692816771695226663e+01
3.692986726702629596e+01
3.693157951292790386e+01
3.693330442099348687e+01
3.693504195659940592e+01
3.693679208419538895e+01
3.693855476732417031e+01
3.694032996859250773e+01
3.694211764959535316e+01
3.694391777084491224e+01
3.694573029174738110e+01
3.694755517063035910e+01
3.694939236480820455e+01
3.695124183065615142e+01
3.695310352365904549e+01
3.695497739844356744e+01
3.695686340882304677e+01
3.695876150784713587e+01
3.696067164783490711e+01
3.696259378039336241e+01
3.696452785642610195e+01
3.696647382612839294e+01
3.696843163897150930e+01
3.697040124368506042e+01
3.697238258824518908e+01
3.697437561987539567e+01
3.697638028505806318e+01
3.697839652954400691e+01
3.698042429835133049e+01
3.698246353575737544e+01
3.698451418529068491e+01
3.698657618972297456e+01
3.698864949105912103e+01
3.699073403052420161e+01
3.699282974854077111e+01
3.699493658468277602e+01
3.699705447760017307e+01
3.699918336493873028e+01
3.700132318331037595e+01
3.700347386835714047e+01
3.700563535488416989e+01
3.700780757699373424e+01
3.700999046818316174e+01
3.701218396140573930e+01
3.701438798909556027e+01
3.701660248316215984e+01
3.701882737497247433e+01
3.702106259533373134e+01
3.702330807447150818e+01
3.702556374198531586e+01
3.702782952678080619e+01
3.703010535700197181e+01
3.703239115998766096e+01
3.703468686226612050e+01
3.703699238958256501e+01
3.703930766692775478e+01
3.704163261854123590e+01
3.704396716790089528e+01
3.704631123772130508e+01
3.704866474996563852e+01
3.705102762586932386e+01
3.705339978596850159e+01
3.705578115011778095e+01
3.705817163748946541e+01
3.706057116655911443e+01
3.706297965508237269e+01
3.706539702006683257e+01
3.706782317774782598e+01
3.707025804357105159e+01
3.707270153216636999e+01
3.707515355729725570e+01
3.707761403179463855e+01
3.708008286749466009e+01
3.708255997518512714e+01
3.708504526457634398e+01
3.708753864434110881e+01
3.709004002221116991e+01
3.709254930505610304e+01
3.709506639897199420e+01
3.709759120947330757e+01
3.710012364174805555e+01
3.710266360086430382e+01
3.710521099190840744e+01
3.710776572009117302e+01
3.711032769083833927e+01
3.711289680985866823e+01
3.711547298316532562e+01
3.711805611704457419e+01
3.712064611801376657e+01
3.712324289280367395e+01
3.712584634834279029e+01
3.712845639172111589e+01
3.713107293015687560e+01
3.713369587098176794e+01
3.713632512162708821e+01
3.713896058960020241e+01
3.714160218245315548e+01
3.714424980773280538e+01
3.714690337288998734e+01
3.714956278513416521e+01
3.715222795124709876e+01
3.715489877738975366e+01
3.715757516892377765e+01
3.716025703025537297e+01
3.716294426472106238e+01
3.716563677453188319e+01
3.716833446078085501e+01
3.717103722352356954e+01
3.717374496190935673e+01
3.717645757429691855e+01
3.717917495832119812e+01
3.718189701093201194e+01
3.718462362842390689e+01
3.718735470645824392e+01
3.719009014007352931e+01
3.719282982368213908e+01
3.719557365105730184e+01
3.719832151531615949e+01
3.720107330889404551e+01
3.720382892349735471e+01
3.720658825003692272e+01
3.720935117856429741e+01
3.721211759823042087e+01
3.721488739726476780e+01
3.721766046296421848e+01
3.722043668168971209e+01
3.722321593887166102e+01
3.722599811901928035e+01
3.722878310572693294e+01
3.723157078167275102e+01
3.723436102860650720e+01
3.723715372732770845e+01
3.723994875765983892e+01
3.724274599842844680e+01
3.724554532744805613e+01
3.724834662151583586e+01
3.725114975640820347e+01
3.725395460688136495e+01
3.725676104667761734e+01
3.725956894853466395e+01
3.726237818419189551e+01
3.726518862438997104e+01
3.726800013885664953e+01
3.727081259625179399e+01
3.727362586404703393e+01
3.727643980838700344e+01
3.727925429401965829e+01
3.728206918431428818e+01
3.728488434132631113e+01
3.728769962590391884e+01
3.729051489786294837e+01
3.729333001621530030e+01
3.729614483942069825e+01
3.729895922565413002e+01
3.730177303305663372e+01
3.730458611992772688e+01
3.730739834486320206e+01
3.731020956686958812e+01
3.731301964546889138e+01
3.731582844078185701e+01
3.731863581357912096e+01
3.732144162529826303e+01
3.732424573803261580e+01
3.732704801451325949e+01
3.732984831810365733e+01
3.733264651280894242e+01
3.733544246328714422e+01
3.733823603484189135e+01
3.734102709339077819e+01
3.734381550543083250e+01
3.734660113802927128e+01
3.734938385885033085e+01
3.735216353621523666e+01
3.735494003918649497e+01
3.735771323763759000e+01
3.736048300227301411e+01
3.736324920465218469e+01
3.736601171729716242e+01
3.736877041387048592e+01
3.737152516935402957e+01
3.737427586018979753e+01
3.737702236437891656e+01
3.737976456154358118e+01
3.738250233296172098e+01
3.738523556159782402e+01
3.738796413214637937e+01
3.739068793107341548e+01
3.739340684663464742e+01
3.739612076886633218e+01
3.739882958954894576e+01
3.740153320215517141e+01
3.740423150182424905e+01
3.740692438539677767e+01
3.740961175149323736e+01
3.741229350059360570e+01
3.741496953508187318e+01
3.741763975923893781e+01
3.742030407921212998e+01
3.742296240300033361e+01
3.742561464044108277e+01
3.742826070316939280e+01
3.743090050455224826e+01
3.743353395962506625e+01
3.743616098506615231e+01
3.743878149922474563e+01
3.744139542216269945e+01
3.744400267565527685e+01
3.744660318315101932e+01
3.744919686974238004e+01
3.745178366218404165e+01
3.745436348893763068e+01
3.745693628019684240e+01
3.745950196787762820e+01
3.746206048558202184e+01
3.746461176855128627e+01
3.746715575364537187e+01
3.746969237937398134e+01
3.747222158593744012e+01
3.747474331521296165e+01
3.747725751068843891e+01
3.747976411739900726e+01
3.748226308189786238e+01
3.748475435225718400e+01
3.748723787809058905e+01
3.748971361058133311e+01
3.749218150249308934e+01
3.749464150813589214e+01
3.749709358326487774e+01
3.749953768493715245e+01
3.750197377141151378e+01
3.750440180215149155e+01
3.750682173788192131e+01
3.750923354060564918e+01
3.751163717358316774e+01
3.751403260135320750e+01
3.751641978981376013e+01
3.751879870629723968e+01
3.752116931958040169e+01
3.752353159984361497e+01
3.752588551862820765e+01
3.752823104882303085e+01
3.753056816469391777e+01
3.753289684194236742e+01
3.753521705774867456e+01
3.753752879076146343e+01
3.753983202103660943e+01
3.754212672996643363e+01
3.754441290024393396e+01
3.754669051586896700e+01
3.754895956215835184e+01
3.755122002571791739e+01
3.755347189437274835e+01
3.755571515708964370e+01
3.755794980392683158e+01
3.756017582601977267e+01
3.756239321558643951e+01
3.756460196592091449e+01
3.756680207135780591e+01
3.756899352722300023e+01
3.757117632980296662e+01
3.757335047635110925e+01
3.757551596511743952e+01
3.757767279537542038e+01
3.757982096743415212e+01
3.758196048264281330e+01
3.758409134340486446e+01
3.758621355320098445e+01
3.758832711659648140e+01
3.759043203922921350e+01
3.759252832780143905e+01
3.759461599008820087e+01
3.759669503495063481e+01
3.759876547232297384e+01
3.760082731314403759e+01
3.760288056925853084e+01
3.760492525336319858e+01
3.760696137902895231e+01
3.760898896073468478e+01
3.761100801382514902e+01
3.761301855440743935e+01
3.761502059929721042e+01
3.761701416605450277e+01
3.761899927303420554e+01
3.762097593939853368e+01
3.762294418510808214e+01
3.762490403091679525e+01
3.762685549837085830e+01
3.762879860978810598e+01
3.763073338821308056e+01
3.763265985739160868e+01
3.763457804179603983e+01
3.763648796665146534e+01
3.763838965788792024e+01
3.764028314201954117e+01
3.764216844602469081e+01
3.764404559729140942e+01
3.764591462363394214e+01
3.764777555334826076e+01
3.764962841527732706e+01
3.765147323886861130e+01
3.765331005421207777e+01
3.765513889206172138e+01
3.765695978384336939e+01
3.765877276162652265e+01
3.766057785804942881e+01
3.766237510625100526e+01
3.766416453986704482e+01
3.766594619305466551e+01
3.766772010047007768e+01
3.766948629719954766e+01
3.767124481871183406e+01
3.767299570088268723e+01
3.767473898006715416e+01
3.767647469315524944e+01
3.767820287759946751e+01
3.767992357145492832e+01
3.768163681343415305e+01
3.768334264294139757e+01
3.768504110009141783e+01
3.768673222573799819e+01
3.768841606149661061e+01
3.769009264972422102e+01
3.769176203345925558e+01
3.769342425637119476e+01
3.769507936274534643e+01
3.769672739747050372e+01
3.769836840599544558e+01
3.770000243426109421e+01
3.770162952864637873e+01
3.770324973594224360e+01
3.770486310330727520e+01
3.770646967815994799e+01
3.770806950802417390e+01
3.770966264036604088e+01
3.771124912244133043e+01
3.771282900116541015e+01
3.771440232302406770e+01
3.771596913402334650e+01
3.771752947963055647e+01
3.771908340469199317e+01
3.772063095340122629e+01
3.772217216936396511e+01
3.772370709568519231e+01
3.772523577498629521e+01
3.772675824935102185e+01
3.772827456024322856e+01
3.772978474841488605e+01
3.773128885381701991e+01
3.773278691552723529e+01
3.773427897169086265e+01
3.773576505947283977e+01
3.773724521503103801e+01
3.773871947351491940e+01
3.774018786907294754e+01
3.774165043485034232e+01
3.774310720297115296e+01
3.774455820450581456e+01
3.774600346942796136e+01
3.774744302656536377e+01
3.774887690354904635e+01
3.775030512676811867e+01
3.775172772133933563e+01
3.775314471109219028e+01
3.775455611856570926e+01
3.775596196501211210e+01
3.775736227040336246e+01
3.775875705343970168e+01
3.776014633155719480e+01
3.776153012093045902e+01
3.776290843647142026e+01
3.776428129182720284e+01
3.776564869937989499e+01
3.776701067025419434e+01
3.776836721433568300e+01
3.776971834029406239e+01
3.777106405560732583e+01
3.777240436658889422e+01
3.777373927841082946e+01
3.777506879511051352e+01
3.777639291957979140e+01
3.777771165354540273e+01
3.777902499756296351e+01
3.778033295106854439e+01
3.778163551250906238e+01
3.778293267951366374e+01
3.778422444905336164e+01
3.778551081757541397e+01
3.778679178112696491e+01
3.778806733547575192e+01
3.778933747621724848e+01
3.779060219883790950e+01
3.779186149871517131e+01
3.779311537108524988e+01
3.779436381103049314e+01
3.779560681351539841e+01
3.779684437346745085e+01
3.779807648587165403e+01
3.779930314586111706e+01
3.780052434879892331e+01
3.780174009031519233e+01
3.780295036626325356e+01
3.780415517262232328e+01
3.780535450542058840e+01
3.780654836072457670e+01
3.780773673468210205e+01
3.780891962358857228e+01
3.781009702395235905e+01
3.781126893253484411e+01
3.781243534636513459e+01
3.781359626275188646e+01
3.781475167929024650e+01
3.781590159383178928e+01
3.781704600441259601e+01
3.781818490921443043e+01
3.781931830662627902e+01
3.782044619534387664e+01
3.782156857441471232e+01
3.782268544323041226e+01
3.782379680148991952e+01
3.782490264912958366e+01
3.782600298624933544e+01
3.782709781307296737e+01
3.782818712991817733e+01
3.782927093714615552e+01
3.783034923512287406e+01
3.783142202422809675e+01
3.783248930489754969e+01
3.783355107766801950e+01
3.783460734321071328e+01
3.783565810234718185e+01
3.783670335605543755e+01
3.783774310548587749e+01
3.783877735200345427e+01
3.783980609725622912e+01
3.784082934323022585e+01
3.784184709223615073e+01
3.784285934682306163e+01
3.784386610966279818e+01
3.784486738343442624e+01
3.784586317070579753e+01
3.784685347383359044e+01
3.784783829492279494e+01
3.784881763583882730e+01
3.784979149824588518e+01
3.785075988367366051e+01
3.785172279361223246e+01
3.785268022961869150e+01
3.785363219340134577e+01
3.785457868683675287e+01
3.785551971191855358e+01
3.785645527069364391e+01
3.785738536523928133e+01
3.785830999769962801e+01
3.785922917037392210e+01
3.786014288581436915e+01
3.786105114686466067e+01
3.786195395661277274e+01
3.786285131831651540e+01
3.786374323538160525e+01
3.786462971140999656e+01
3.786551075026864055e+01
3.786638635611142689e+01
3.786725653333108710e+01
3.786812128649158637e+01
3.786898062029756318e+01
3.786983453959002333e+01
3.787068304933332996e+01
3.787152615459731209e+01
3.787236386056470394e+01
3.787319617257757187e+01
3.787402309621294449e+01
3.787484463737312979e+01
3.787566080236521060e+01
3.787647159794558149e+01
3.787727703132647150e+01
3.787807711012500533e+01
3.787887184224015868e+01
3.787966123573367128e+01
3.788044529881028666e+01
3.788122403988860754e+01
3.788199746770217047e+01
3.788276559137515420e+01
3.788352842041243917e+01
3.788428596461654507e+01
3.788503823402415804e+01
3.788578523891073502e+01
3.788652698984392941e+01
3.788726349773986612e+01
3.788799477387954795e+01
3.788872082989404078e+01
3.788944167775847660e+01
3.789015732980650597e+01
3.789086779875839284e+01
3.789157309775499272e+01
3.789227324037317146e+01
3.789296824059258029e+01
3.789365811270298678e+01
3.789434287118337608e+01
3.789502253062685355e+01
3.789569710573471184e+01
3.789636661131438444e+01
3.789703106226671991e+01
3.789769047362973708e+01
3.789834486067402253e+01
3.789899423896794417e+01
3.789963862438636966e+01
3.790027803310089638e+01
3.790091248159734505e+01
3.790154198673614871e+01
3.790216656581466026e+01
3.790278623655837720e+01
3.790340101700018494e+01
3.790401092531278238e+01
3.790461597971423657e+01
3.790521619848064461e+01
3.790581160001924133e+01
3.790640220294247342e+01
3.790698802610211260e+01
3.790756908859810181e+01
3.790814540980295533e+01
3.790871700940665079e+01
3.790928390746636012e+01
3.790984612445917179e+01
3.791040368132986771e+01
3.791095659951054131e+01
3.791150490088073610e+01
3.791204860763607343e+01
3.791258774209939020e+01
3.791312232658739845e+01
3.791365238339137278e+01
3.791417793481522835e+01
3.791469900319911090e+01
3.791521561092145021e+01
3.791572778041278724e+01
3.791623553419779569e+01
3.791673889496172478e+01
3.791723788562950404e+01
3.791773252942919470e+01
3.791822284991366843e+01
3.791870887094129472e+01
3.791919061663135437e+01
3.791966811131749893e+01
3.792014137953142239e+01
3.792061044601573627e+01
3.792107533572519884e+01
3.792153607380064528e+01
3.792199268552635516e+01
3.792244519627192290e+01
3.792289363143401459e+01
3.792333801640451441e+01
3.792377837656497519e+01
3.792421473730632897e+01
3.792464712409547900e+01
3.792507556258367885e+01
3.792550007871204087e+01
3.792592069878197236e+01
3.792633744947888630e+01
3.792675035783354076e+01
3.792715945112885123e+01
3.792756475681743211e+01
3.792796630250633427e+01
3.792836411595543922e+01
3.792875822500963778e+01
3.792914865752221232e+01
3.792953544136688038e+01
3.792991860451612496e+01
3.793029817512432089e+01
3.793067418157490067e+01
3.793104665244855767e+01
3.793141561643891890e+01
3.793178110230617506e+01
3.793214313890570821e+01
3.793250175525086831e+01
3.793285698056011057e+01
3.793320884427108552e+01
3.793355737602251310e+01
3.793390260559520755e+01
3.793424456281120172e+01
3.793458327745235437e+01
3.793491877927052514e+01
3.793525109804648565e+01
3.793558026360205560e+01
3.793590630577422473e+01
3.793622925441859195e+01
3.793654913944874352e+01
3.793686599087376976e+01
3.793717983881529676e+01
3.793749071351283675e+01
3.793779864532524471e+01
3.793810366472729356e+01
3.793840580230826021e+01
3.793870508879577130e+01
3.793900155511474992e+01
3.793929523243469504e+01
3.793958615214779684e+01
3.793987434579053541e+01
3.794015984495653271e+01
3.794044268122401320e+01
3.794072288611349819e+01
3.794100049109221118e+01
3.794127552763112732e+01
3.794154802728148468e+01
3.794181802166755091e+01
3.794208554227673602e+01
3.794235062004715786e+01
3.794261328496783392e+01
3.794287356595455663e+01
3.794313149099851046e+01
3.794338708737239330e+01
3.794364038175566378e+01
3.794389140028381036e+01
3.794414016858012673e+01
3.794438671178454570e+01
3.794463105455515972e+01
3.794487322108638949e+01
3.794511323520501378e+01
3.794535112049643999e+01
3.794558690037640503e+01
3.794582059810619512e+01
3.794605223679908335e+01
3.794628183942972299e+01
3.794650942882111622e+01
3.794673502760627315e+01
3.794695865818594172e+01
3.794718034268641560e+01
3.794740010292115784e+01
3.794761796037684576e+01
3.794783393621008827e+01
3.794804805121592750e+01
3.794826032580603226e+01
3.794847078008244523e+01
3.794867943396582177e+01
3.794888630722919487e+01
3.794909141937684183e+01
3.794929478945405066e+01
3.794949643592985922e+01
3.794969637671623985e+01
3.794989462924282009e+01
3.795009121048575906e+01
3.795028613695282615e+01
3.795047942467532209e+01
3.795067108923016974e+01
3.795086114579806491e+01
3.795104960923915627e+01
3.795123649414436784e+01
3.795142181487211275e+01
3.795160558562888298e+01
3.795178782059265643e+01
3.795196853400999970e+01
3.795214774022018389e+01
3.795232545362075882e+01
3.795250168862542495e+01
3.795267645963938463e+01
3.795284978101619799e+01
3.795302166696695423e+01
3.795319213146644444e+01
3.795336118821688842e+01
3.795352885066614590e+01
3.795369513204255441e+01
3.795386004539555813e+01
3.795402360366266237e+01
3.795418581978314165e+01
3.795434670683027889e+01
3.795450627808805422e+01
3.795466454704118320e+01
3.795482152731247538e+01
3.795497723258857548e+01
3.795513167656227438e+01
3.795528487290007291e+01
3.795543683522834755e+01
3.795558757715646436e+01
3.795573711236227865e+01
3.795588545470780417e+01
3.795603261831789155e+01
3.795617861759948397e+01
3.795632346723844819e+01
3.795646718220910998e+01
3.795660977779056822e+01
3.795675126957036838e+01
3.795689167342968062e+01
3.795703100551384068e+01
3.795716928218831754e+01
3.795730651996638727e+01
3.795744273540569935e+01
3.795757794501255944e+01
3.795771216520961389e+01
3.795784541238040077e+01
3.795797770292665518e+01
3.795810905324468365e+01
3.795823947961316236e+01
3.795836899809066267e+01
3.795849762452905196e+01
3.795862537472429921e+01
3.795875226459843077e+01
3.795887831026360004e+01
3.795900352794789967e+01
3.795912793387042683e+01
3.795925154410575431e+01
3.795937437443755158e+01
3.795949644022985581e+01
3.795961775632945745e+01
3.795973833698582212e+01
3.795985819578956466e+01
3.795997734563034243e+01
3.796009579866063177e+01
3.796021356625951171e+01
3.796033065900421377e+01
3.796044708665731804e+01
3.796056285816455755e+01
3.796067798164300910e+01
3.796079246433312449e+01
3.796090631250312697e+01
3.796101953132804852e+01
3.796113212479017562e+01
3.796124409563990554e+01
3.796135544543259499e+01
3.796146617462190420e+01
3.796157628265410011e+01
3.796168576801951389e+01
3.796179462826017925e+01
3.796190285994822489e+01
3.796201045864281554e+01
3.796211741882864033e+01
3.796222373384756565e+01
3.796232939584389499e+01
3.796243439572623402e+01
3.796253872313321409e+01
3.796264236640315204e+01
3.796274531256218410e+01
3.796284754733969180e+01
3.796294905519736318e+01
3.796304981934461864e+01
3.796314982172579988e+01
3.796324904298396774e+01
3.796334746241397085e+01
3.796344505792043833e+01
3.796354180599323769e+01
3.796363768169761244e+01
3.796373265866036917e+01
3.796382670903661705e+01
3.796391980347164719e+01
3.796401191110465589e+01
3.796410299963874735e+01
3.796419303543722634e+01
3.796428198359261330e+01
3.796436980796256222e+01
3.796445647119112721e+01
3.796454193471741689e+01
3.796462615876668423e+01
3.796470910232874729e+01
3.796479072313449166e+01
3.796487097764892127e+01
3.796494982109732774e+01
3.796502720751193749e+01
3.796510308976782966e+01
3.796517741958668779e+01
3.796525014749774130e+01
3.796532122277626087e+01
3.796539059344346612e+01
3.796545820640375979e+01
3.796552400766572788e+01
3.796558794251933477e+01
3.796564995562056311e+01
3.796570999101566457e+01
3.796576799214786746e+01
3.796582390188264355e+01
3.796587766256021013e+01
3.796592921603924253e+01
3.796597850371242089e+01
3.796602546654041532e+01
3.796607004513754902e+01
3.796611217987203446e+01
3.796615181094094993e+01
3.796618887842468126e+01
3.796622332234726116e+01
3.796625508275914029e+01
3.796628409982574226e+01
3.796631031388588440e+01
3.796633366546926425e+01
3.796635409528665406e+01
3.796637154422111848e+01
3.796638595335235067e+01
3.796639726398970538e+01
3.796640541764985244e+01
3.796641035599240155e+01
3.796641202081602984e+01
3.796641035415683518e+01
3.796640529841013034e+01
3.796639679639275755e+01
3.796638479132947452e+01
3.796636922678866455e+01
3.796635004660443968e+01
3.796632719481041818e+01
3.796630061560370706e+01
3.796627025335568106e+01
3.796623605266263723e+01
3.796619795840528866e+01
3.796615591578776616e+01
3.796610987034452478e+01
3.796605976793453152e+01
3.796600555476766914e+01
3.796594717747881020e+01
3.796588458321171089e+01
3.796581771967362329e+01
3.796574653516461950e+01
3.796567097860304330e+01
3.796559099954605898e+01
3.796550654819368020e+01
3.796541757538205530e+01
3.796532403257777588e+01
3.796522587187019582e+01
3.796512304594823206e+01
3.796501550805665914e+01
3.796490321195828699e+01
3.796478611193705888e+01
3.796466416283229961e+01
3.796453732006619930e+01
3.796440553964983167e+01
3.796426877817748391e+01
3.796412699283568060e+01
3.796398014145109556e+01
3.796382818255018776e+01
3.796367107535652963e+01
3.796350877968777837e+01
3.796334125579910079e+01
3.796316846426068281e+01
3.796299036593167386e+01
3.796280692202183360e+01
3.796261809416974131e+01
3.796242384448886753e+01
3.796222413558540865e+01
3.796201893053811460e+01
3.796180819280021979e+01
3.796159188601664880e+01
3.796136997382367184e+01
3.796114241972258441e+01
3.796090918704892658e+01
3.796067023899032478e+01
3.796042553861514079e+01
3.796017504888840932e+01
3.795991873265955263e+01
3.795965655264429017e+01
3.795938847142598860e+01
3.795911445145605967e+01
3.795883445502909126e+01
3.795854844425889496e+01
3.795825638111107736e+01
3.795795822750969251e+01
3.795765394543899163e+01
3.795734349691367271e+01
3.795702684380014347e+01
3.795670394761243216e+01
3.795637476941818989e+01
3.795603926990058596e+01
3.795569740953704496e+01
3.795534914883651112e+01
3.795499444855425963e+01
3.795463326978499197e+01
3.795426557392637079e+01
3.795389132263088072e+01
3.795351047785605658e+01
3.795312300194790112e+01
3.795272885759568027e+01
3.795232800766498116e+01
3.795192041506389558e+01
3.795150604269691286e+01
3.795108485344798055e+01
3.795065681020551551e+01
3.795022187598289065e+01
3.794978001407007895e+01
3.794933118812688377e+01
3.794887536223717461e+01
3.794841250096026641e+01
3.794794256936766175e+01
3.794746553305741799e+01
3.794698135812369344e+01
3.794649001104059494e+01
3.794599145849250021e+01
3.794548566725691785e+01
3.794497260419554152e+01
3.794445223630470565e+01
3.794392453075030147e+01
3.794338945487051973e+01
3.794284697620490476e+01
3.794229706260335888e+01
3.794173968236333394e+01
3.794117480430276146e+01
3.794060239774341170e+01
3.794002243242310612e+01
3.793943487838266293e+01
3.793883970588106536e+01
3.793823688533404948e+01
3.793762638724390257e+01
3.793700818212640513e+01
3.793638224045913176e+01
3.793574853266394342e+01
3.793510702913230404e+01
3.793445770029053676e+01
3.793380051666612474e+01
3.793313544894131439e+01
3.793246246804766741e+01
3.793178154528979462e+01
3.793109265239805694e+01
3.793039576149942604e+01
3.792969084508739996e+01
3.792897787601039994e+01
3.792825682744464899e+01
3.792752767286213356e+01
3.792679038603954211e+01
3.792604494111101587e+01
3.792529131260146613e+01
3.792452947540628116e+01
3.792375940477205631e+01
3.792298107629483894e+01
3.792219446588045884e+01
3.792139954969016458e+01
3.792059630416235905e+01
3.791978470610828822e+01
3.791896473278928426e+01
3.791813636192485149e+01
3.791729957166081277e+01
3.791645434054139230e+01
3.791560064750273540e+01
3.791473847189174506e+01
3.791386779350637681e+01
3.791298859263399379e+01
3.791210085006442654e+01
3.791120454708742926e+01
3.791029966550480168e+01
3.790938618765807178e+01
3.790846409643771153e+01
3.790753337526602706e+01
3.790659400807231094e+01
3.790564597924266366e+01
3.790468927352503670e+01
3.790372387592840653e+01
3.790274977167654669e+01
3.790176694623289677e+01
3.790077538536348811e+01
3.789977507523192912e+01
3.789876600256270933e+01
3.789774815482488179e+01
3.789672152031641872e+01
3.789568608813566186e+01
3.789464184813222403e+01
3.789358879088423748e+01
3.789252690766885223e+01
3.789145619040542101e+01
3.789037663161036562e+01
3.788928822439596189e+01
3.788819096248757035e+01
3.788708484020492051e+01
3.788596985239753678e+01
3.788484599441922995e+01
3.788371326219699853e+01
3.788257165229420309e+01
3.788142116187528785e+01
3.788026178863353266e+01
3.787909353073341379e+01
3.787791638672864991e+01
3.787673035548511535e+01
3.787553543619826968e+01
3.787433162849239920e+01
3.787311893252575601e+01
3.787189734907912708e+01
3.787066687960739131e+01
3.786942752618296737e+01
3.786817929131462535e+01
3.786692217777503799e+01
3.786565618858227822e+01
3.786438132709724158e+01
3.786309759710547951e+01
3.786180500284452677e+01
3.786050354902830861e+01
3.785919324091732818e+01
3.785787408441812829e+01
3.785654608615058692e+01
3.785520925345289101e+01
3.785386359435828041e+01
3.785250911759616343e+01
3.785114583261857035e+01
3.784977374961781749e+01
3.784839287951990627e+01
3.784700323394086752e+01
3.784560482511488289e+01
3.784419766585941147e+01
3.784278176962707363e+01
3.784135715060915572e+01
3.783992382381181585e+01
3.783848180506905123e+01
3.783703111101569050e+01
3.783557175904679326e+01
3.783410376727704261e+01
3.783262715450796776e+01
3.783114194019123744e+01
3.782964814439203138e+01
3.782814578778353365e+01
3.782663489166776571e+01
3.782511547799646934e+01
3.782358756940266176e+01
3.782205118924976261e+01
3.782050636166418656e+01
3.781895311153770933e+01
3.781739146453965361e+01
3.781582144714944604e+01
3.781424308665328482e+01
3.781265641108906550e+01
3.781106144922547685e+01
3.780945823065115974e+01
3.780784678592331716e+01
3.780622714665983608e+01
3.780459934553008594e+01
3.780296341617661682e+01
3.780131939311151967e+01
3.779966731161763960e+01
3.779800720766057509e+01
3.779633911782500633e+01
3.779466307932117530e+01
3.779297913005372322e+01
3.779128730867107322e+01
3.778958765456706459e+01
3.778788020788262969e+01
3.778616500952986001e+01
3.778444210122096081e+01
3.778271152548654754e+01
3.778097332567440247e+01
3.777922754594729327e+01
3.777747423132468896e+01
3.777571342775360819e+01
3.777394518214063623e+01
3.777216954234489066e+01
3.777038655717103666e+01
3.776859627632433103e+01
3.776679875027900124e+01
3.776499403013291811e+01
3.776318216756174451e+01
3.776136321486456637e+01
3.775953722503296461e+01
3.775770425181817558e+01
3.775586434976117545e+01
3.775401757414782367e+01
3.775216398092599235e+01
3.775030362664902839e+01
3.774843656846307027e+01
3.774656286411579487e+01
3.774468257194177312e+01
3.774279575079720672e+01
3.774090245996936233e+01
3.773900275910059321e+01
3.773709670816013073e+01
3.773518436748112492e+01
3.773326579781524970e+01
3.773134106033471369e+01
3.772941021657192096e+01
3.772747332831924183e+01
3.772553045751704559e+01
3.772358166616615449e+01
3.772162701626557180e+01
3.771966656974250753e+01
3.771770038835797578e+01
3.771572853360953559e+01
3.771375106667980504e+01
3.771176804845999442e+01
3.770977953962309925e+01
3.770778560069619090e+01
3.770578629208588239e+01
3.770378167402106584e+01
3.770177180642550496e+01
3.769975674880987526e+01
3.769773656027786046e+01
3.769571129965881795e+01
3.769368102570674495e+01
3.769164579726414388e+01
3.768960567328759481e+01
3.768756071272917296e+01
3.768551097437890718e+01
3.768345651674813013e+01
3.768139739798307630e+01
3.767933367579109927e+01
3.767726540739327135e+01
3.767519264949736879e+01
3.767311545826505892e+01
3.767103388926450691e+01
3.766894799742875222e+01
3.766685783705316481e+01
3.766476346183662827e+01
3.766266492496178842e+01
3.766056227924834587e+01
3.765845557738130367e+01
3.765634487212953729e+01
3.765423021648254576e+01
3.765211166371506835e+01
3.764998926742160279e+01
3.764786308154013028e+01
3.764573316036419470e+01
3.764359955854526163e+01
3.764146233109114092e+01
3.763932153334010877e+01
3.763717722086193618e+01
3.763502944928981009e+01
3.763287827417072151e+01
3.763072375090843735e+01
3.762856593478240796e+01
3.762640488096479885e+01
3.762424064448680383e+01
3.762207328017287722e+01
3.761990284257005612e+01
3.761772938587149184e+01
3.761555296383016866e+01
3.761337362967856279e+01
3.761119143608038229e+01
3.760900643512324137e+01
3.760681867833768877e+01
3.760462821672296485e+01
3.760243510075337525e+01
3.760023938033297242e+01
3.759804110470547300e+01
3.759584032237683004e+01
3.759363708107676416e+01
3.759143142772224877e+01
3.758922340837324327e+01
3.758701306822051436e+01
3.758480045161442007e+01
3.758258560210242649e+01
3.758036856245597335e+01
3.757814937469630223e+01
3.757592808013687602e+01
3.757370471944140178e+01
3.757147933267891915e+01
3.756925195937010642e+01
3.756702263853655666e+01
3.756479140875974565e+01
3.756255830826149378e+01
3.756032337502136897e+01
3.755808664691075904e+01
3.755584816179662511e+01
3.755360795759763448e+01
3.755136607232561374e+01
3.754912254416405659e+01
3.754687741159630576e+01
3.754463071355124981e+01
3.754238248953738122e+01
3.754013277974173235e+01
3.753788162506361203e+01
3.753562906708884128e+01
3.753337514806408137e+01
3.753111991091881805e+01
3.752886339932052806e+01
3.752660565772397661e+01
3.752434673140295729e+01
3.752208666647623403e+01
3.751982550992569543e+01
3.751756330957353214e+01
3.751530011399908915e+01
3.751303597242939247e+01
3.751077093465111290e+01
3.750850505096246224e+01
3.750623837216211598e+01
3.750397094956053934e+01
3.750170283498936641e+01
3.749943408078932805e+01
3.749716473978166675e+01
3.749489486525314419e+01
3.749262451096935678e+01
3.749035373118113768e+01
3.748808258057749754e+01
3.748581111417904310e+01
3.748353938720907763e+01
3.748126745499288859e+01
3.747899537290772543e+01
3.747672319635417892e+01
3.747445098070810587e+01
3.747217878125696444e+01
3.746990665315269808e+01
3.746763465138992188e+01
3.746536283079684893e+01
3.746309124603101282e+01
3.746081995158669997e+01
3.745854900183064018e+01
3.745627845106400144e+01
3.745400835358434932e+01
3.745173876373111455e+01
3.744946973591928696e+01
3.744720132466927964e+01
3.744493358462702304e+01
3.744266657055872116e+01
3.744040033732223804e+01
3.743813493984630725e+01
3.743587043315350371e+01
3.743360687243979612e+01
3.743134431318713240e+01
3.742908281126442205e+01
3.742682242298948125e+01
3.742456320515498192e+01
3.742230521502999352e+01
3.742004851034698021e+01
3.741779314928677991e+01
3.741553919047924381e+01
3.741328669303105414e+01
3.741103571658478444e+01
3.740878632141883742e+01
3.740653856857954906e+01
3.740429251999671578e+01
3.740204823854553240e+01
3.739980578806568445e+01
3.739756523335704230e+01
3.739532664015104757e+01
3.739309007507227278e+01
3.739085560563316335e+01
3.738862330025895631e+01
3.738639322828531419e+01
3.738416545990531148e+01
3.738194006609594311e+01
3.737971711857679935e+01
3.737749668982228712e+01
3.737527885306413822e+01
3.737306368221693731e+01
3.737085125175202194e+01
3.736864163658110982e+01
3.736643491197111899e+01
3.736423115348623014e+01
3.736203043695626747e+01
3.735983283847428993e+01
3.735763843441947785e+01
3.735544730147034187e+01
3.735325951655259757e+01
3.735107515672275014e+01
3.734889429906630909e+01
3.734671702066031429e+01
3.734454339856694105e+01
3.734237350982621706e+01
3.734020743145452315e+01
3.733804524045383033e+01
3.733588701382479513e+01
3.733373282857404263e+01
3.733158276170487255e+01
3.732943689018455302e+01
3.732729529088924636e+01
3.732515804054013842e+01
3.732302521564734832e+01
3.732089689246161868e+01
3.731877314692410152e+01
3.731665405461995988e+01
3.731453969075637644e+01
3.731243013017166277e+01
3.731032544736297041e+01
3.730822571652068831e+01
3.730613101156877320e+01
3.730404140621281783e+01
3.730195697398909971e+01
3.729987778830193434e+01
3.729780392244738607e+01
3.729573544963501064e+01
3.729367244301347739e+01
3.729161497569039341e+01
3.728956312073936630e+01
3.728751695120128318e+01
3.728547654008753653e+01
3.728344196038705860e+01
3.728141328507439312e+01
3.727939058711192644e+01
3.727737393944325106e+01
3.727536341498271355e+01
3.727335908660685959e+01
3.727136102714685961e+01
3.726936930937605297e+01
3.726738400599453627e+01
3.726540518961959236e+01
3.726343293277225399e+01
3.726146730783266037e+01
3.725950838696615364e+01
3.725755624205817185e+01
3.725561094469097156e+01
3.725367256617690259e+01
3.725174117762865222e+01
3.724981685001287701e+01
3.724789965415717319e+01
3.724598966071698669e+01
3.724408694010750054e+01
3.724219156240531703e+01
3.724030359724034867e+01
3.723842311369654112e+01
3.723655018022807184e+01
3.723468486459898230e+01
3.723282723385199944e+01
3.723097735430367550e+01
3.722913529155795942e+01
3.722730111051787105e+01
3.722547487537472932e+01
3.722365664958761045e+01
3.722184649587844518e+01
3.722004447623969270e+01
3.721825065193912252e+01
3.721646508352845473e+01
3.721468783089194687e+01
3.721291895336703703e+01
3.721115850990785390e+01
3.720940655921557294e+01
3.720766315980058891e+01
3.720592836999886543e+01
3.720420224796590958e+01
3.720248485165607377e+01
3.720077623879895157e+01
3.719907646688258041e+01
3.719738559313758230e+01
3.719570367451352411e+01
3.719403076764940863e+01
3.719236692885194628e+01
3.719071221409620165e+01
3.718906667904280283e+01
3.718743037905026938e+01
3.718580336917074192e+01
3.718418570413209778e+01
3.718257743831806295e+01
3.718097862576001944e+01
3.717938932014536846e+01
3.717780957483852688e+01
3.717623944290189542e+01
3.717467897707692970e+01
3.717312822967257802e+01
3.717158725237094075e+01
3.717005609603686622e+01
3.716853481060048381e+01
3.716702344501480582e+01
3.716552204726492903e+01
3.716403066440151548e+01
3.716254934256755149e+01
3.716107812700352042e+01
3.715961706203613346e+01
3.715816619106111318e+01
3.715672555653085851e+01
3.715529519995185126e+01
3.715387516189078809e+01
3.715246548198751952e+01
3.715106619898357110e+01
3.714967735078960231e+01
3.714829897458305652e+01
3.714693110688141786e+01
3.714557378356776240e+01
3.714422703989773566e+01
3.714289091051240632e+01
3.714156542945983119e+01
3.714025063022150874e+01
3.713894654573486775e+01
3.713765320840020934e+01
3.713637065003599247e+01
3.713509890173178718e+01
3.713383799365060156e+01
3.713258795492758679e+01
3.713134881372269547e+01
3.713012059737551596e+01
3.712890333260888553e+01
3.712769704573047136e+01
3.712650176277298186e+01
3.712531750954867960e+01
3.712414431165316131e+01
3.712298219447112047e+01
3.712183118320836428e+01
3.712069130294916874e+01
3.711956257872718368e+01
3.711844503559156294e+01
3.711733869864569613e+01
3.711624359304018128e+01
3.711515974392101214e+01
3.711408717635625010e+01
3.711302591526173700e+01
3.711197598533068742e+01
3.711093741097492682e+01
3.710991021629052256e+01
3.710889442504866764e+01
3.710789006070410068e+01
3.710689714640935222e+01
3.710591570501534164e+01
3.710494575904759529e+01
3.710398733067076193e+01
3.710304044165798132e+01
3.710210511336604355e+01
3.710118136671061251e+01
3.710026922214233025e+01
3.709936869962977113e+01
3.709847981865693356e+01
3.709760259824025042e+01
3.709673705694653023e+01
3.709588321287972690e+01
3.709504108363940844e+01
3.709421068628409301e+01
3.709339203730920786e+01
3.709258515262594358e+01
3.709179004754016518e+01
3.709100673674196713e+01
3.709023523430397518e+01
3.708947555367186055e+01
3.708872770764119764e+01
3.708799170833622583e+01
3.708726756721298301e+01
3.708655529510135551e+01
3.708585490227147119e+01
3.708516639848644303e+01
3.708448979302781368e+01
3.708382509470927602e+01
3.708317231188261331e+01
3.708253145242120752e+01
3.708190252367720063e+01
3.708128553242894299e+01
3.708068048483615087e+01
3.708008738640975110e+01
3.707950624199328615e+01
3.707893705574344523e+01
3.707837983110070468e+01
3.707783457078149780e+01
3.707730127685893251e+01
3.707677995093802537e+01
3.707627059433087879e+01
3.707577320815588706e+01
3.707528779337167180e+01
3.707481435078073417e+01
3.707435288102051629e+01
3.707390338454948164e+01
3.707346586163131263e+01
3.707304031231610253e+01
3.707262673641962891e+01
3.707222513350549065e+01
3.707183550287506080e+01
3.707145784356613660e+01
3.707109215435453820e+01
3.707073843375371780e+01
3.707039668002117594e+01
3.707006689118822607e+01
3.706974906511607060e+01
3.706944319955669442e+01
3.706914929218162769e+01
3.706886734054924659e+01
3.706859734202251389e+01
3.706833929368170999e+01
3.706809319225762778e+01
3.706785903408036376e+01
3.706763681503684893e+01
3.706742653053512981e+01
3.706722817547262849e+01
3.706704174420818276e+01
3.706686723054386334e+01
3.706670462771160857e+01
3.706655392834721852e+01
3.706641512445746400e+01
3.706628820740868235e+01
3.706617316794542916e+01
3.706606999622775334e+01
3.706597868187419209e+01
3.706589921399703513e+01
3.706583158121120647e+01
3.706577577159446690e+01
3.706573177259789986e+01
3.706569957095345558e+01
3.706567915263212143e+01
3.706567050285570275e+01
3.706567360612991280e+01
3.706568844628048254e+01
3.706571500650766637e+01
3.706575326947781690e+01
3.706580321742853101e+01
3.706586483224943862e+01
3.706593809553083219e+01
3.706602298858987155e+01
3.706611949248605242e+01
3.706622758803668205e+01
3.706634725583518986e+01
3.706647847626561543e+01
3.706662122949947502e+01
3.706677549546926542e+01
3.706694125383317129e+01
3.706711848395048037e+01
3.706730716487256672e+01
3.706750727535620626e+01
3.706771879391592961e+01
3.706794169890358148e+01
3.706817596857127484e+01
3.706842158110324448e+01
3.706867851466217445e+01
3.706894674749698027e+01
3.706922625809144733e+01
3.706951702528751724e+01
3.706981902833063458e+01
3.707013224682934549e+01
3.707045666067787693e+01
3.707079225000305911e+01
3.707113899515504585e+01
3.707149687674574778e+01
3.707186587572526548e+01
3.707224597342710837e+01
3.707263715152279815e+01
3.707303939193360520e+01
3.707345267677735023e+01
3.707387698835218970e+01
3.707431230912526132e+01
3.707475862171642689e+01
3.707521590888396901e+01
3.707568415351607172e+01
3.707616333860481461e+01
3.707665344717140243e+01
3.707715446215047450e+01
3.707766636627437862e+01
3.707818914199060600e+01
3.707872277141613182e+01
3.707926723631424437e+01
3.707982251808587648e+01
3.708038859778049101e+01
3.708096545612147565e+01
3.708155307352478047e+01
3.708215143009507386e+01
3.708276050560242254e+01
3.708338027945698911e+01
3.708401073069936160e+01
3.708465183801124709e+01
3.708530357974760960e+01
3.708596593398828389e+01
3.708663887859441388e+01
3.708732239125517083e+01
3.708801644952369969e+01
3.708872103084724614e+01
3.708943611259041262e+01
3.709016167204575964e+01
3.709089768643169549e+01
3.709164413288358730e+01
3.709240098844090738e+01
3.709316823003243258e+01
3.709394583446434268e+01
3.709473377841319319e+01
3.709553203841785773e+01
3.709634059086178581e+01
3.709715941194347266e+01
3.709798847764207608e+01
3.709882776367234669e+01
3.709967724540438638e+01
3.710053689775522656e+01
3.710140669509397782e+01
3.710228661117520232e+01
3.710317661909471809e+01
3.710407669127166486e+01
3.710498679944615930e+01
3.710590691467591995e+01
3.710683700734068680e+01
3.710777704716809211e+01
3.710872700327408324e+01
3.710968684420431885e+01
3.711065653797164998e+01
3.711163605208969329e+01
3.711262535360053505e+01
3.711362440908978044e+01
3.711463318468402406e+01
3.711565164604053990e+01
3.711667975834958355e+01
3.711771748636495971e+01
3.711876479446575416e+01
3.711982164673066364e+01
3.712088800698803226e+01
3.712196383882292849e+01
3.712304910555700843e+01
3.712414377021565315e+01
3.712524779548049025e+01
3.712636114363218098e+01
3.712748377650095932e+01
3.712861565543662579e+01
3.712975674129027226e+01
3.713090699437255893e+01
3.713206637435453672e+01
3.713323484014017595e+01
3.713441234979641337e+01
3.713559886060095749e+01
3.713679432918369372e+01
3.713799871167091027e+01
3.713921196376724509e+01
3.714043404078105937e+01
3.714166489762156687e+01
3.714290448878721662e+01
3.714415276836081858e+01
3.714540969001544113e+01
3.714667520702022330e+01
3.714794927223553600e+01
3.714923183809925433e+01
3.715052285660925691e+01
3.715182227929508940e+01
3.715313005717894157e+01
3.715444614075022400e+01
3.715577047997332016e+01
3.715710302431957501e+01
3.715844372280717067e+01
3.715979252403697330e+01
3.716114937621291858e+01
3.716251422714278618e+01
3.716388702422635504e+01
3.716526771443867716e+01
3.716665624431330173e+01
3.716805255993234880e+01
3.716945660693116338e+01
3.717086833051171624e+01
3.717228767544919776e+01
3.717371458609563462e+01
3.717514900640498610e+01
3.717659087999907541e+01
3.717804015027643061e+01
3.717949676053763852e+01
3.718096065408827400e+01
3.718243177431651958e+01
3.718391006477173732e+01
3.718539546922839634e+01
3.718688793168474405e+01
3.718838739632545298e+01
3.718989380753971830e+01
3.719140711000076749e+01
3.719292724877357870e+01
3.719445416947810656e+01
3.719598781847688684e+01
3.719752814297881116e+01
3.719907509105528476e+01
3.720062861165529711e+01
3.720218865463814950e+01
3.720375517078753091e+01
3.720532811181691102e+01
3.720690743040800186e+01
3.720849308027747782e+01
3.721008501621540887e+01
3.721168319405845892e+01
3.721328757062504167e+01
3.721489810366511364e+01
3.721651475184403068e+01
3.721813747474393352e+01
3.721976623285928554e+01
3.722140098758459459e+01
3.722304170121869760e+01
3.722468833700119006e+01
3.722634085916047297e+01
3.722799923293755597e+01
3.722966342455906386e+01
3.723133340115873580e+01
3.723300913069685691e+01
3.723469058193622772e+01
3.723637772446296168e+01
3.723807052871111267e+01
3.723976896599024400e+01
3.724147300852079923e+01
3.724318262945967462e+01
3.724489780289857066e+01
3.724661850382331352e+01
3.724834470803324393e+01
3.725007639204312682e+01
3.725181353299468157e+01
3.725355610858083111e+01
3.725530409696803957e+01
3.725705747671560886e+01
3.725881622671357007e+01
3.726058032615558346e+01
3.726234975452839393e+01
3.726412449157795237e+01
3.726590451725204645e+01
3.726768981167322892e+01
3.726948035515940916e+01
3.727127612823178282e+01
3.727307711156041847e+01
3.727488328586988331e+01
3.727669463185658572e+01
3.727851113013429085e+01
3.728033276118262052e+01
3.728215950528186085e+01
3.728399134244781266e+01
3.728582825237728571e+01
3.728767021439657015e+01
3.728951720740592890e+01
3.729136920982512748e+01
3.729322619955062379e+01
3.729508815393025856e+01
3.729695504975257592e+01
3.729882686324684471e+01
3.730070357008598592e+01
3.730258514538074621e+01
3.730447156366311390e+01
3.730636279886295625e+01
3.730825882427584617e+01
3.731015961251530655e+01
3.731206513544847780e+01
3.731397536414153393e+01
3.731589026886354077e+01
3.731780981915651552e+01
3.731973398391525620e+01
3.732166273142721025e+01
3.732359602936266185e+01
3.732553384471715674e+01
3.732747614372474487e+01
3.732942289177407957e+01
3.733137405333624770e+01
3.733332959189157663e+01
3.733528946985942554e+01
3.733725364856197615e+01
3.733922208824164102e+01
3.734119474810478323e+01
3.734317158635077050e+01
3.734515256017864715e+01
3.734713762579087160e+01
3.734912673841265018e+01
3.735111985231022658e+01
3.735311692075959655e+01
3.735511789596446164e+01
3.735712272901024988e+01
3.735913136993894312e+01
3.736114376792908587e+01
3.736315987150207008e+01
3.736517962870116349e+01
3.736720298721501621e+01
3.736922989443681331e+01
3.737126029750307055e+01
3.737329414336738864e+01
3.737533137890931556e+01
3.737737195104416088e+01
3.737941580680556797e+01
3.738146289338029504e+01
3.738351315810311348e+01
3.738556654845457672e+01
3.738762301208608108e+01
3.738968249685365919e+01
3.739174495084108685e+01
3.739381032237714209e+01
3.739587856005867650e+01
3.739794961278149543e+01
3.740002342978194605e+01
3.740209996069798137e+01
3.740417915564189855e+01
3.740626096525847544e+01
3.740834534075485607e+01
3.741043223392555461e+01
3.741252159720859538e+01
3.741461338375342649e+01
3.741670754743808658e+01
3.741880404283573824e+01
3.742090282518707056e+01
3.742300385038923594e+01
3.742510707497503830e+01
3.742721245609115499e+01
3.742931995150557611e+01
3.743142951964715337e+01
3.743354111965497566e+01
3.743565471142277090e+01
3.743777025565115935e+01
3.743988771391838100e+01
3.744200704873444607e+01
3.744412822353690729e+01
3.744625120265634877e+01
3.744837595131212993e+01
3.745050243563342462e+01
3.745263062265492238e+01
3.745476048028137228e+01
3.745689197726481012e+01
3.745902508321482571e+01
3.746115976861378982e+01
3.746329600480962796e+01
3.746543376398714997e+01
3.746757301911507199e+01
3.746971374383257825e+01
3.747185591223655621e+01
3.747399949859482149e+01
3.747614447707974961e+01
3.747829082159642411e+01
3.748043850569063551e+01
3.748258750247543247e+01
3.748473778454591354e+01
3.748688932389991635e+01
3.748904209188987124e+01
3.749119605920480325e+01
3.749335119586115894e+01
3.749550747117702798e+01
3.749766485371619495e+01
3.749982331121755408e+01
3.750198281053624783e+01
3.750414331760617870e+01
3.750630479742495993e+01
3.750846721405058304e+01
3.751063053058533114e+01
3.751279470915002889e+01
3.751495971088360193e+01
3.751712549597574053e+01
3.751929202369859695e+01
3.752145925241021729e+01
3.752362713953265683e+01
3.752579564151842817e+01
3.752796471381105903e+01
3.753013431080272966e+01
3.753230438580172290e+01
3.753447489102216394e+01
3.753664577758847543e+01
3.753881699553003415e+01
3.754098849374954483e+01
3.754316021997871644e+01
3.754533212075445192e+01
3.754750414142908710e+01
3.754967622620011269e+01
3.755184831813214430e+01
3.755402035914475789e+01
3.755619228996234682e+01
3.755836405004546208e+01
3.756053557751924643e+01
3.756270680909992876e+01
3.756487768002711647e+01
3.756704812402441718e+01
3.756921807330768814e+01
3.757138745866159013e+01
3.757355620958811926e+01
3.757572425446591069e+01
3.757789152064134441e+01
3.758005793446123732e+01
3.758222342131423233e+01
3.758438790569466903e+01
3.758655131127712679e+01
3.758871356102895334e+01
3.759087457737251015e+01
3.759303428237564759e+01
3.759519259794996771e+01
3.759734944601403583e+01
3.759950474858644043e+01
3.760165842784285672e+01
3.760381040617595971e+01
3.760596060624178705e+01
3.760810895097097273e+01
3.761025536355177934e+01
3.761239976741210711e+01
3.761454208623078443e+01
3.761668224397807592e+01
3.761882016495709991e+01
3.762095577382392264e+01
3.762308899557933017e+01
3.762521975553627840e+01
3.762734797929417141e+01
3.762947359276377313e+01
3.763159652223113483e+01
3.763371669440782341e+01
3.763583403645590408e+01
3.763794847599821480e+01
3.764005994112000053e+01
3.764216836038796288e+01
3.764427366288304455e+01
3.764637577821564918e+01
3.764847463654283644e+01
3.765057016859422134e+01
3.765266230566484040e+01
3.765475097958849204e+01
3.765683612274616365e+01
3.765891766810371166e+01
3.766099554923878401e+01
3.766306970034440127e+01
3.766514005620624062e+01
3.766720655215459601e+01
3.766926912401729766e+01
3.767132770810289344e+01
3.767338224121102996e+01
3.767543266064777896e+01
3.767747890423703439e+01
3.767952091032803708e+01
3.768155861779315785e+01
3.768359196601886651e+01
3.768562089490255573e+01
3.768764534486302864e+01
3.768966525686848001e+01
3.769168057247816250e+01
3.769369123388212017e+01
3.769569718392234847e+01
3.769769836608775648e+01
3.769969472449836445e+01
3.770168620391094549e+01
3.770367274974028504e+01
3.770565430804630580e+01
3.770763082547255607e+01
3.770960224918270853e+01
3.771156852683313332e+01
3.771352960656788156e+01
3.771548543700782119e+01
3.771743596722615166e+01
3.771938114672877873e+01
3.772132092547275306e+01
3.772325525391675427e+01
3.772518408304831894e+01
3.772710736435642787e+01
3.772902504977788141e+01
3.773093709166700194e+01
3.773284344280240532e+01
3.773474405638888385e+01
3.773663888602422389e+01
3.773852788565633887e+01
3.774041100954617889e+01
3.774228821221319663e+01
3.774415944835056536e+01
3.774602467273265205e+01
3.774788384017799814e+01
3.774973690563017925e+01
3.775158382433220083e+01
3.775342455200479463e+01
3.775525904496239349e+01
3.775708726014530470e+01
3.775890915508471579e+01
3.776072468784823144e+01
3.776253381701557998e+01
3.776433650169528988e+01
3.776613270154424384e+01
3.776792237675419983e+01
3.776970548800314731e+01
3.777148199638730830e+01
3.777325186336963014e+01
3.777501505078481614e+01
3.777677152089207624e+01
3.777852123642305315e+01
3.778026416058198578e+01
3.778200025699819520e+01
3.778372948967268741e+01
3.778545182295989946e+01
3.778716722159808938e+01
3.778887565079335786e+01
3.779057707631536545e+01
3.779227146452096520e+01
3.779395878231260042e+01
3.779563899711809682e+01
3.779731207690072381e+01
3.779897799013710369e+01
3.780063670576294044e+01
3.780228819315387767e+01
3.780393242216676697e+01
3.780556936320527228e+01
3.780719898727770101e+01
3.780882126602561044e+01
3.781043617170472260e+01
3.781204367715120895e+01
3.781364375579283177e+01
3.781523638166591894e+01
3.781682152934563845e+01
3.781839917383442184e+01
3.781996929053904921e+01
3.782153185534904338e+01
3.782308684472575777e+01
3.782463423574186834e+01
3.782617400605749225e+01
3.782770613383986102e+01
3.782923059767908569e+01
3.783074737654779796e+01
3.783225644977439828e+01
3.783375779700758557e+01
3.783525139821205840e+01
3.783673723370706199e+01
3.783821528421182734e+01
3.783968553087832021e+01
3.784114795530742015e+01
3.784260253953983266e+01
3.784404926603819774e+01
3.784548811769752064e+01
3.784691907789062526e+01
3.784834213051170337e+01
3.784975725997212237e+01
3.785116445111932393e+01
3.785256368906511426e+01
3.785395495900326779e+01
3.785533824619565024e+01
3.785671353614538504e+01
3.785808081474472431e+01
3.785944006828751895e+01
3.786079128345440381e+01
3.786213444733893141e+01
3.786346954745036442e+01
3.786479657165113366e+01
3.786611550804961723e+01
3.786742634485385395e+01
3.786872907020003964e+01
3.787002367202379816e+01
3.787131013803286805e+01
3.787258845576742061e+01
3.787385861270519172e+01
3.787512059639098538e+01
3.787637439457011368e+01
3.787761999526434664e+01
3.787885738671639757e+01
3.788008655721458950e+01
3.788130749493309679e+01
3.788252018794077713e+01
3.788372462440867849e+01
3.788492079288479886e+01
3.788610868246659180e+01
3.788728828283510808e+01
3.788845958424051474e+01
3.788962257751388307e+01
3.789077725408483133e+01
3.789192360592907249e+01
3.789306162543218903e+01
3.789419130526512447e+01
3.789531263836580877e+01
3.789642561799587384e+01
3.789753023777786467e+01
3.789862649169545961e+01
3.789971437407516675e+01
3.790079387951644918e+01
3.790186500273805592e+01
3.790292773834939766e+01
3.790398208061991880e+01
3.790502802340247968e+01
3.790606556026124707e+01
3.790709468464832099e+01
3.790811538999953711e+01
3.790912766975039716e+01
3.791013151729941200e+01
3.791112692595976341e+01
3.791211388896163470e+01
3.791309239954223642e+01
3.791406245108451856e+01
3.791502403720430436e+01
3.791597715174486893e+01
3.791692178874136943e+01
3.791785794240178831e+01
3.791878560707822032e+01
3.791970477721086752e+01
3.792061544727297218e+01
3.792151761172657842e+01
3.792241126496652726e+01
3.792329640125964829e+01
3.792417301470244695e+01
3.792504109918952082e+01
3.792590064838786645e+01
3.792675165573743357e+01
3.792759411450241203e+01
3.792842801788290785e+01
3.792925335913150775e+01
3.793007013158408114e+01
3.793087832860300779e+01
3.793167794350282662e+01
3.793246896949734293e+01
3.793325139966042769e+01
3.793402522688091238e+01
3.793479044383119714e+01
3.793554704299232583e+01
3.793629501672294424e+01
3.793703435732825824e+01
3.793776505710756908e+01
3.793848710835698768e+01
3.793920050332451410e+01
3.793990523416697158e+01
3.794060129294504691e+01
3.794128867163970398e+01
3.794196736217934074e+01
3.794263735650203984e+01
3.794329864665194663e+01
3.794395122485416749e+01
3.794459508353030230e+01
3.794523021528382145e+01
3.794585661290292222e+01
3.794647426937807211e+01
3.794708317789322649e+01
3.794768333178494402e+01
3.794827472449757266e+01
3.794885734953949452e+01
3.794943120042078988e+01
3.794999627058125924e+01
3.795055255335930866e+01
3.795110004201348630e+01
3.795163872975081887e+01
3.795216860975326512e+01
3.795268967521873549e+01
3.795320191939047305e+01
3.795370533555040282e+01
3.795419991698714313e+01
3.795468565695627916e+01
3.795516254865425765e+01
3.795563058520396993e+01
3.795608975961410891e+01
3.795654006471217912e+01
3.795698149309800584e+01
3.795741403713814321e+01
3.795783768899347166e+01
3.795825244066914195e+01
3.795865828406751064e+01
3.795905521103423297e+01
3.795944321340635952e+01
3.795982228304676909e+01
3.796019241182602855e+01
3.796055359156338227e+01
3.796090581399008812e+01
3.796124907075960664e+01
3.796158335347332979e+01
3.796190865369662504e+01
3.796222496295150250e+01
3.796253227267223451e+01
3.796283057415519835e+01
3.796311985856232951e+01
3.796340011696735672e+01
3.796367134037586055e+01
3.796393351970434082e+01
3.796418664576130197e+01
3.796443070923712071e+01
3.796466570067244817e+01
3.796489161041011329e+01
3.796510842856554291e+01
3.796531614503319929e+01
3.796551474953010796e+01
3.796570423166858177e+01
3.796588458102505825e+01
3.796605578715345786e+01
3.796621783951477624e+01
3.796637072734919371e+01
3.796651443954625904e+01
3.796664896454531402e+01
3.796677429026316730e+01
3.796689040402767290e+01
3.796699729251710664e+01
3.796709494175512134e+01
3.796718333718172289e+01
3.796726246373489744e+01
3.796733230589239838e+01
3.796739284769983414e+01
3.796744407280858979e+01
3.796748596450881053e+01
3.796751850576345078e+01
3.796754167927444001e+01
3.796755546758294031e+01
3.796755985317064130e+01
3.796755481852987657e+01
3.796754034618991369e+01
3.796751641871500027e+01
3.796748301870341891e+01
3.796744012879046437e+01
3.796738773163971103e+01
3.796732580992067341e+01
3.796725434627870044e+01
3.796717332329804151e+01
3.796708272345716040e+01
3.796698252910061200e+01
3.796687272247718425e+01
3.796675328584523612e+01
3.796662420158489226e+01
3.796648545227813543e+01
3.796633702075670413e+01
3.796617889011108815e+01
3.796601104364595614e+01
3.796583346480247201e+01
3.796564613711665714e+01
3.796544904425280720e+01
3.796524217004468227e+01
3.796502549845784102e+01
3.796479901349446351e+01
3.796456269913723247e+01
3.796431653938376627e+01
3.796406051832196482e+01
3.796379462016454198e+01
3.796351882923087828e+01
3.796323312991042087e+01
3.796293750662319155e+01
3.796263194379099559e+01
3.796231642583593668e+01
3.796199093719842921e+01
3.796165546236788657e+01
3.796130998593582717e+01
3.796095449264706190e+01
3.796058896740897382e+01
3.796021339527943894e+01
3.795982776146153981e+01
3.795943205128175180e+01
3.795902625015350651e+01
3.795861034356516939e+01
3.795818431709624718e+01
3.795774815644239197e+01
3.795730184745210067e+01
3.795684537619071364e+01
3.795637872902392473e+01
3.795590189269640291e+01
3.795541485438317864e+01
3.795491760168648199e+01
3.795441012257126800e+01
3.795389240527146058e+01
3.795336443821089034e+01
3.795282620996805889e+01
3.795227770928863720e+01
3.795171892513504019e+01
3.795114984675640812e+01
3.795057046375185195e+01
3.794998076610345805e+01
3.794938074417719776e+01
3.794877038870242814e+01
3.794814969073872390e+01
3.794751864162910238e+01
3.794687723293669279e+01
3.794622545639215616e+01
3.794556330389760035e+01
3.794489076758799229e+01
3.794420783990719315e+01
3.794351451367231221e+01
3.794281078212935654e+01
3.794209663898931950e+01
3.794137207841668413e+01
3.794063709499346970e+01
3.793989168373110488e+01
3.793913584013682083e+01
3.793836956026741092e+01
3.793759284073141913e+01
3.793680567863864184e+01
3.793600807150984622e+01
3.793520001720000323e+01
3.793438151388496493e+01
3.793355256007829723e+01
3.793271315461208815e+01
3.793186329656130340e+01
3.793100298511745905e+01
3.793013221945749791e+01
3.792925099871199279e+01
3.792835932207270133e+01
3.792745718895658058e+01
3.792654459913092779e+01
3.792562155275956570e+01
3.792468805038478763e+01
3.792374409289665493e+01
3.792278968152959351e+01
3.792182481788917414e+01
3.792084950398768939e+01
3.791986374226322454e+01
3.791886753556554623e+01
3.791786088710313152e+01
3.791684380037258961e+01
3.791581627910962737e+01
3.791477832727112229e+01
3.791372994904259031e+01
3.791267114888263734e+01
3.791160193158791714e+01
3.791052230232304510e+01
3.790943226660763798e+01
3.790833183030632370e+01
3.790722099963431191e+01
3.790609978116011547e+01
3.790496818181016891e+01
3.790382620889300114e+01
3.790267387013802391e+01
3.790151117372358414e+01
3.790033812827780224e+01
3.789915474284534014e+01
3.789796102680832490e+01
3.789675698978400931e+01
3.789554264157207086e+01
3.789431799219153874e+01
3.789308305196550464e+01
3.789183783158829755e+01
3.789058234213421628e+01
3.788931659501076155e+01
3.788804060191287704e+01
3.788675437482100961e+01
3.788545792602064921e+01
3.788415126810529898e+01
3.788283441394440842e+01
3.788150737662303413e+01
3.788017016938842829e+01
3.787882280563354698e+01
3.787746529893031777e+01
3.787609766310676918e+01
3.787471991232801116e+01
3.787333206113054018e+01
3.787193412439030027e+01
3.787052611726149109e+01
3.786910805514177270e+01
3.786767995365885042e+01
3.786624182864346011e+01
3.786479369609070034e+01
3.786333557211256817e+01
3.786186747287498378e+01
3.786038941453963247e+01
3.785890141321660707e+01
3.785740348491602703e+01
3.785589564554939557e+01
3.785437791102643956e+01
3.785285029737141826e+01
3.785131282076639536e+01
3.784976549753803710e+01
3.784820834414345825e+01
3.784664137717066268e+01
3.784506461333707961e+01
3.784347806946378512e+01
3.784188176243799262e+01
3.784027570920677874e+01
3.783865992681948143e+01
3.783703443249939369e+01
3.783539924371736873e+01
3.783375437824987841e+01
3.783209985420692334e+01
3.783043569001896600e+01
3.782876190439667852e+01
3.782707851630039642e+01
3.782538554494956884e+01
3.782368300986821197e+01
3.782197093093140694e+01
3.782024932837671827e+01
3.781851822276984620e+01
3.781677763495955702e+01
3.781502758608820614e+01
3.781326809766652275e+01
3.781149919164157325e+01
3.780972089040637485e+01
3.780793321675390928e+01
3.780613619380001467e+01
3.780432984491705639e+01
3.780251419371133892e+01
3.780068926403376395e+01
3.779885507999822636e+01
3.779701166600685269e+01
3.779515904677916183e+01
3.779329724735985252e+01
3.779142629309727397e+01
3.778954620962103661e+01
3.778765702284687222e+01
3.778575875900487802e+01
3.778385144466878387e+01
3.778193510676960898e+01
3.778000977257623560e+01
3.777807546963899199e+01
3.777613222573318552e+01
3.777418006884560953e+01
3.777221902721456104e+01
3.777024912942250268e+01
3.776827040453550666e+01
3.776628288224365093e+01
3.776428659294108314e+01
3.776228156773202471e+01
3.776026783836569223e+01
3.775824543708553449e+01
3.775621439639952825e+01
3.775417474880768509e+01
3.775212652657824464e+01
3.775006976170799078e+01
3.774800448607738446e+01
3.774593073166519730e+01
3.774384853072604784e+01
3.774175791590567997e+01
3.773965892027342761e+01
3.773755157728260201e+01
3.773543592071046504e+01
3.773331198463129965e+01
3.773117980346356148e+01
3.772903941208323886e+01
3.772689084593434217e+01
3.772473414107800949e+01
3.772256933416568359e+01
3.772039646236354571e+01
3.771821556329452818e+01
3.771602667502612150e+01
3.771382983606500261e+01
3.771162508535265090e+01
3.770941246230773203e+01
3.770719200691526396e+01
3.770496375981579718e+01
3.770272776236241441e+01
3.770048405664178404e+01
3.769823268549026807e+01
3.769597369253836661e+01
3.769370712226093900e+01
3.769143301999343976e+01
3.768915143192373307e+01
3.768686240508199603e+01
3.768456598732382901e+01
3.768226222730751829e+01
3.767995117446351117e+01
3.767763287893375690e+01
3.767530739149050589e+01
3.767297476348150553e+01
3.767063504682487007e+01
3.766828829404971657e+01
3.766593455837479354e+01
3.766357389379790277e+01
3.766120635515895998e+01
3.765883199817192661e+01
3.765645087943825331e+01
3.765406305643011819e+01
3.765166858742887968e+01
3.764926753144402483e+01
3.764685994815264536e+01
3.764444589786320705e+01
3.764202544148913887e+01
3.763959864054380944e+01
3.763716555718423251e+01
3.763472625429863427e+01
3.763228079557843131e+01
3.762982924551423025e+01
3.762737166933633404e+01
3.762490813296302861e+01
3.762243870296351389e+01
3.761996344650717106e+01
3.761748243130022473e+01
3.761499572553601922e+01
3.761250339787841312e+01
3.761000551746955267e+01
3.760750215396105034e+01
3.760499337760359850e+01
3.760247925938137570e+01
3.759995987110169580e+01
3.759743528540183632e+01
3.759490557572085123e+01
3.759237081626935861e+01
3.758983108199165457e+01
3.758728644851994005e+01
3.758473699213349306e+01
3.758218278972367443e+01
3.757962391874821151e+01
3.757706045718354915e+01
3.757449248352104831e+01
3.757192007681090473e+01
3.756934331670320404e+01
3.756676228346846358e+01
3.756417705801917606e+01
3.756158772193724360e+01
3.755899435749648063e+01
3.755639704767542497e+01
3.755379587616530301e+01
3.755119092737305664e+01
3.754858228638743611e+01
3.754597003887104023e+01
3.754335427090948940e+01
3.754073506890153311e+01
3.753811251952513572e+01
3.753548670973277979e+01
3.753285772671563336e+01
3.753022565783652453e+01
3.752759059059215474e+01
3.752495261264934356e+01
3.752231181193776877e+01
3.751966827675930460e+01
3.751702209588953707e+01
3.751437335865298195e+01
3.751172215496131201e+01
3.750906857533599492e+01
3.750641271094262663e+01
3.750375465362329663e+01
3.750109449590172517e+01
3.749843233096597572e+01
3.749576825264628610e+01
3.749310235539388714e+01
3.749043473425398787e+01
3.748776548482219795e+01
3.748509470318441572e+01
3.748242248585375336e+01
3.747974892971041072e+01
3.747707413192597414e+01
3.747439818985554183e+01
3.747172120093087244e+01
3.746904326261580565e+01
3.746636447243289325e+01
3.746368492800553440e+01
3.746100472706410045e+01
3.745832396741894144e+01
3.745564274693436602e+01
3.745296116350748150e+01
3.745027931502369256e+01
3.744759729929168657e+01
3.744491521400576062e+01
3.744223315674609864e+01
3.743955122494785570e+01
3.743686951577777222e+01
3.743418812594446621e+01
3.743150715150877517e+01
3.742882668772529797e+01
3.742614682891698408e+01
3.742346766838772965e+01
3.742078929837690993e+01
3.741811181004503339e+01
3.741543529347109853e+01
3.741275983765091695e+01
3.741008553050030372e+01
3.740741245887778632e+01
3.740474070864911482e+01
3.740207036479670677e+01
3.739940151152406145e+01
3.739673423229699978e+01
3.739406860982732894e+01
3.739140472603806131e+01
3.738874266201202801e+01
3.738608249791420945e+01
3.738342431291601287e+01
3.738076818515850874e+01
3.737811419175655914e+01
3.737546240882146975e+01
3.737281291148656948e+01
3.737016577393568895e+01
3.736752106943651341e+01
3.736487887037782940e+01
3.736223924831065091e+01
3.735960227398840061e+01
3.735696801740022011e+01
3.735433654779652812e+01
3.735170793370384246e+01
3.734908224292885848e+01
3.734645954255965705e+01
3.734383989896782197e+01
3.734122337780767964e+01
3.733861004400575467e+01
3.733599996173269631e+01
3.733339319436159087e+01
3.733078980443596606e+01
3.732818985366607478e+01
3.732559340294757533e+01
3.732300051238794225e+01
3.732041124133102983e+01
3.731782564836883864e+01
3.731524379133295355e+01
3.731266572727418662e+01
3.731009151244810340e+01
3.730752120231219493e+01
3.730495485152896862e+01
3.730239251397379263e+01
3.729983424275648929e+01
3.729728009025155444e+01
3.729473010810807665e+01
3.729218434723024700e+01
3.728964285776194032e+01
3.728710568909743728e+01
3.728457288990099983e+01
3.728204450810789439e+01
3.727952059089327719e+01
3.727700118461574874e+01
3.727448633476670636e+01
3.727197608595385248e+01
3.726947048191092193e+01
3.726696956550748041e+01
3.726447337874694199e+01
3.726198196275881713e+01
3.725949535779479049e+01
3.725701360323161282e+01
3.725453673758086381e+01
3.725206479850738361e+01
3.724959782285266385e+01
3.724713584665228439e+01
3.724467890514078761e+01
3.724222703274768520e+01
3.723978026309642075e+01
3.723733862901306679e+01
3.723490216253891560e+01
3.723247089493817441e+01
3.723004485669881802e+01
3.722762407753253200e+01
3.722520858638232966e+01
3.722279841143807744e+01
3.722039358015091182e+01
3.721799411924191503e+01
3.721560005470876575e+01
3.721321141183435088e+01
3.721082821519048167e+01
3.720845048863091620e+01
3.720607825528242785e+01
3.720371153754165761e+01
3.720135035706132243e+01
3.719899473469442341e+01
3.719664469040738197e+01
3.719430024321745520e+01
3.719196141117009802e+01
3.718962821131827212e+01
3.718730065968223641e+01
3.718497877120839235e+01
3.718266255976122636e+01
3.718035203816490508e+01
3.717804721826728809e+01
3.717574811098442922e+01
3.717345472632172942e+01
3.717116707339113191e+01
3.716888516042541113e+01
3.716660899478274160e+01
3.716433858295605575e+01
3.716207393060487618e+01
3.715981504258806467e+01
3.715756192295664562e+01
3.715531457490273937e+01
3.715307300069493834e+01
3.715083720162528635e+01
3.714860717797671441e+01
3.714638292900806249e+01
3.714416445294582303e+01
3.714195174697107404e+01
3.713974480720147398e+01
3.713754362869571679e+01
3.713534820552028037e+01
3.713315853088631968e+01
3.713097459733034356e+01
3.712879639689494127e+01
3.712662392126270561e+01
3.712445716184534916e+01
3.712229610986990735e+01
3.712014075647850575e+01
3.711799109282529940e+01
3.711584711014994298e+01
3.711370879982084858e+01
3.711157615335709892e+01
3.710944916245217939e+01
3.710732781901727151e+01
3.710521211524591934e+01
3.710310204371671006e+01
3.710099759753780546e+01
3.709889877048075135e+01
3.709680555705975280e+01
3.709471795257390880e+01
3.709263595313872486e+01
3.709055955571567154e+01
3.708848875815728974e+01
3.708642355928059686e+01
3.708436395895113691e+01
3.708230995815247155e+01
3.708026155902830823e+01
3.707821876489451540e+01
3.707618158024226318e+01
3.707415001076854111e+01
3.707212406343091260e+01
3.707010374648091044e+01
3.706808906945158810e+01
3.706608004312754900e+01
3.706407667954128726e+01
3.706207899200941824e+01
3.706008699518255867e+01
3.705810070507768472e+01
3.705612013908608304e+01
3.705414531596672845e+01
3.705217625585226671e+01
3.705021298029888044e+01
3.704825551237503589e+01
3.704630387675809544e+01
3.704435809981138306e+01
3.704241820962036513e+01
3.704048423598493400e+01
3.703855621038933776e+01
3.703663416597108693e+01
3.703471813749378327e+01
3.703280816131404407e+01
3.703090427533482654e+01
3.702900651895970441e+01
3.702711493306562573e+01
3.702522955997372378e+01
3.702335044338993697e+01
3.702147762834560041e+01
3.701961116117989548e+01
3.701775108952430315e+01
3.701589746221584676e+01
3.701405032914710347e+01
3.701220974113170570e+01
3.701037574984100331e+01
3.700854840781668287e+01
3.700672776853398460e+01
3.700491388646010904e+01
3.700310681705897764e+01
3.700130661674538146e+01
3.699951334281957571e+01
3.699772705341460011e+01
3.699594780748540757e+01
3.699417566483796094e+01
3.699241068615049954e+01
3.699065293293834600e+01
3.698890246745823163e+01
3.698715935258150722e+01
3.698542365166632351e+01
3.698369542845613722e+01
3.698197474702882204e+01
3.698026167179741464e+01
3.697855626753425895e+01
3.697685859937264041e+01
3.697516873272769544e+01
3.697348673311390854e+01
3.697181266594713378e+01
3.697014659645853385e+01
3.696848858971865326e+01
3.696683871066822746e+01
3.696519702413442587e+01
3.696356359489090693e+01
3.696193848775386215e+01
3.696032176764497734e+01
3.695871349959882224e+01
3.695711374874296951e+01
3.695552258027225889e+01
3.695394005941623305e+01
3.695236625139385467e+01
3.695080122136242551e+01
3.694924503437326990e+01
3.694769775533714551e+01
3.694615944899455684e+01
3.694463017988501718e+01
3.694311001230952485e+01
3.694159901028617554e+01
3.694009723750773588e+01
3.693860475730600257e+01
3.693712163262782866e+01
3.693564792604527725e+01
3.693418369980660998e+01
3.693272901589021018e+01
3.693128393602734860e+01
3.692984852169564647e+01
3.692842283409993343e+01
3.692700693415692115e+01
3.692560088248671235e+01
3.692420473939360903e+01
3.692281856482247093e+01
3.692144241830347795e+01
3.692007635890748674e+01
3.691872044521799978e+01
3.691737473531573954e+01
3.691603928678176771e+01
3.691471415672974388e+01
3.691339940185773827e+01
3.691209507848530791e+01
3.691080124255167760e+01
3.690951794958074572e+01
3.690824525463150962e+01
3.690698321224739686e+01
3.690573187641546582e+01
3.690449130054297200e+01
3.690326153744864968e+01
3.690204263936072948e+01
3.690083465791399675e+01
3.689963764413319325e+01
3.689845164839589842e+01
3.689727672038572592e+01
3.689611290905909158e+01
3.689496026265287298e+01
3.689381882874760521e+01
3.689268865436964262e+01
3.689156978609224069e+01
3.689046227010259571e+01
3.688936615222700510e+01
3.688828147792378331e+01
3.688720829225479747e+01
3.688614663984039055e+01
3.688509656479871524e+01
3.688405811067431728e+01
3.688303132037452770e+01
3.688201623613796443e+01
3.688101289954001061e+01
3.688002135151192107e+01
3.687904163234532717e+01
3.687807378167627803e+01
3.687711783846331315e+01
3.687617384097443818e+01
3.687524182678661333e+01
3.687432183279212694e+01
3.687341389520293689e+01
3.687251804955312195e+01
3.687163433071680885e+01
3.687076277295831517e+01
3.686990340999487614e+01
3.686905627503306704e+01
3.686822140077403986e+01
3.686739881941290520e+01
3.686658856264294570e+01
3.686579066165399610e+01
3.686500514711418930e+01
3.686423204912934182e+01
3.686347139717305055e+01
3.686272321999733492e+01
3.686198754556170343e+01
3.686126440100803592e+01
3.686055381266952935e+01
3.685985580608544154e+01
3.685917040600027406e+01
3.685849763634144693e+01
3.685783752018340209e+01
3.685719007969893113e+01
3.685655533608910872e+01
3.685593330950638347e+01
3.685532401900489674e+01
3.685472748252487207e+01
3.685414371689558521e+01
3.685357273785667331e+01
3.685301456010292753e+01
3.685246919733483395e+01
3.685193666230816234e+01
3.685141696692638646e+01
3.685091012240417285e+01
3.685041613944453331e+01
3.684993502835549606e+01
3.684946679909279510e+01
3.684901146124987292e+01
3.684856902401674716e+01
3.684813949612225770e+01
3.684772288576560584e+01
3.684731920054495191e+01
3.684692844740543194e+01
3.684655063263494412e+01
3.684618576191343919e+01
3.684583384040315224e+01
3.684549487287968361e+01
3.684516886388354351e+01
3.684485581782490726e+01
3.684455573900164893e+01
3.684426863155309206e+01
3.684399449938057103e+01
3.684373334605049877e+01
3.684348517469540951e+01
3.684324998793644568e+01
3.684302778785063737e+01
3.684281857599269472e+01
3.684262235346157865e+01
3.684243912097778662e+01
3.684226887893043312e+01
3.684211162738725420e+01
3.684196736608902967e+01
3.684183609444205842e+01
3.684171781151056990e+01
3.684161251600718145e+01
3.684152020627850987e+01
3.684144088028872233e+01
3.684137453560607867e+01
3.684132116938843637e+01
3.684128077835996606e+01
3.684125335878105290e+01
3.684123890642397470e+01
3.684123741656228646e+01
3.684124888396689812e+01
3.684127330289731361e+01
3.684131066708605573e+01
3.684136096972593322e+01
3.684142420346804414e+01
3.684150036042756682e+01
3.684158943219335924e+01
3.684169140984736401e+01
3.684180628400340396e+01
3.684193404486256185e+01
3.684207468226561133e+01
3.684222818572299474e+01
3.684239454441654971e+01
3.684257374718273326e+01
3.684276578249772172e+01
3.684297063847619569e+01
3.684318830285932478e+01
3.684341876293358808e+01
3.684366200535902180e+01
3.684391801597985250e+01
3.684418677970433720e+01
3.684446828045759048e+01
3.684476250116556884e+01
3.684506942374394356e+01
3.684538902908299463e+01
3.684572129703157373e+01
3.684606620638589902e+01
3.684642373487828593e+01
3.684679385915814009e+01
3.684717655476701736e+01
3.684757179611859357e+01
3.684797955648733847e+01
3.684839980799034009e+01
3.684883252155555766e+01
3.684927766690356776e+01
3.684973521256836193e+01
3.685020512594632436e+01
3.685068737334518119e+01
3.685118192001349513e+01
3.685168873014571744e+01
3.685220776686686150e+01
3.685273899220438665e+01
3.685328236706111937e+01
3.685383785120075117e+01
3.685440540324606928e+01
3.685498498068781004e+01
3.685557653991395455e+01
3.685618003627313755e+01
3.685679542415064702e+01
3.685742265700066156e+01
3.685806168731405563e+01
3.685871246656000011e+01
3.685937494516936397e+01
3.686004907263888697e+01
3.686073479776882067e+01
3.686143206893754609e+01
3.686214083431188726e+01
3.686286104197264279e+01
3.686359264000604696e+01
3.686433557663607985e+01
3.686508980039671002e+01
3.686585526026227200e+01
3.686663190570470761e+01
3.686741968671478986e+01
3.686821855381649016e+01
3.686902845808914719e+01
3.686984935120809581e+01
3.687068118550281781e+01
3.687152391401803442e+01
3.687237749055815073e+01
3.687324186971324025e+01
3.687411700688401339e+01
3.687500285831944069e+01
3.687589938116505550e+01
3.687680653349958249e+01
3.687772427431793432e+01
3.687865256343530262e+01
3.687959136134646343e+01
3.688054062910156716e+01
3.688150032821410917e+01
3.688247042056687519e+01
3.688345086830721442e+01
3.688444163379777763e+01
3.688544267965885837e+01
3.688645396881553040e+01
3.688747546446393244e+01
3.688850712996645598e+01
3.688954892871085178e+01
3.689060082394690454e+01
3.689166277861827581e+01
3.689273475522639956e+01
3.689381671575382882e+01
3.689490862163530238e+01
3.689601043373949807e+01
3.689712211233323558e+01
3.689824361702812183e+01
3.689937490672816267e+01
3.690051593959589127e+01
3.690166667304377768e+01
3.690282706373827182e+01
3.690399706759415466e+01
3.690517663975904838e+01
3.690636573461065240e+01
3.690756430577729219e+01
3.690877230616822402e+01
3.690998968799222268e+01
3.691121640275567017e+01
3.691245240124609950e+01
3.691369763351366373e+01
3.691495204887315396e+01
3.691621559593611579e+01
3.691748822264788998e+01
3.691876987630899976e+01
3.692006050358973113e+01
3.692136005054373271e+01
3.692266846261281188e+01
3.692398568461712216e+01
3.692531166073364091e+01
3.692664633447462563e+01
3.692798964867677824e+01
3.692934154550406589e+01
3.693070196646604586e+01
3.693207085244890919e+01
3.693344814374255236e+01
3.693483378004919615e+01
3.693622770047729631e+01
3.693762984353163858e+01
3.693904014710432193e+01
3.694045854846867627e+01
3.694188498427706691e+01
3.694331939056257852e+01
3.694476170274265314e+01
3.694621185562266419e+01
3.694766978339956154e+01
3.694913541964885439e+01
3.695060869726393094e+01
3.695208954835339199e+01
3.695357790414528409e+01
3.695507369492826655e+01
3.695657685002495896e+01
3.695808729778764956e+01
3.695960496560374509e+01
3.696112977989634629e+01
3.696266166612674198e+01
3.696420054882322148e+01
3.696574635164979128e+01
3.696729899750994264e+01
3.696885840870400841e+01
3.697042450718389262e+01
3.697199721485164758e+01
3.697357645376547453e+01
3.697516214624835840e+01
3.697675421502583504e+01
3.697835258345442355e+01
3.697995717581036246e+01
3.698156791759983975e+01
3.698318473584674848e+01
3.698480755931129949e+01
3.698643631862000802e+01
3.698807094630891612e+01
3.698971137680256049e+01
3.699135754637439533e+01
3.699300939311699210e+01
3.699466685691119494e+01
3.699632987938168327e+01
3.699799840385148997e+01
3.699967237531607367e+01
3.700135174042900843e+01
3.700303644746624343e+01
3.700472644626603369e+01
3.700642168817858391e+01
3.700812212603710805e+01
3.700982771412595440e+01
3.701153840813024942e+01
3.701325416508156252e+01
3.701497494331828619e+01
3.701670070246343869e+01
3.701843140341615168e+01
3.702016700834507645e+01
3.702190748066622916e+01
3.702365278500518286e+01
3.702540288716026140e+01
3.702715775407356347e+01
3.702891735379798632e+01
3.703068165542634205e+01
3.703245062895222617e+01
3.703422424510457489e+01
3.703600247523876732e+01
3.703778529129873931e+01
3.703957266580648167e+01
3.704136457186507414e+01
3.704316098320362727e+01
3.704496187426313725e+01
3.704676722026187718e+01
3.704857699718285602e+01
3.705039118169208479e+01
3.705220975105588366e+01
3.705403268311371789e+01
3.705585995629385110e+01
3.705769154962122514e+01
3.705952744268443411e+01
3.706136761555978154e+01
3.706321204870323527e+01
3.706506072281606379e+01
3.706691361869484069e+01
3.706877071709320148e+01
3.707063199861370606e+01
3.707249744361244126e+01
3.707436703209675244e+01
3.707624074364148470e+01
3.707811855736657947e+01
3.708000045197605488e+01
3.708188640581352047e+01
3.708377639689526717e+01
3.708567040291320893e+01
3.708756840121437648e+01
3.708947036876970316e+01
3.709137628215358262e+01
3.709328611755060479e+01
3.709519985078667048e+01
3.709711745736794342e+01
3.709903891250802843e+01
3.710096419112986865e+01
3.710289326784425157e+01
3.710482611691756460e+01
3.710676271223665168e+01
3.710870302727268211e+01
3.711064703504990092e+01
3.711259470812504446e+01
3.711454601857553115e+01
3.711650093799257633e+01
3.711845943748006249e+01
3.712042148766709460e+01
3.712238705873806310e+01
3.712435612045977962e+01
3.712632864217744810e+01
3.712830459278527684e+01
3.713028394069810645e+01
3.713226665382881464e+01
3.713425269956481145e+01
3.713624204474639612e+01
3.713823465565202042e+01
3.714023049799028087e+01
3.714222953689390749e+01
3.714423173690497038e+01
3.714623706193862773e+01
3.714824547522353271e+01
3.715025693923729477e+01
3.715227141566054314e+01
3.715428886535231356e+01
3.715630924833135396e+01
3.715833252375738027e+01
3.716035864993281734e+01
3.716238758435513745e+01
3.716441928383937920e+01
3.716645370469423426e+01
3.716849080288444895e+01
3.717053053411826369e+01
3.717257285385983323e+01
3.717461771730167186e+01
3.717666507932445796e+01
3.717871489445393252e+01
3.718076711681287350e+01
3.718282170006530407e+01
3.718487859736070078e+01
3.718693776129281048e+01
3.718899914387596084e+01
3.719106269652238694e+01
3.719312837000201455e+01
3.719519611439343265e+01
3.719726587905731208e+01
3.719933761264876892e+01
3.720141126315503755e+01
3.720348677792829051e+01
3.720556410369605516e+01
3.720764318655992753e+01
3.720972397200009851e+01
3.721180640488676516e+01
3.721389042948855064e+01
3.721597598948093832e+01
3.721806302796450439e+01
3.722015148748205604e+01
3.722224131004660563e+01
3.722433243724522356e+01
3.722642481043355644e+01
3.722851837095954863e+01
3.723061306038805185e+01
3.723270882071194166e+01
3.723480559449004801e+01
3.723690332487801413e+01
3.723900195558604054e+01
3.724110143081912128e+01
3.724320169524847302e+01
3.724530269405011040e+01
3.724740437299706741e+01
3.724950667853986630e+01
3.725160955783055527e+01
3.725371295869990718e+01
3.725581682961714591e+01
3.725792111965649411e+01
3.726002577848703368e+01
3.726213075639769556e+01
3.726423600436120154e+01
3.726634147411063225e+01
3.726844711819266109e+01
3.727055289000032445e+01
3.727265874380090338e+01
3.727476463475407087e+01
3.727687051892517189e+01
3.727897635330531045e+01
3.728108209582366328e+01
3.728318770533833515e+01
3.728529314162433650e+01
3.728739836538002805e+01
3.728950333824722918e+01
3.729160802282154918e+01
3.729371238264621269e+01
3.729581638221850426e+01
3.729791998702933853e+01
3.730002316361067471e+01
3.730212587955753634e+01
3.730422810352666119e+01
3.730632980523424180e+01
3.730843095545554178e+01
3.731053152601285205e+01
3.731263148975666866e+01
3.731473082055652668e+01
3.731682949330652121e+01
3.731892748394929527e+01
3.732102476951273928e+01
3.732312132812614180e+01
3.732521713900335669e+01
3.732731218241900706e+01
3.732940643968871086e+01
3.733149989315997885e+01
3.733359252624493507e+01
3.733568432349795074e+01
3.733777527069711510e+01
3.733986535489163572e+01
3.734195456439564964e+01
3.734404288872846678e+01
3.734613031853533727e+01
3.734821684553062937e+01
3.735030246246047625e+01
3.735238716305372719e+01
3.735447094196417339e+01
3.735655379474195570e+01
3.735863571784686599e+01
3.736071670866947159e+01
3.736279676553177609e+01
3.736487588768003576e+01
3.736695407528156920e+01
3.736903132940006600e+01
3.737110765193780537e+01
3.737318304558952065e+01
3.737525751384310979e+01
3.737733106099877745e+01
3.737940369217067627e+01
3.738147541327004575e+01
3.738354623098053509e+01
3.738561615273550842e+01
3.738768518670019603e+01
3.738975334174509868e+01
3.739182062740476908e+01
3.739388705383758094e+01
3.739595263179227658e+01
3.739801737256873793e+01
3.740008128796314679e+01
3.740214439019361237e+01
3.740420669179862045e+01
3.740626820548377651e+01
3.740832894390040764e+01
3.741038891941924760e+01
3.741244814401036223e+01
3.741450662924383153e+01
3.741656438633428650e+01
3.741862142619416431e+01
3.742067775949287523e+01
3.742273339668668797e+01
3.742478834799119625e+01
3.742684262329334643e+01
3.742889623201187987e+01
3.743094918294019635e+01
3.743300148411168493e+01
3.743505314269908979e+01
3.743710416493826898e+01
3.743915455606750697e+01
3.744120432028343259e+01
3.744325346071830296e+01
3.744530197943781502e+01
3.744734987744859467e+01
3.744939715470381003e+01
3.745144381010580759e+01
3.745348984150680138e+01
3.745553524570084392e+01
3.745758001840599860e+01
3.745962415424850178e+01
3.746166764676249983e+01
3.746371048841315599e+01
3.746575267063438730e+01
3.746779418385585103e+01
3.746983501750077039e+01
3.747187515995156559e+01
3.747391459848726214e+01
3.747595331920432216e+01
3.747799130693942971e+01
3.748002854520885307e+01
3.748206501617701036e+01
3.748410070066887556e+01
3.748613557821553144e+01
3.748816962709287282e+01
3.749020282433108520e+01
3.749223514569784044e+01
3.749426656566202354e+01
3.749629705735840446e+01
3.749832659257766920e+01
3.750035514177200469e+01
3.750238267404317583e+01
3.750440915710917977e+01
3.750643455727183806e+01
3.750845883937761727e+01
3.751048196674334179e+01
3.751250390107416166e+01
3.751452460243893938e+01
3.751654402930513044e+01
3.751856213857846001e+01
3.752057888562022470e+01
3.752259422425100155e+01
3.752460810675722058e+01
3.752662048392797089e+01
3.752863130515316215e+01
3.753064051857528938e+01
3.753264807124407554e+01
3.753465390923123124e+01
3.753665797768574919e+01
3.753866022082787879e+01
3.754066058192163524e+01
3.754265900329310313e+01
3.754465542641014508e+01
3.754664979199029062e+01
3.754864204012530138e+01
3.755063211040072702e+01
3.755261994196101227e+01
3.755460547352396361e+01
3.755658864341656056e+01
3.755856938968099712e+01
3.756054765020698483e+01
3.756252336281242776e+01
3.756449646526179009e+01
3.756646689525324234e+01
3.756843459037082056e+01
3.757039948799656059e+01
3.757236152523734063e+01
3.757432063891302931e+01
3.757627676556413832e+01
3.757822984141857603e+01
3.758017980233503863e+01
3.758212658379604676e+01
3.758407012099648625e+01
3.758601034900129889e+01
3.758794720289148472e+01
3.758988061782149259e+01
3.759181052898597386e+01
3.759373687156322319e+01
3.759565958068584735e+01
3.759757859145626924e+01
3.759949383901777509e+01
3.760140525864699867e+01
3.760331278580837733e+01
3.760521635617262604e+01
3.760711590563617790e+01
3.760901137034546338e+01
3.761090268671247117e+01
3.761278979142347367e+01
3.761467262146630475e+01
3.761655111417413622e+01
3.761842520721770455e+01
3.762029483853125100e+01
3.762215994626871662e+01
3.762402046883684648e+01
3.762587634495073985e+01
3.762772751366113511e+01
3.762957391434277099e+01
3.763141548667393721e+01
3.763325217065409589e+01
3.763508390666039105e+01
3.763691063550714944e+01
3.763873229848100976e+01
3.764054883732541157e+01
3.764236019415496770e+01
3.764416631134351832e+01
3.764596713146773510e+01
3.764776259731991104e+01
3.764955265193921008e+01
3.765133723863618798e+01
3.765311630103283136e+01
3.765488978314161272e+01
3.765665762945818074e+01
3.765841978502481879e+01
3.766017619547058359e+01
3.766192680704845230e+01
3.766367156665114635e+01
3.766541042178497634e+01
3.766714332052138303e+01
3.766887021145521430e+01
3.767059104367088906e+01
3.767230576671533981e+01
3.767401433059338700e+01
3.767571668577189570e+01
3.767741278314299791e+01
3.767910257392889406e+01
3.768078600958184410e+01
3.768246304175127648e+01
3.768413362231627417e+01
3.768579770341705171e+01
3.768745523745525361e+01
3.768910617708066013e+01
3.769075047518080623e+01
3.769238808487938996e+01
3.769401895954052151e+01
3.769564305278758098e+01
3.769726031856306747e+01
3.769887071122245459e+01
3.770047418562133146e+01
3.770207069718493642e+01
3.770366020196998846e+01
3.770524265670697162e+01
3.770681801881909934e+01
3.770838624642960468e+01
3.770994729834660575e+01
3.771150113400710069e+01
3.771304771338489559e+01
3.771458699688299276e+01
3.771611894524838249e+01
3.771764351955697236e+01
3.771916068126769517e+01
3.772067039227275842e+01
3.772217261490401796e+01
3.772366731196960643e+01
3.772515444684510300e+01
3.772663398349749997e+01
3.772810588640885499e+01
3.772957012052723513e+01
3.773102665130142697e+01
3.773247544473710491e+01
3.773391646742184236e+01
3.773534968651505039e+01
3.773677506974281215e+01
3.773819258542779664e+01
3.773960220251335329e+01
3.774100389054472515e+01
3.774239761964346229e+01
3.774378336051890415e+01
3.774516108450592355e+01
3.774653076358615067e+01
3.774789237036147682e+01
3.774924587796911624e+01
3.775059125995481679e+01
3.775192849019181551e+01
3.775325754295084835e+01
3.775457839307438235e+01
3.775589101609920561e+01
3.775719538827387822e+01
3.775849148651477094e+01
3.775977928834950603e+01
3.776105877191103843e+01
3.776232991600577549e+01
3.776359270018755865e+01
3.776484710476739082e+01
3.776609311075009856e+01
3.776733069972909362e+01
3.776855985378899305e+01
3.776978055543355595e+01
3.777099278751457945e+01
3.777219653318328341e+01
3.777339177592636332e+01
3.777457849967812109e+01
3.777575668892378502e+01
3.777692632873664280e+01
3.777808740477230032e+01
3.777923990326976877e+01
3.778038381107402444e+01
3.778151911566633459e+01
3.778264580516639626e+01
3.778376386826529654e+01
3.778487329410977935e+01
3.778597407220991045e+01
3.778706619240034570e+01
3.778814964482496919e+01
3.778922441991959147e+01
3.779029050840443915e+01
3.779134790129903365e+01
3.779239658994973894e+01
3.779343656605346524e+01
3.779446782165404528e+01
3.779549034908514926e+01
3.779650414086341215e+01
3.779750918956804639e+01
3.779850548775156938e+01
3.779949302793921362e+01
3.780047180271698437e+01
3.780144180479737770e+01
3.780240302699342436e+01
3.780335546217926179e+01
3.780429910334412824e+01
3.780523394373209811e+01
3.780615997697022124e+01
3.780707719714398962e+01
3.780798559882121879e+01
3.780888517698534912e+01
3.780977592689963274e+01
3.781065784400242791e+01
3.781153092386202275e+01
3.781239516214309759e+01
3.781325055456738227e+01
3.781409709688500698e+01
3.781493478485664639e+01
3.781576361423267940e+01
3.781658358073634218e+01
3.781739468005947202e+01
3.781819690783787991e+01
3.781899025957213922e+01
3.781977473054744365e+01
3.782055031584405924e+01
3.782131701042863625e+01
3.782207480923873533e+01
3.782282370720498932e+01
3.782356369919538963e+01
3.782429477990014277e+01
3.782501694371751455e+01
3.782573018469232551e+01
3.782643449652940149e+01
3.782712987269280802e+01
3.782781630653137483e+01
3.782849379131561562e+01
3.782916232018406077e+01
3.782982188610711916e+01
3.783047248190164424e+01
3.783111410024937271e+01
3.783174673371050289e+01
3.783237037475099385e+01
3.783298501578048700e+01
3.783359064919715564e+01
3.783418726744126559e+01
3.783477486304785486e+01
3.783535342868180607e+01
3.783592295714960585e+01
3.783648344140331687e+01
3.783703487455429126e+01
3.783757724987326299e+01
3.783811056073010803e+01
3.783863480048872674e+01
3.783914996241954753e+01
3.783965603961977564e+01
3.784015302488698040e+01
3.784064091059649826e+01
3.784111968870552545e+01
3.784158935088877485e+01
3.784204988869549169e+01
3.784250129367733706e+01
3.784294355750356686e+01
3.784337667202657229e+01
3.784380062923639088e+01
3.784421542113923920e+01
3.784462103965065438e+01
3.784501747653544612e+01
3.784540472338759542e+01
3.784578277165591231e+01
3.784615161273890038e+01
3.784651123815756080e+01
3.784686163973795203e+01
3.784720280970999085e+01
3.784753474072148549e+01
3.784785742583863311e+01
3.784817085857858387e+01
3.784847503295083726e+01
3.784876994344993761e+01
3.784905558499362144e+01
3.784933195285515239e+01
3.784959904260637842e+01
3.784985685003741196e+01
3.785010537102861150e+01
3.785034460141185519e+01
3.785057453689226037e+01
3.785079517305164387e+01
3.785100650539789058e+01
3.785120852941038549e+01
3.785140124053675237e+01
3.785158463413409180e+01
3.785175870538977705e+01
3.785192344927248342e+01
3.785207886056304716e+01
3.785222493393315801e+01
3.785236166396749979e+01
3.785248904514305934e+01
3.785260707188638918e+01
3.785271573870784323e+01
3.785281504029587296e+01
3.785290497152565337e+01
3.785298552742575140e+01
3.785305670314880899e+01
3.785311849395971961e+01
3.785317089521698364e+01
3.785321390231713679e+01
3.785324751062546511e+01
3.785327171545646507e+01
3.785328651212154938e+01
3.785329189598449062e+01
3.785328786246726196e+01
3.785327440701984614e+01
3.785325152509195590e+01
3.785321921210291407e+01
3.785317746338319012e+01
3.785312627409264508e+01
3.785306563916215339e+01
3.785299555329758903e+01
3.785291601102468917e+01
3.785282700672330236e+01
3.785272853463725085e+01
3.785262058887637693e+01
3.785250316339725885e+01
3.785237625192055333e+01
3.785223984782110307e+01
3.785209394412230921e+01
3.785193853363368532e+01
3.785177360911959710e+01
3.785159916340862196e+01
3.785141518943760985e+01
3.785122168025002765e+01
3.785101862899333014e+01
3.785080602896406532e+01
3.785058387366758836e+01
3.785035215682037801e+01
3.785011087231918481e+01
3.784986001426478452e+01
3.784959957705780909e+01
3.784932955548583777e+01
3.784904994471794026e+01
3.784876074023111414e+01
3.784846193776779444e+01
3.784815353336752253e+01
3.784783552343267132e+01
3.784750790478442184e+01
3.784717067468376683e+01
3.784682383077447554e+01
3.784646737091809143e+01
3.784610129298986436e+01
3.784572559478387888e+01
3.784534027406718337e+01
3.784494532866705896e+01
3.784454075651157012e+01
3.784412655561558125e+01
3.784370272398980717e+01
3.784326925951969400e+01
3.784282615994172971e+01
3.784237342294543538e+01
3.784191104631528901e+01
3.784143902805514159e+01
3.784095736646882102e+01
3.784046606016671888e+01
3.783996510802268887e+01
3.783945450915535247e+01
3.783893426295223605e+01
3.783840436908032956e+01
3.783786482745472313e+01
3.783731563820537502e+01
3.783675680167985433e+01
3.783618831846957420e+01
3.783561018942621956e+01
3.783502241565677338e+01
3.783442499849523699e+01
3.783381793944896998e+01
3.783320124014606023e+01
3.783257490232163178e+01
3.783193892783636159e+01
3.783129331868037326e+01
3.783063807693527281e+01
3.782997320471766756e+01
3.782929870413929052e+01
3.782861457726905030e+01
3.782792082605422479e+01
3.782721745219780729e+01
3.782650445704074826e+01
3.782578184152117018e+01
3.782504960625242063e+01
3.782430775167912884e+01
3.782355627819612920e+01
3.782279518615553116e+01
3.782202447584545268e+01
3.782124414754089514e+01
3.782045420155949955e+01
3.781965463823645734e+01
3.781884545786632401e+01
3.781802666069646790e+01
3.781719824698191701e+01
3.781636021704310480e+01
3.781551257128570853e+01
3.781465531019803450e+01
3.781378843434357151e+01
3.781291194433701008e+01
3.781202584080565998e+01
3.781113012435961451e+01
3.781022479557173455e+01
3.780930985495859176e+01
3.780838530296139055e+01
3.780745113990942485e+01
3.780650736595431738e+01
3.780555398098183417e+01
3.780459098449647115e+01
3.780361837551969018e+01
3.780263615260409438e+01
3.780164431397322744e+01
3.780064285768288102e+01
3.779963178173274230e+01
3.779861108411953552e+01
3.779758076285030199e+01
3.779654081595083426e+01
3.779549124148284989e+01
3.779443203756214587e+01
3.779336320238658686e+01
3.779228473428252499e+01
3.779119663174738974e+01
3.779009889346207984e+01
3.778899151826151126e+01
3.778787450504277245e+01
3.778674785261395641e+01
3.778561155957508788e+01
3.778446562434717038e+01
3.778331004532784476e+01
3.778214482103542338e+01
3.778096995016618820e+01
3.777978543156602598e+01
3.777859126414944768e+01
3.777738744687904671e+01
3.777617397886670147e+01
3.777495085947677467e+01
3.777371808832992883e+01
3.777247566526804690e+01
3.777122359035904964e+01
3.776996186392808141e+01
3.776869048656331529e+01
3.776740945909167380e+01
3.776611878255836530e+01
3.776481845821527372e+01
3.776350848749272870e+01
3.776218887195481955e+01
3.776085961324979223e+01
3.775952071303809277e+01
3.775817217289794314e+01
3.775681399425444340e+01
3.775544617836798977e+01
3.775406872637633882e+01
3.775268163936008392e+01
3.775128491841975631e+01
3.774987856479395987e+01
3.774846258003003641e+01
3.774703696614697890e+01
3.774560172572045502e+01
3.774415686188697805e+01
3.774270237830619834e+01
3.774123827911444096e+01
3.773976456889094067e+01
3.773828125263187161e+01
3.773678833569226754e+01
3.773528582370161644e+01
3.773377372254574169e+01
3.773225203843926323e+01
3.773072077798058643e+01
3.772917994813183640e+01
3.772762955618717484e+01
3.772606960979661039e+01
3.772450011704831496e+01
3.772292108655968690e+01
3.772133252753238963e+01
3.771973444977919598e+01
3.771812686375368884e+01
3.771650978058106318e+01
3.771488321205570315e+01
3.771324717058821108e+01
3.771160166912122946e+01
3.770994672104433931e+01
3.770828234011771229e+01
3.770660854040455945e+01
3.770492533622403641e+01
3.770323274213438935e+01
3.770153077295503863e+01
3.769981944383741279e+01
3.769809877035820733e+01
3.769636876856974794e+01
3.769462945497056694e+01
3.769288084644183812e+01
3.769112296023546804e+01
3.768935581403140134e+01
3.768757942598707444e+01
3.768579381472267897e+01
3.768399899928201080e+01
3.768219499911091930e+01
3.768038183402406816e+01
3.767855952414636533e+01
3.767672808987877175e+01
3.767488755192159289e+01
3.767303793132995793e+01
3.767117924955661579e+01
3.766931152845968711e+01
3.766743479028605890e+01
3.766554905765290329e+01
3.766365435353497304e+01
3.766175070125979119e+01
3.765983812452908808e+01
3.765791664747534639e+01
3.765598629473102221e+01
3.765404709150558205e+01
3.765209906370245818e+01
3.765014223807406069e+01
3.764817664234654870e+01
3.764620230527256695e+01
3.764421925665381963e+01
3.764222752737234146e+01
3.764022714941312842e+01
3.763821815586233299e+01
3.763620058088214648e+01
3.763417445964769570e+01
3.763213982824984072e+01
3.763009672361262403e+01
3.762804518345845395e+01
3.762598524630639929e+01
3.762391695148415494e+01
3.762184033914590486e+01
3.761975545028328582e+01
3.761766232671794796e+01
3.761556101107457550e+01
3.761345154673935554e+01
3.761133397781359378e+01
3.760920834907897614e+01
3.760707470598918434e+01
3.760493309468589729e+01
3.760278356202158534e+01
3.760062615557550458e+01
3.759846092366193204e+01
3.759628791533252468e+01
3.759410718036026822e+01
3.759191876918436037e+01
3.758972273283571042e+01
3.758751912290136943e+01
3.758530799156400803e+01
3.758308939169594254e+01
3.758086337693075052e+01
3.757863000163948186e+01
3.757638932081818695e+01
3.757414138994139563e+01
3.757188626482047056e+01
3.756962400150384696e+01
3.756735465626302783e+01
3.756507828565842289e+01
3.756279494661401941e+01
3.756050469643944467e+01
3.755820759280623378e+01
3.755590369373778259e+01
3.755359305766255318e+01
3.755127574352195552e+01
3.754895181087815104e+01
3.754662131997124419e+01
3.754428433172581947e+01
3.754194090776335457e+01
3.753959111047110042e+01
3.753723500309732941e+01
3.753487264979298743e+01
3.753250411557831967e+01
3.753012946627936941e+01
3.752774876846833507e+01
3.752536208942247953e+01
3.752296949713269214e+01
3.752057106038807177e+01
3.751816684890822273e+01
3.751575693346001117e+01
3.751334138591779777e+01
3.751092027926134165e+01
3.750849368753866742e+01
3.750606168583573208e+01
3.750362435026951857e+01
3.750118175800249531e+01
3.749873398726885654e+01
3.749628111737538205e+01
3.749382322864684625e+01
3.749136040234795786e+01
3.748889272063853895e+01
3.748642026655882376e+01
3.748394312399143047e+01
3.748146137758241991e+01
3.747897511266234005e+01
3.747648441519750406e+01
3.747398937175976386e+01
3.747149006949923944e+01
3.746898659611311899e+01
3.746647903981255467e+01
3.746396748930803255e+01
3.746145203381818334e+01
3.745893276306782127e+01
3.745640976723832694e+01
3.745388313687411852e+01
3.745135296281940640e+01
3.744881933626593451e+01
3.744628234888553209e+01
3.744374209296069722e+01
3.744119866146937881e+01
3.743865214810549702e+01
3.743610264722349967e+01
3.743355025372544986e+01
3.743099506293249590e+01
3.742843717048268104e+01
3.742587667226871417e+01
3.742331366438150297e+01
3.742074824301775493e+01
3.741818050436025800e+01
3.741561054447469559e+01
3.741303845924939964e+01
3.741046434437595281e+01
3.740788829535320303e+01
3.740531040749125680e+01
3.740273077590773454e+01
3.740014949553275159e+01
3.739756666113337502e+01
3.739498236733813030e+01
3.739239670862443887e+01
3.738980977925157134e+01
3.738722167317014566e+01
3.738463248395021310e+01
3.738204230471808387e+01
3.737945122805609799e+01
3.737685934584499137e+01
3.737426674908088842e+01
3.737167352771959372e+01
3.736907977056862507e+01
3.736648556521623021e+01
3.736389099798770275e+01
3.736129615392116676e+01
3.735870111675119176e+01
3.735610596889625157e+01
3.735351079145694797e+01
3.735091566423172793e+01
3.734832066574723086e+01
3.734572587328960225e+01
3.734313136292802682e+01
3.734053720953728828e+01
3.733794348682518205e+01
3.733535026735701479e+01
3.733275762256744201e+01
3.733016562275865624e+01
3.732757433708982830e+01
3.732498383356263361e+01
3.732239417900776601e+01
3.731980543908117909e+01
3.731721767829635183e+01
3.731463096013062142e+01
3.731204534718703769e+01
3.730946090131720183e+01
3.730687768364576584e+01
3.730429575453452173e+01
3.730171517353870314e+01
3.729913599935644442e+01
3.729655828975393206e+01
3.729398210147490289e+01
3.729140749016772105e+01
3.728883451035919450e+01
3.728626321548586020e+01
3.728369365797593105e+01
3.728112588935070448e+01
3.727855996029772712e+01
3.727599592068162337e+01
3.727343381949451384e+01
3.727087370478695050e+01
3.726831562362419703e+01
3.726575962207460435e+01
3.726320574521070483e+01
3.726065403711024260e+01
3.725810454085823409e+01
3.725555729855384612e+01
3.725301235132218380e+01
3.725046973932993666e+01
3.724792950180298590e+01
3.724539167704497800e+01
3.724285630246756540e+01
3.724032341464018003e+01
3.723779304933000134e+01
3.723526524150396710e+01
3.723274002532783555e+01
3.723021743418964036e+01
3.722769750070454364e+01
3.722518025668180286e+01
3.722266573309066473e+01
3.722015396003998688e+01
3.721764496675580602e+01
3.721513878155606392e+01
3.721263543184379330e+01
3.721013494414315659e+01
3.720763734417057833e+01
3.720514265689416789e+01
3.720265090654635287e+01
3.720016211659467587e+01
3.719767630969306538e+01
3.719519350763700061e+01
3.719271373133915404e+01
3.719023700082153994e+01
3.718776333520579414e+01
3.718529275269752077e+01
3.718282527058136822e+01
3.718036090522978299e+01
3.717789967210097046e+01
3.717544158571355695e+01
3.717298665962409387e+01
3.717053490643868940e+01
3.716808633784897609e+01
3.716564096465737776e+01
3.716319879678383842e+01
3.716075984327838455e+01
3.715832411235126642e+01
3.715589161140304242e+01
3.715346234704101391e+01
3.715103632508890996e+01
3.714861355059552039e+01
3.714619402783747404e+01
3.714377776031138012e+01
3.714136475071417465e+01
3.713895500091574320e+01
3.713654851193344797e+01
3.713414528391542291e+01
3.713174531613557861e+01
3.712934860700608652e+01
3.712695515410744207e+01
3.712456495424574854e+01
3.712217800358798314e+01
3.711979429789073492e+01
3.711741383272210726e+01
3.711503660356965639e+01
3.711266260584803689e+01
3.711029183490754235e+01
3.710792428612547411e+01
3.710555995506571492e+01
3.710319883762073800e+01
3.710084093008053685e+01
3.709848622915094296e+01
3.709613473197189393e+01
3.709378643615616511e+01
3.709144133984663938e+01
3.708909944179007567e+01
3.708676074140992540e+01
3.708442523885287301e+01
3.708209293501581527e+01
3.707976383157779310e+01
3.707743793103378493e+01
3.707511523671298903e+01
3.707279575278533201e+01
3.707047948427290152e+01
3.706816643706915215e+01
3.706585661795809017e+01
3.706355003464418019e+01
3.706124669582121811e+01
3.705894661126553302e+01
3.705664979189219110e+01
3.705435624975759623e+01
3.705206599806014367e+01
3.704977905117691961e+01
3.704749542471599710e+01
3.704521513553846290e+01
3.704293820172306795e+01
3.704066464248886348e+01
3.703839447812088537e+01
3.703612772992982372e+01
3.703386442025070835e+01
3.703160457246689674e+01
3.702934821102527252e+01
3.702709536141252755e+01
3.702484605010311469e+01
3.702260030451993345e+01
3.702035815302026833e+01
3.701811962487008856e+01
3.701588475019494240e+01
3.701365355996494344e+01
3.701142608605471196e+01
3.700920236132677132e+01
3.700698241964766311e+01
3.700476629581642385e+01
3.700255402546866890e+01
3.700034564502161061e+01
3.699814119167847082e+01
3.699594070347087893e+01
3.699374421931591428e+01
3.699155177909938175e+01
3.698936342380785192e+01
3.698717919569081403e+01
3.698499913838295328e+01
3.698282329692897719e+01
3.698065171773734505e+01
3.697848444851155847e+01
3.697632153814640787e+01
3.697416303658717140e+01
3.697200899472390034e+01
3.696985946437236237e+01
3.696771449831539513e+01
3.696557415036276950e+01
3.696343847539736771e+01
3.696130752937952479e+01
3.695918136930064435e+01
3.695706005309303066e+01
3.695494363951628713e+01
3.695283218805154490e+01
3.695072575881708588e+01
3.694862441249857454e+01
3.694652821029681178e+01
3.694443721390080526e+01
3.694235148547157621e+01
3.694027108760644040e+01
3.693819608325555492e+01
3.693612653559662107e+01
3.693406250792019563e+01
3.693200406355794030e+01
3.692995126584687426e+01
3.692790417813550619e+01
3.692586286383085081e+01
3.692382738645423501e+01
3.692179780967369851e+01
3.691977419729352761e+01
3.691775661319898916e+01
3.691574512127471053e+01
3.691373978531919420e+01
3.691174066897684725e+01
3.690974783570408846e+01
3.690776134876563219e+01
3.690578127124346253e+01
3.690380766604673113e+01
3.690184059591776133e+01
3.689988012342928414e+01
3.689792631096803888e+01
3.689597922070858260e+01
3.689403891459102169e+01
3.689210545430846366e+01
3.689017890129346711e+01
3.688825931668792890e+01
3.688634676129352385e+01
3.688444129551913875e+01
3.688254297934587100e+01
3.688065187231440945e+01
3.687876803352607169e+01
3.687689152164862350e+01
3.687502239492120992e+01
3.687316071115432692e+01
3.687130652772107453e+01
3.686945990152884889e+01
3.686762088896770706e+01
3.686578954585382917e+01
3.686396592738755373e+01
3.686215008812802552e+01
3.686034208198136497e+01
3.685854196220258672e+01
3.685674978140907143e+01
3.685496559159899732e+01
3.685318944416095377e+01
3.685142138986501692e+01
3.684966147884311738e+01
3.684790976057036715e+01
3.684616628384831216e+01
3.684443109679209982e+01
3.684270424682925693e+01
3.684098578071218810e+01
3.683927574453932863e+01
3.683757418377831527e+01
3.683588114328324536e+01
3.683419666730318198e+01
3.683252079948478297e+01
3.683085358287004141e+01
3.682919505988822095e+01
3.682754527234478559e+01
3.682590426141327811e+01
3.682427206763303218e+01
3.682264873091073554e+01
3.682103429052591537e+01
3.681942878514612261e+01
3.681783225285087724e+01
3.681624473115073215e+01
3.681466625699268036e+01
3.681309686675970028e+01
3.681153659627909036e+01
3.680998548084339461e+01
3.680844355523232281e+01
3.680691085372393445e+01
3.680538741009510773e+01
3.680387325761611095e+01
3.680236842904032102e+01
3.680087295659004099e+01
3.679938687194519531e+01
3.679791020624663389e+01
3.679644299012669961e+01
3.679498525375829132e+01
3.679353702688440819e+01
3.679209833880679525e+01
3.679066921835119786e+01
3.678924969382281773e+01
3.678783979294525608e+01
3.678643954279937844e+01
3.678504896980313532e+01
3.678366809974003360e+01
3.678229695780512998e+01
3.678093556864129710e+01
3.677958395636081690e+01
3.677824214456018126e+01
3.677691015632998273e+01
3.677558801425116997e+01
3.677427574037474045e+01
3.677297335620036733e+01
3.677168088267654866e+01
3.677039834023085518e+01
3.676912574881871620e+01
3.676786312796533451e+01
3.676661049678038040e+01
3.676536787394530847e+01
3.676413527768998790e+01
3.676291272577515912e+01
3.676170023547975774e+01
3.676049782357455342e+01
3.675930550626950577e+01
3.675812329915133603e+01
3.675695121715322955e+01
3.675578927457813450e+01
3.675463748513467266e+01
3.675349586192626816e+01
3.675236441739257032e+01
3.675124316324693297e+01
3.675013211043921757e+01
3.674903126914877305e+01
3.674794064880565259e+01
3.674686025813809920e+01
3.674579010523855516e+01
3.674473019763059511e+01
3.674368054232029124e+01
3.674264114582705787e+01
3.674161201419993006e+01
3.674059315302793749e+01
3.673958456745144474e+01
3.673858626217640477e+01
3.673759824148275754e+01
3.673662050921915778e+01
3.673565306879186920e+01
3.673469592315554877e+01
3.673374907480502571e+01
3.673281252577095302e+01
3.673188627762515779e+01
3.673097033149674928e+01
3.673006468809203540e+01
3.672916934770668718e+01
3.672828431022617224e+01
3.672740957512130677e+01
3.672654514144571891e+01
3.672569100783528739e+01
3.672484717250558361e+01
3.672401363324540569e+01
3.672319038740934616e+01
3.672237743192393822e+01
3.672157476333180171e+01
3.672078237788156940e+01
3.672000027162655300e+01
3.671922844047074364e+01
3.671846688015838112e+01
3.671771558626929988e+01
3.671697455423570489e+01
3.671624377935016525e+01
3.671552325681352613e+01
3.671481298189286946e+01
3.671411295012914167e+01
3.671342315748634633e+01
3.671274360044709084e+01
3.671207427611599172e+01
3.671141518232685286e+01
3.671076631770318244e+01
3.671012768164651163e+01
3.670949927426340054e+01
3.670888109623979290e+01
3.670827314866374280e+01
3.670767543282668299e+01
3.670708795005583625e+01
3.670651070160510443e+01
3.670594368859165257e+01
3.670538691195204706e+01
3.670484037240412789e+01
3.670430407040699095e+01
3.670377800610923913e+01
3.670326217928455748e+01
3.670275658925846329e+01
3.670226123484486180e+01
3.670177611433319953e+01
3.670130122553401009e+01
3.670083656583814502e+01
3.670038213226228407e+01
3.669993792149355727e+01
3.669950392994281430e+01
3.669908015380472222e+01
3.669866658912667390e+01
3.669826323189317918e+01
3.669787007812588797e+01
3.669748712398261148e+01
3.669711436583681063e+01
3.669675180033765116e+01
3.669639942446802650e+01
3.669605723561527100e+01
3.669572523164183053e+01
3.669540341092768898e+01
3.669509177237480202e+01
3.669479031538419633e+01
3.669449903982528127e+01
3.669421794601881004e+01
3.669394703473731312e+01
3.669368630721820068e+01
3.669343576520996919e+01
3.669319541106419535e+01
3.669296524782843960e+01
3.669274527927487384e+01
3.669253550985291668e+01
3.669233594463210579e+01
3.669214658931116446e+01
3.669196745029823603e+01
3.669179853480562059e+01
3.669163985090463598e+01
3.669149140753270188e+01
3.669135321447504339e+01
3.669122528233281599e+01
3.669110762247947122e+01
3.669100024701029383e+01
3.669090316868221180e+01
3.669081640083113172e+01
3.669073995726205339e+01
3.669067385212255061e+01
3.669061809978308020e+01
3.669057271475330850e+01
3.669053771165199862e+01
3.669051310521878406e+01
3.669049891033662192e+01
3.669049514204838403e+01
3.669050181557150125e+01
3.669051894630769084e+01
3.669054654983420249e+01
3.669058464186871049e+01
3.669063323820985545e+01
3.669069235466900381e+01
3.669076200702145485e+01
3.669084221099270593e+01
3.669093298226420785e+01
3.669103433647029533e+01
3.669114628917177612e+01
3.669126885580897834e+01
3.669140205164998036e+01
3.669154589175143144e+01
3.669170039093401670e+01
3.669186556376173769e+01
3.669204142452126405e+01
3.669222798720702627e+01
3.669242526551512640e+01
3.669263327284009790e+01
3.669285202226389231e+01
3.669308152652537558e+01
3.669332179796347049e+01
3.669357284845153089e+01
3.669383468936579362e+01
3.669410733160547977e+01
3.669439078563421930e+01
3.669468506151181231e+01
3.669499016891032994e+01
3.669530611711948609e+01
3.669563291504717739e+01
3.669597057122090433e+01
3.669631909379701540e+01
3.669667849057965725e+01
3.669704876903874435e+01
3.669742993630940475e+01
3.669782199915924537e+01
3.669822496392833244e+01
3.669863883646626590e+01
3.669906362208281791e+01
3.669949932551805460e+01
3.669994595093977807e+01
3.670040350196520507e+01
3.670087198169243692e+01
3.670135139272796465e+01
3.670184173720255671e+01
3.670234301677532329e+01
3.670285523262715088e+01
3.670337838544042341e+01
3.670391247536801416e+01
3.670445750200325818e+01
3.670501346435964507e+01
3.670558036086214315e+01
3.670615818934834351e+01
3.670674694707626884e+01
3.670734663074107829e+01
3.670795723650136466e+01
3.670857876000457765e+01
3.670921119640158992e+01
3.670985454035553630e+01
3.671050878604369672e+01
3.671117392713901495e+01
3.671184995678368068e+01
3.671253686760081791e+01
3.671323465176647005e+01
3.671394330110593529e+01
3.671466280715794284e+01
3.671539316118233387e+01
3.671613435412285043e+01
3.671688637655248755e+01
3.671764921862942543e+01
3.671842287007737582e+01
3.671920732017951394e+01
3.672000255776265476e+01
3.672080857116485930e+01
3.672162534820208890e+01
3.672245287614448017e+01
3.672329114169856723e+01
3.672414013098840968e+01
3.672499982952803066e+01
3.672587022218402097e+01
3.672675129314887243e+01
3.672764302594453767e+01
3.672854540344632568e+01
3.672945840791270911e+01
3.673038202101606942e+01
3.673131622385587036e+01
3.673226099693383162e+01
3.673321632009503901e+01
3.673418217244557837e+01
3.673515853225270433e+01
3.673614537685075021e+01
3.673714268258412119e+01
3.673815042480573112e+01
3.673916857794363722e+01
3.674019711560957546e+01
3.674123601068597367e+01
3.674228523537988167e+01
3.674334476127788207e+01
3.674441455939702195e+01
3.674549460020849523e+01
3.674658485365254990e+01
3.674768528917088162e+01
3.674879587574390172e+01
3.674991658191045474e+01
3.675104737576901215e+01
3.675218822497007665e+01
3.675333909670857935e+01
3.675449995772503087e+01
3.675567077431930585e+01
3.675685151236831416e+01
3.675804213733781722e+01
3.675924261428155404e+01
3.676045290781213026e+01
3.676167298204260447e+01
3.676290280053108006e+01
3.676414232626903811e+01
3.676539152174856895e+01
3.676665034911243168e+01
3.676791877033618761e+01
3.676919674738209665e+01
3.677048424229944601e+01
3.677178121727415316e+01
3.677308763464723995e+01
3.677440345692837553e+01
3.677572864681236098e+01
3.677706316717610946e+01
3.677840698103275230e+01
3.677976005145744409e+01
3.678112234153268645e+01
3.678249381433648324e+01
3.678387443294897707e+01
3.678526416045518488e+01
3.678666295994381841e+01
3.678807079449633477e+01
3.678948762715071297e+01
3.679091342083199834e+01
3.679234813826632688e+01
3.679379174191539192e+01
3.679524419395279722e+01
3.679670545627056555e+01
3.679817549049243297e+01
3.679965425797842471e+01
3.680114171981378490e+01
3.680263783678132938e+01
3.680414256932409245e+01
3.680565587750496803e+01
3.680717772095763962e+01
3.680870805882574359e+01
3.681024684971670524e+01
3.681179405170709629e+01
3.681334962240068620e+01
3.681491351900196207e+01
3.681648569835756035e+01
3.681806611691877151e+01
3.681965473061924143e+01
3.682125149473324655e+01
3.682285636378553306e+01
3.682446929152349213e+01
3.682609023092249600e+01
3.682771913419696830e+01
3.682935595280761731e+01
3.683100063746083919e+01
3.683265313808767161e+01
3.683431340381493868e+01
3.683598138298603430e+01
3.683765702324796365e+01
3.683934027164321634e+01
3.684103107466756910e+01
3.684272937830737504e+01
3.684443512806032572e+01
3.684614826893670170e+01
3.684786874545671509e+01
3.684959650165465206e+01
3.685133148108202050e+01
3.685307362680099885e+01
3.685482288136709172e+01
3.685657918680499279e+01
3.685834248458441209e+01
3.686011271560762736e+01
3.686188982022132876e+01
3.686367373824796800e+01
3.686546440901802413e+01
3.686726177139844651e+01
3.686906576382487088e+01
3.687087632435731877e+01
3.687269339079522013e+01
3.687451690084993317e+01
3.687634679231044998e+01
3.687818300315937847e+01
3.688002547166847478e+01
3.688187413651268542e+01
3.688372893688414678e+01
3.688558981255849289e+01
3.688745670392213327e+01
3.688932955203758013e+01
3.689120829878856966e+01
3.689309288705346290e+01
3.689498326083575819e+01
3.689687936534300405e+01
3.689878114706469603e+01
3.690068855387938385e+01
3.690260153514328323e+01
3.690452004169799949e+01
3.690644402581498440e+01
3.690837344115256258e+01
3.691030824276757016e+01
3.691224838715714895e+01
3.691419383227523099e+01
3.691614453750124625e+01
3.691810046360785691e+01
3.692006157277546663e+01
3.692202782863010668e+01
3.692399919626564753e+01
3.692597564226222318e+01
3.692795713472695951e+01
3.692994364335520174e+01
3.693193513948975948e+01
3.693393159615385457e+01
3.693593298804023561e+01
3.693793929145348898e+01
3.693995048422998906e+01
3.694196654565976701e+01
3.694398745641322535e+01
3.694601319849709142e+01
3.694804375526781826e+01
3.695007911146838353e+01
3.695211925322706747e+01
3.695416416800945569e+01
3.695621384456851644e+01
3.695826827292290773e+01
3.696032744435184014e+01
3.696239135140060483e+01
3.696445998790762388e+01
3.696653334903914612e+01
3.696861143129778782e+01
3.697069423249978115e+01
3.697278175175225812e+01
3.697487398943441406e+01
3.697697094715238109e+01
3.697907262768138992e+01
3.698117903495083425e+01
3.698329017409555775e+01
3.698540605154605032e+01
3.698752667510701286e+01
3.698965205398911849e+01
3.699178219878719176e+01
3.699391712139895816e+01
3.699605683489610186e+01
3.699820135340400640e+01
3.700035069201856430e+01
3.700250486671419026e+01
3.700466389421578128e+01
3.700682779187263804e+01
3.700899657757226180e+01
3.701117026968344703e+01
3.701334888698176684e+01
3.701553244854781610e+01
3.701772097369268977e+01
3.701991448193608392e+01
3.702211299298925695e+01
3.702431652670385631e+01
3.702652510300713118e+01
3.702873874184688674e+01
3.703095746312568082e+01
3.703318128661360475e+01
3.703541023186982528e+01
3.703764431818554215e+01
3.703988356452401121e+01
3.704212798943717644e+01
3.704437761096186676e+01
3.704663244650816267e+01
3.704889251274776996e+01
3.705115782550723225e+01
3.705342839967092061e+01
3.705570424909760874e+01
3.705798538656143393e+01
3.706027182373368589e+01
3.706256357120756917e+01
3.706486063854524104e+01
3.706716303432101967e+01
3.706947076614702041e+01
3.707178384068222243e+01
3.707410226363084860e+01
3.707642603973678774e+01
3.707875517277705057e+01
3.708108966555037966e+01
3.708342951986386993e+01
3.708577473653127754e+01
3.708812531538787027e+01
3.709048125531113982e+01
3.709284255423174415e+01
3.709520920912010666e+01
3.709758121594570213e+01
3.709995856961589311e+01
3.710234126389332232e+01
3.710472929130459363e+01
3.710712264308584452e+01
3.710952130919560688e+01
3.711192527837147992e+01
3.711433453818774097e+01
3.711674907509058130e+01
3.711916887440894897e+01
3.712159392034885030e+01
3.712402419597591319e+01
3.712645968318241785e+01
3.712890036263478777e+01
3.713134621370843291e+01
3.713379721443037340e+01
3.713625334145300627e+01
3.713871457005419074e+01
3.714118087412756353e+01
3.714365222614756590e+01
3.714612859713147230e+01
3.714860995661605614e+01
3.715109627264499892e+01
3.715358751176498942e+01
3.715608363904034661e+01
3.715858461809008872e+01
3.716109041112883915e+01
3.716360097898629533e+01
3.716611628110624110e+01
3.716863627555336791e+01
3.717116091904342312e+01
3.717369016697632134e+01
3.717622397344681673e+01
3.717876229123373122e+01
3.718130507178629074e+01
3.718385226522597264e+01
3.718640382036400638e+01
3.718895968471297664e+01
3.719151980447993111e+01
3.719408412454776425e+01
3.719665258845275702e+01
3.719922513836592515e+01
3.720180171508808087e+01
3.720438225805749255e+01
3.720696670536632666e+01
3.720955499379169140e+01
3.721214705884030849e+01
3.721474283479517453e+01
3.721734225475432112e+01
3.721994525064824444e+01
3.722255175322219145e+01
3.722516169199800373e+01
3.722777499526034006e+01
3.723039159008669685e+01
3.723301140238812934e+01
3.723563435692856416e+01
3.723826037731973315e+01
3.724088938599373222e+01
3.724352130415893924e+01
3.724615605175797128e+01
3.724879354744116000e+01
3.725143370855173686e+01
3.725407645111489074e+01
3.725672168982978150e+01
3.725936933806442397e+01
3.726201930785157401e+01
3.726467150988266042e+01
3.726732585349098059e+01
3.726998224662127512e+01
3.727264059583239941e+01
3.727530080642178234e+01
3.727796278269106978e+01
3.728062642824692574e+01
3.728329164620238600e+01
3.728595833923895952e+01
3.728862640960927877e+01
3.729129575920018880e+01
3.729396628973018579e+01
3.729663790306478433e+01
3.729931050151920147e+01
3.730198398800323645e+01
3.730465826600539714e+01
3.730733323952834724e+01
3.731000881305356387e+01
3.731268489153230661e+01
3.731536138037949257e+01
3.731803818547147245e+01
3.732071521316525065e+01
3.732339237035371582e+01
3.732606956456083935e+01
3.732874670405730910e+01
3.733142369794207838e+01
3.733410045614306938e+01
3.733677688935944161e+01
3.733945290900965119e+01
3.734212842721561998e+01
3.734480335680731855e+01
3.734747761133321831e+01
3.735015110508824421e+01
3.735282375316322145e+01
3.735549547148549010e+01
3.735816617682155538e+01
3.736083578675052763e+01
3.736350421964242940e+01
3.736617139466084581e+01
3.736883723178604555e+01
3.737150165185367712e+01
3.737416457660129510e+01
3.737682592869534659e+01
3.737948563170657224e+01
3.738214361003574027e+01
3.738479978882862298e+01
3.738745409391342633e+01
3.739010645178107239e+01
3.739275678961804772e+01
3.739540503535002358e+01
3.739805111764942325e+01
3.740069496593709886e+01
3.740333651041917307e+01
3.740597568213743784e+01
3.740861241299641193e+01
3.741124663576408693e+01
3.741387828407368232e+01
3.741650729245071716e+01
3.741913359635368863e+01
3.742175713219240407e+01
3.742437783730925105e+01
3.742699564994980932e+01
3.742961050925680411e+01
3.743222235528648412e+01
3.743483112902598009e+01
3.743743677241357659e+01
3.744003922837654841e+01
3.744263844087188176e+01
3.744523435490367547e+01
3.744782691652688555e+01
3.745041607285980945e+01
3.745300177209663417e+01
3.745558396349753139e+01
3.745816259735153864e+01
3.746073762493743686e+01
3.746330899851876239e+01
3.746587667137488609e+01
3.746844059782620207e+01
3.747100073320189750e+01
3.747355703375021108e+01
3.747610945655361547e+01
3.747865795948780487e+01
3.748120250120310004e+01
3.748374304110685529e+01
3.748627953935363166e+01
3.748881195684320744e+01
3.749134025520101687e+01
3.749386439672161231e+01
3.749638434429360956e+01
3.749890006134803144e+01
3.750141151184949706e+01
3.750391866030690835e+01
3.750642147176566255e+01
3.750891991176769125e+01
3.751141394629883763e+01
3.751390354175090636e+01
3.751638866490313973e+01
3.751886928290859657e+01
3.752134536328249226e+01
3.752381687390806064e+01
3.752628378306292234e+01
3.752874605944538899e+01
3.753120367218623699e+01
3.753365659084777661e+01
3.753610478538982420e+01
3.753854822604023411e+01
3.754098688303488274e+01
3.754342072629727056e+01
3.754584972520873265e+01
3.754827384857933481e+01
3.755069306478140589e+01
3.755310734192210731e+01
3.755551664800231748e+01
3.755792095107943851e+01
3.756032021941560828e+01
3.756271442156162266e+01
3.756510352636878025e+01
3.756748750297833084e+01
3.756986632084016264e+01
3.757223994975193193e+01
3.757460835987096459e+01
3.757697152168520915e+01
3.757932940597741123e+01
3.758168198380779756e+01
3.758402922650551403e+01
3.758637110566496631e+01
3.758870759314898180e+01
3.759103866108126368e+01
3.759336428183105738e+01
3.759568442801439403e+01
3.759799907250216222e+01
3.760030818840964173e+01
3.760261174907148529e+01
3.760490972801768805e+01
3.760720209896215493e+01
3.760948883582547353e+01
3.761176991279461390e+01
3.761404530435931548e+01
3.761631498524327810e+01
3.761857893022331467e+01
3.762083711391542806e+01
3.762308951060467876e+01
3.762533609413161173e+01
3.762757683780986895e+01
3.762981171436807415e+01
3.763204069592010370e+01
3.763426375394208634e+01
3.763648085923677655e+01
3.763869198189409104e+01
3.764089709125738636e+01
3.764309615588795310e+01
3.764528914350988487e+01
3.764747602092678846e+01
3.764965675392780042e+01
3.765183130721209182e+01
3.765399964434839575e+01
3.765616172777170334e+01
3.765831751879734668e+01
3.766046697761962037e+01
3.766261006328601724e+01
3.766474673366559500e+01
3.766687694542520148e+01
3.766900065401348030e+01
3.767111781364683765e+01
3.767322837729153662e+01
3.767533229664573469e+01
3.767742952213625784e+01
3.767952000294157955e+01
3.768160368703629359e+01
3.768368052123754808e+01
3.768575045123588296e+01
3.768781342161048542e+01
3.768986937584740815e+01
3.769191825637143722e+01
3.769396000457499696e+01
3.769599456082767830e+01
3.769802186448369952e+01
3.770004185392651408e+01
3.770205446665719506e+01
3.770405963939358429e+01
3.770605730817040069e+01
3.770804740845300529e+01
3.771002987524340710e+01
3.771200464315310796e+01
3.771397164645166100e+01
3.771593081910354783e+01
3.771788209481476173e+01
3.771982540713497656e+01
3.772176068962689044e+01
3.772368787604637674e+01
3.772560690047482268e+01
3.772751769740189332e+01
3.772942020178679456e+01
3.773131434910888515e+01
3.773320007540269216e+01
3.773507731728126657e+01
3.773694601196635290e+01
3.773880609734492708e+01
3.774065751203344377e+01
3.774250019539931600e+01
3.774433408751612262e+01
3.774615912906141801e+01
3.774797526118525326e+01
3.774978242540603190e+01
3.775158056357263092e+01
3.775336961787034085e+01
3.775514953082097946e+01
3.775692024523530677e+01
3.775868170412645242e+01
3.776043385068284408e+01
3.776217662836282329e+01
3.776390998103322261e+01
3.776563385307275666e+01
3.776734818945119798e+01
3.776905293579679324e+01
3.777074803843354545e+01
3.777243344438343087e+01
3.777410910132674360e+01
3.777577495750203695e+01
3.777743096158469882e+01
3.777907706261613896e+01
3.778071320999442406e+01
3.778233935350089467e+01
3.778395544335122480e+01
3.778556143025715386e+01
3.778715726547852682e+01
3.778874290086270094e+01
3.779031828889851141e+01
3.779188338279566750e+01
3.779343813654267592e+01
3.779498250490438949e+01
3.779651644338354544e+01
3.779803990816479597e+01
3.779955285601976556e+01
3.780105524420631724e+01
3.780254703045641662e+01
3.780402817306926266e+01
3.780549863102199026e+01
3.780695836402478704e+01
3.780840733251863384e+01
3.780984549765549474e+01
3.781127282129601497e+01
3.781268926601708102e+01
3.781409479510080729e+01
3.781548937249920073e+01
3.781687296277547006e+01
3.781824553102101305e+01
3.781960704277045693e+01
3.782095746395666680e+01
3.782229676093878368e+01
3.782362490058978466e+01
3.782494185038398626e+01
3.782624757843591823e+01
3.782754205348264520e+01
3.782882524484180919e+01
3.783009712239304889e+01
3.783135765660037464e+01
3.783260681855787766e+01
3.783384458003066442e+01
3.783507091347140516e+01
3.783628579201253928e+01
3.783748918943808093e+01
3.783868108013594167e+01
3.783986143904345312e+01
3.784103024160655337e+01
3.784218746375748310e+01
3.784333308188666223e+01
3.784446707279511202e+01
3.784558941366926632e+01
3.784670008212307124e+01
3.784779905628388263e+01
3.784888631485990373e+01
3.784996183715016826e+01
3.785102560300094154e+01
3.785207759275925810e+01
3.785311778728487297e+01
3.785414616800709808e+01
3.785516271694655188e+01
3.785616741667359975e+01
3.785716025025224951e+01
3.785814120121225557e+01
3.785911025354077708e+01
3.786006739165453183e+01
3.786101260034762106e+01
3.786194586476377566e+01
3.786286717040459848e+01
3.786377650312031307e+01
3.786467384906157463e+01
3.786555919461279984e+01
3.786643252632062939e+01
3.786729383086622391e+01
3.786814309514186050e+01
3.786898030638595714e+01
3.786980545225966921e+01
3.787061852082512559e+01
3.787141950047889338e+01
3.787220837989713118e+01
3.787298514800316696e+01
3.787374979393898400e+01
3.787450230703674947e+01
3.787524267682345425e+01
3.787597089308210485e+01
3.787668694593723018e+01
3.787739082593268591e+01
3.787808252411134902e+01
3.787876203209003734e+01
3.787942934208957979e+01
3.788008444690456145e+01
3.788072733983795359e+01
3.788135801463000263e+01
3.788197646539094166e+01
3.788258268654256256e+01
3.788317667277731005e+01
3.788375841903590668e+01
3.788432792050350173e+01
3.788488517263118638e+01
3.788543017118085743e+01
3.788596291228574842e+01
3.788648339251871278e+01
3.788699160893718698e+01
3.788748755906681964e+01
3.788797124083146173e+01
3.788844265247453791e+01
3.788890179249782619e+01
3.788934865961012122e+01
3.788978325267682123e+01
3.789020557067929218e+01
3.789061561269178924e+01
3.789101337785936607e+01
3.789139886534753288e+01
3.789177207427545824e+01
3.789213300368120940e+01
3.789248165251535738e+01
3.789281801960341056e+01
3.789314210358485724e+01
3.789345390290192483e+01
3.789375341582150014e+01
3.789404064041026032e+01
3.789431557448941135e+01
3.789457821566347206e+01
3.789482856142601008e+01
3.789506660925859194e+01
3.789529235667619389e+01
3.789550580124336676e+01
3.789570694059143818e+01
3.789589577242983864e+01
3.789607229451564052e+01
3.789623650456847770e+01
3.789638840018456278e+01
3.789652797881399948e+01
3.789665523780249146e+01
3.789677017444464724e+01
3.789687278600619180e+01
3.789696306971310946e+01
3.789704102270954422e+01
3.789710664200315904e+01
3.789715992446792114e+01
3.789720086694040191e+01
3.789722946636393175e+01
3.789724571992678648e+01
3.789724962514984696e+01
3.789724117987001506e+01
3.789722038212816813e+01
3.789718723006204470e+01
3.789714172187314745e+01
3.789708385582971317e+01
3.789701363023463898e+01
3.789693104334179452e+01
3.789683609329283343e+01
3.789672877815138463e+01
3.789660909599383132e+01
3.789647704496984204e+01
3.789633262333276775e+01
3.789617582949536967e+01
3.789600666213328140e+01
3.789582512027978112e+01
3.789563120333087909e+01
3.789542491097940058e+01
3.789520624316169517e+01
3.789497520003262565e+01
3.789473178193572522e+01
3.789447598937432105e+01
3.789420782301290558e+01
3.789392728370091135e+01
3.789363437248381672e+01
3.789332909059191934e+01
3.789301143942228833e+01
3.789268142051876254e+01
3.789233903554421801e+01
3.789198428626547610e+01
3.789161717459477074e+01
3.789123770268866309e+01
3.789084587305090679e+01
3.789044168858956141e+01
3.789002515260293791e+01
3.788959626870527586e+01
3.788915504075135487e+01
3.788870147281287615e+01
3.788823556920735314e+01
3.788775733454851746e+01
3.788726677377528773e+01
3.788676389213303253e+01
3.788624869513343185e+01
3.788572118853868176e+01
3.788518137834478239e+01
3.788462927069370778e+01
3.788406487174955117e+01
3.788348818765946646e+01
3.788289922460715076e+01
3.788229798884295718e+01
3.788168448664486476e+01
3.788105872427851750e+01
3.788042070800791095e+01
3.787977044413925398e+01
3.787910793905601992e+01
3.787843319922096441e+01
3.787774623117227435e+01
3.787704704158499425e+01
3.787633563741435694e+01
3.787561202602640265e+01
3.787487621522539172e+01
3.787412821319649936e+01
3.787336802842024497e+01
3.787259566956456780e+01
3.787181114535939486e+01
3.787101446451696773e+01
3.787020563574476739e+01
3.786938466782469703e+01
3.786855156972244174e+01
3.786770635069299829e+01
3.786684902033064759e+01
3.786597958855277568e+01
3.786509806556224333e+01
3.786420446183116439e+01
3.786329878810818172e+01
3.786238105541691112e+01
3.786145127503006336e+01
3.786050945844361593e+01
3.785955561737923603e+01
3.785858976382764496e+01
3.785761191012799287e+01
3.785662206904344629e+01
3.785562025377827666e+01
3.785460647791997957e+01
3.785358075534147559e+01
3.785254310012184220e+01
3.785149352652550903e+01
3.785043204905258563e+01
3.784935868256030744e+01
3.784827344240300562e+01
3.784717634449614110e+01
3.784606740528290203e+01
3.784494664167067413e+01
3.784381407099671435e+01
3.784266971102016441e+01
3.784151357989554754e+01
3.784034569610250287e+01
3.783916607834333234e+01
3.783797474541913886e+01
3.783677171610119672e+01
3.783555700904118879e+01
3.783433064274778701e+01
3.783309263560995106e+01
3.783184300595245020e+01
3.783058177214002882e+01
3.782930895270504834e+01
3.782802456643126021e+01
3.782672863238599348e+01
3.782542116994358850e+01
3.782410219882149249e+01
3.782277173911934653e+01
3.782142981133075210e+01
3.782007643630640104e+01
3.781871163518602685e+01
3.781733542932743575e+01
3.781594784024533595e+01
3.781454888958037941e+01
3.781313859911102782e+01
3.781171699076647030e+01
3.781028408658011131e+01
3.780883990859145172e+01
3.780738447876650099e+01
3.780591781899029513e+01
3.780443995114222133e+01
3.780295089722199009e+01
3.780145067946107673e+01
3.779993932037857718e+01
3.779841684278357405e+01
3.779688326971805878e+01
3.779533862432975155e+01
3.779378292973716214e+01
3.779221620899690492e+01
3.779063848518990198e+01
3.778904978152999661e+01
3.778745012141222048e+01
3.778583952841913884e+01
3.778421802635062932e+01
3.778258563927605707e+01
3.778094239156605738e+01
3.777928830790869341e+01
3.777762341333344409e+01
3.777594773324594968e+01
3.777426129348123851e+01
3.777256412037063882e+01
3.777085624077849246e+01
3.776913768207559485e+01
3.776740847207267393e+01
3.776566863897536308e+01
3.776391821140730798e+01
3.776215721847625417e+01
3.776038568981765309e+01
3.775860365560712495e+01
3.775681114657108139e+01
3.775500819399235297e+01
3.775319482970134288e+01
3.775137108605348146e+01
3.774953699587263145e+01
3.774769259235946350e+01
3.774583790903098901e+01
3.774397297973997922e+01
3.774209783872562696e+01
3.774021252062323128e+01
3.773831706042818013e+01
3.773641149345892387e+01
3.773449585534437034e+01
3.773257018201807256e+01
3.773063450972512101e+01
3.772868887508747804e+01
3.772673331520246620e+01
3.772476786767695955e+01
3.772279257058077917e+01
3.772080746240393267e+01
3.771881258207630339e+01
3.771680796903107336e+01
3.771479366327023541e+01
3.771276970540274220e+01
3.771073613663405411e+01
3.770869299871760205e+01
3.770664033391906145e+01
3.770457818501755298e+01
3.770250659532344173e+01
3.770042560868255066e+01
3.769833526942190360e+01
3.769623562221854485e+01
3.769412671194987041e+01
3.769200858358681216e+01
3.768988128211627497e+01
3.768774485243049099e+01
3.768559933915400961e+01
3.768344478648919704e+01
3.768128123820305575e+01
3.767910873776402525e+01
3.767692732854211357e+01
3.767473705400222883e+01
3.767253795786150761e+01
3.767033008420182227e+01
3.766811347752483385e+01
3.766588818274956907e+01
3.766365424520518701e+01
3.766141171067633309e+01
3.765916062548158294e+01
3.765690103651499498e+01
3.765463299121547891e+01
3.765235653748948152e+01
3.765007172364246202e+01
3.764777859836485163e+01
3.764547721077460096e+01
3.764316761048995374e+01
3.764084984773234055e+01
3.763852397344592049e+01
3.763619003934891083e+01
3.763384809787685015e+01
3.763149820211118168e+01
3.762914040578294106e+01
3.762677476332316928e+01
3.762440132988800912e+01
3.762202016132830096e+01
3.761963131412704087e+01
3.761723484536022255e+01
3.761483081271716600e+01
3.761241927456068623e+01
3.761000028997666078e+01
3.760757391878166800e+01
3.760514022148490199e+01
3.760269925921398482e+01
3.760025109365351881e+01
3.759779578705863656e+01
3.759533340234255405e+01
3.759286400318271859e+01
3.759038765408210736e+01
3.758790442035260781e+01
3.758541436804387814e+01
3.758291756385467863e+01
3.758041407504810394e+01
3.757790396938925426e+01
3.757538731510820185e+01
3.757286418089319824e+01
3.757033463595110589e+01
3.756779875013112502e+01
3.756525659401837203e+01
3.756270823893390798e+01
3.756015375689000990e+01
3.755759322057954108e+01
3.755502670341207505e+01
3.755245427953541792e+01
3.754987602379770095e+01
3.754729201169103447e+01
3.754470231933407121e+01
3.754210702349062956e+01
3.753950620157668538e+01
3.753689993161668781e+01
3.753428829217062201e+01
3.753167136229912870e+01
3.752904922160850276e+01
3.752642195034921713e+01
3.752378962950285057e+01
3.752115234083194650e+01
3.751851016690751095e+01
3.751586319109555490e+01
3.751321149746478767e+01
3.751055517063978328e+01
3.750789429569306321e+01
3.750522895814437874e+01
3.750255924404571317e+01
3.749988524008769986e+01
3.749720703366807584e+01
3.749452471287638389e+01
3.749183836642312428e+01
3.748914808361764273e+01
3.748645395442102313e+01
3.748375606949216632e+01
3.748105452018808847e+01
3.747834939854181613e+01
3.747564079723350261e+01
3.747292880956735672e+01
3.747021352946514128e+01
3.746749505147332826e+01
3.746477347077998132e+01
3.746204888324044902e+01
3.745932138540010214e+01
3.745659107449466774e+01
3.745385804842432265e+01
3.745112240570140472e+01
3.744838424536020938e+01
3.744564366684631551e+01
3.744290076993511462e+01
3.744015565470490969e+01
3.743740842155580850e+01
3.743465917124614606e+01
3.743190800491139925e+01
3.742915502405382711e+01
3.742640033051072379e+01
3.742364402641586452e+01
3.742088621417943273e+01
3.741812699648941276e+01
3.741536647631097878e+01
3.741260475688304155e+01
3.740984194172057897e+01
3.740707813459655284e+01
3.740431343946632836e+01
3.740154796034629925e+01
3.739878180120233964e+01
3.739601506588100222e+01
3.739324785807488638e+01
3.739048028130063983e+01
3.738771243887406115e+01
3.738494443389004118e+01
3.738217636922786369e+01
3.737940834756624042e+01
3.737664047134961720e+01
3.737387284268536547e+01
3.737110556324676480e+01
3.736833873425005237e+01
3.736557245646456238e+01
3.736280683018588888e+01
3.736004195516227355e+01
3.735727793049660050e+01
3.735451485454457554e+01
3.735175282483910308e+01
3.734899193807125783e+01
3.734623229011504009e+01
3.734347397604820884e+01
3.734071709013714724e+01
3.733796172578071548e+01
3.733520797542399805e+01
3.733245593046223831e+01
3.732970568115358390e+01
3.732695731655225302e+01
3.732421092447190603e+01
3.732146659148215662e+01
3.731872440292647042e+01
3.731598444294495920e+01
3.731324679449618031e+01
3.731051153937991671e+01
3.730777875825703660e+01
3.730504853065570359e+01
3.730232093495711609e+01
3.729959604836471954e+01
3.729687394686847313e+01
3.729415470521604448e+01
3.729143839690237172e+01
3.728872509419635861e+01
3.728601486821618494e+01
3.728330778902803644e+01
3.728060392572533743e+01
3.727790334648263837e+01
3.727520611860465749e+01
3.727251230857137188e+01
3.726982198206562913e+01
3.726713520398123336e+01
3.726445203842420995e+01
3.726177254872090572e+01
3.725909679743089953e+01
3.725642484634927598e+01
3.725375675649323881e+01
3.725109258808970480e+01
3.724843240058824989e+01
3.724577625271005843e+01
3.724312420251052913e+01
3.724047630741652881e+01
3.723783262422757900e+01
3.723519320909761632e+01
3.723255811750694022e+01
3.722992740422639457e+01
3.722730112328058993e+01
3.722467932791688128e+01
3.722206207058223981e+01
3.721944940290588022e+01
3.721684137568386319e+01
3.721423803886757753e+01
3.721163944156000269e+01
3.720904563201202109e+01
3.720645665761568921e+01
3.720387256491125783e+01
3.720129339961648185e+01
3.719871920667062426e+01
3.719615003028911815e+01
3.719358591402115621e+01
3.719102690078680240e+01
3.718847303287518002e+01
3.718592435190652168e+01
3.718338089877675401e+01
3.718084271360596205e+01
3.717830983570335945e+01
3.717578230355176316e+01
3.717326015480379908e+01
3.717074342626044370e+01
3.716823215379903189e+01
3.716572637225829823e+01
3.716322611532542197e+01
3.716073141545810188e+01
3.715824230384850324e+01
3.715575881042133233e+01
3.715328096384644851e+01
3.715080879154860583e+01
3.714834231971420309e+01
3.714588157329713169e+01
3.714342657601576292e+01
3.714097735034413716e+01
3.713853391751187871e+01
3.713609629751484675e+01
3.713366450913358108e+01
3.713123856999937544e+01
3.712881849677346935e+01
3.712640430540601244e+01
3.712399601134439564e+01
3.712159362963444664e+01
3.711919717496800075e+01
3.711680666174801502e+01
3.711442210421991206e+01
3.711204351665065815e+01
3.710967091348149438e+01
3.710730430943491598e+01
3.710494371960408699e+01
3.710258915949645342e+01
3.710024064498387730e+01
3.709789819220596030e+01
3.709556181753276860e+01
3.709323153762403535e+01
3.709090736953408651e+01
3.708858933081388898e+01
3.708627743959548440e+01
3.708397171464240216e+01
3.708167217534932547e+01
3.707937884169017906e+01
3.707709173414477277e+01
3.707481087365657402e+01
3.707253628163236669e+01
3.707026797994876688e+01
3.706800599093917015e+01
3.706575033736222480e+01
3.706350104237419885e+01
3.706125812952569021e+01
3.705902162278164980e+01
3.705679154655803131e+01
3.705456792577592040e+01
3.705235078593806719e+01
3.705014015322684884e+01
3.704793605459244787e+01
3.704573851778164340e+01
3.704354757128766096e+01
3.704136324423379989e+01
3.703918556622390668e+01
3.703701456721135088e+01
3.703485027743324309e+01
3.703269272742844720e+01
3.703054194810817989e+01
3.702839797083629492e+01
3.702626082751739744e+01
3.702413055067908232e+01
3.702200717350353898e+01
3.701989072980063611e+01
3.701778125395768626e+01
3.701567878090180841e+01
3.701358334609253831e+01
3.701149498553674988e+01
3.700941373579875204e+01
3.700733963397141224e+01
3.700527271759561643e+01
3.700321302456805483e+01
3.700116059308403038e+01
3.699911546160071651e+01
3.699707766878196225e+01
3.699504725342155353e+01
3.699302425436069797e+01
3.699100871040835870e+01
3.698900066026846645e+01
3.698700014246704626e+01
3.698500719526575864e+01
3.698302185655783347e+01
3.698104416375822012e+01
3.697907415371216189e+01
3.697711186263983052e+01
3.697515732611019956e+01
3.697321057902752983e+01
3.697127165562369555e+01
3.696934058945635115e+01
3.696741741341195819e+01
3.696550215971560505e+01
3.696359485995250793e+01
3.696169554510218802e+01
3.695980424558526067e+01
3.695792099131705299e+01
3.695604581175147274e+01
3.695417873590634628e+01
3.695231979237314590e+01
3.695046900931309608e+01
3.694862641444252205e+01
3.694679203501625864e+01
3.694496589781982010e+01
3.694314802917125462e+01
3.694133845492305568e+01
3.693953720046010147e+01
3.693774429070246867e+01
3.693595975012674870e+01
3.693418360281660995e+01
3.693241587254054537e+01
3.693065658282770158e+01
3.692890575699986755e+01
3.692716341815084036e+01
3.692542958910043893e+01
3.692370429234755136e+01
3.692198755003094135e+01
3.692027938390079100e+01
3.691857981530088040e+01
3.691688886515957790e+01
3.691520655398664985e+01
3.691353290186906833e+01
3.691186792845805087e+01
3.691021165294732498e+01
3.690856409404843674e+01
3.690692526996411260e+01
3.690529519835868655e+01
3.690367389633046002e+01
3.690206138038111305e+01
3.690045766636367119e+01
3.689886276941685850e+01
3.689727670392179704e+01
3.689569948348792394e+01
3.689413112094477043e+01
3.689257162833466452e+01
3.689102101691615587e+01
3.688947929717424046e+01
3.688794647882862421e+01
3.688642257084291742e+01
3.688490758144072146e+01
3.688340151812351309e+01
3.688190438768281609e+01
3.688041619620929623e+01
3.687893694910588493e+01
3.687746665110464761e+01
3.687600530628180451e+01
3.687455291805803625e+01
3.687310948917057374e+01
3.687167502161896948e+01
3.687024951660209382e+01
3.686883297447554497e+01
3.686742539477528169e+01
3.686602677633286618e+01
3.686463711743544280e+01
3.686325641595455949e+01
3.686188466943014674e+01
3.686052187515156930e+01
3.685916803024745292e+01
3.685782313174333069e+01
3.685648717655302420e+01
3.685516016141059481e+01
3.685384208277018558e+01
3.685253293670186281e+01
3.685123271880604534e+01
3.684994142415413165e+01
3.684865904725257479e+01
3.684738558202929681e+01
3.684612102183859861e+01
3.684486535947095120e+01
3.684361858715887195e+01
3.684238069658857739e+01
3.684115167892829135e+01
3.683993152486128508e+01
3.683872022460440121e+01
3.683751776791088872e+01
3.683632414406940825e+01
3.683513934190393257e+01
3.683396334977268793e+01
3.683279615556804742e+01
3.683163774672033242e+01
3.683048811020351110e+01
3.682934723254187048e+01
3.682821509981767605e+01
3.682709169767681345e+01
3.682597701133155965e+01
3.682487102556329006e+01
3.682377372473006005e+01
3.682268509278197399e+01
3.682160511327847274e+01
3.682053376939880707e+01
3.681947104394468795e+01
3.681841691933513516e+01
3.681737137758866396e+01
3.681633440029665394e+01
3.681530596860650917e+01
3.681428606322517538e+01
3.681327466442954943e+01
3.681227175206709745e+01
3.681127730554958788e+01
3.681029130384886372e+01
3.680931372549154901e+01
3.680834454854403504e+01
3.680738375058281520e+01
3.680643130865121293e+01
3.680548719921117851e+01
3.680455139810289467e+01
3.680362388051507594e+01
3.680270462095916173e+01
3.680179359324639421e+01
3.680089077047171742e+01
3.679999612499963746e+01
3.679910962844513733e+01
3.679823125165464148e+01
3.679736096469667217e+01
3.679649873686711459e+01
3.679564453670419510e+01
3.679479833199862782e+01
3.679396008979200161e+01
3.679312977638588933e+01
3.679230735739965752e+01
3.679149279787112903e+01
3.679068606234162075e+01
3.678988711489228791e+01
3.678909591914928257e+01
3.678831243827329445e+01
3.678753663492864945e+01
3.678676847123291083e+01
3.678600790870743253e+01
3.678525490824932120e+01
3.678450943012386176e+01
3.678377143396665616e+01
3.678304087879357098e+01
3.678231772301844416e+01
3.678160192447563759e+01
3.678089344045137210e+01
3.678019222772574892e+01
3.677949824261187217e+01
3.677881144098027733e+01
3.677813177827464841e+01
3.677745920952555281e+01
3.677679368935829984e+01
3.677613517199500137e+01
3.677548361126920184e+01
3.677483896068538627e+01
3.677420117353686635e+01
3.677357020304122415e+01
3.677294600244064782e+01
3.677232852509256844e+01
3.677171772461669974e+01
3.677111355509183710e+01
3.677051597124090421e+01
3.676992492857993966e+01
3.676934038353788026e+01
3.676876229354709835e+01
3.676819061711057657e+01
3.676762531384270005e+01
3.676706634446921385e+01
3.676651367081444022e+01
3.676596725581581637e+01
3.676542706355882473e+01
3.676489305933044704e+01
3.676436520970474930e+01
3.676384348264018342e+01
3.676332784755636141e+01
3.676281827537383151e+01
3.676231473851684939e+01
3.676181721090245702e+01
3.676132566794420597e+01
3.676084008658801849e+01
3.676036044538304992e+01
3.675988672457012996e+01
3.675941890616337560e+01
3.675895697399572271e+01
3.675850091370407569e+01
3.675805071268229085e+01
3.675760636006242521e+01
3.675716784673002735e+01
3.675673516533065310e+01
3.675630831025210199e+01
3.675588727759971874e+01
3.675547206517370569e+01
3.675506267243565617e+01
3.675465910045078743e+01
3.675426135181451315e+01
3.675386943058882139e+01
3.675348334227363267e+01
3.675310309382593488e+01
3.675272869370714091e+01
3.675236015190805006e+01
3.675199747991629096e+01
3.675164069064580019e+01
3.675128979836626542e+01
3.675094481864815776e+01
3.675060576832530757e+01
3.675027266546814531e+01
3.674994552935891079e+01
3.674962438045613311e+01
3.674930924032694435e+01
3.674900013155993150e+01
3.674869707769450144e+01
3.674840010316097505e+01
3.674810923322063871e+01
3.674782449393703843e+01
3.674754591219488731e+01
3.674727351572879286e+01
3.674700733310126566e+01
3.674674739360965248e+01
3.674649372717351525e+01
3.674624636426203494e+01
3.674600533586123419e+01
3.674577067345587977e+01
3.674554240900552315e+01
3.674532057487956394e+01
3.674510520375535094e+01
3.674489632857272170e+01
3.674469398259768127e+01
3.674449819950940110e+01
3.674430901342881128e+01
3.674412645891789708e+01
3.674395057099755491e+01
3.674378138517025150e+01
3.674361893741060925e+01
3.674346326410911701e+01
3.674331440197694576e+01
3.674317238793026519e+01
3.674303725897554784e+01
3.674290905211626068e+01
3.674278780429365554e+01
3.674267355236067800e+01
3.674256633308018394e+01
3.674246618313781454e+01
3.674237313915579506e+01
3.674228723769306271e+01
3.674220851522984788e+01
3.674213700814735972e+01
3.674207275272009809e+01
3.674201578513933697e+01
3.674196614155903973e+01
3.674192385812318662e+01
3.674188897095224604e+01
3.674186151610717843e+01
3.674184152955151461e+01
3.674182904711045694e+01
3.674182410442419666e+01
3.674182673690309286e+01
3.674183697969164797e+01
3.674185486764219633e+01
3.674188043529834857e+01
3.674191371689006758e+01
3.674195474635605052e+01
3.674200355740892121e+01
3.674206018361606141e+01
3.674212465844721009e+01
3.674219701527928095e+01
3.674227728738066645e+01
3.674236550789262168e+01
3.674246170980867277e+01
3.674256592594915816e+01
3.674267818894843884e+01
3.674279853127123374e+01
3.674292698524075007e+01
3.674306358306089493e+01
3.674320835683942477e+01
3.674336133861309150e+01
3.674352256035810171e+01
3.674369205397236726e+01
3.674386985123528859e+01
3.674405598376468873e+01
3.674425048298432017e+01
3.674445338010607998e+01
3.674466470613359093e+01
3.674488449189112060e+01
3.674511276805827720e+01
3.674534956518240136e+01
3.674559491366647279e+01
3.674584884375121874e+01
3.674611138550401535e+01
3.674638256881362963e+01
3.674666242337519151e+01
3.674695097865176763e+01
3.674724826382718845e+01
3.674755430778124321e+01
3.674786913909603214e+01
3.674819278607495932e+01
3.674852527675978564e+01
3.674886663894377392e+01
3.674921690017406917e+01
3.674957608772781015e+01
3.674994422856482146e+01
3.675032134930756911e+01
3.675070747629317225e+01
3.675110263565564850e+01
3.675150685336618750e+01
3.675192015523158062e+01
3.675234256689651602e+01
3.675277411386434778e+01
3.675321482151593244e+01
3.675366471511383537e+01
3.675412381980066101e+01
3.675459216060127687e+01
3.675506976242890289e+01
3.675555665009218131e+01
3.675605284830127317e+01
3.675655838166802170e+01
3.675707327469453389e+01
3.675759755175187848e+01
3.675813123705494689e+01
3.675867435463826638e+01
3.675922692834250682e+01
3.675978898181556787e+01
3.676036053851952090e+01
3.676094162174337043e+01
3.676153225463139051e+01
3.676213246022019376e+01
3.676274226145730495e+01
3.676336168117975944e+01
3.676399074206153728e+01
3.676462946655512098e+01
3.676527787683694726e+01
3.676593599475280882e+01
3.676660384176330609e+01
3.676728143889506839e+01
3.676796880670367074e+01
3.676866596524335762e+01
3.676937293402991713e+01
3.677008973199481545e+01
3.677081637744607434e+01
3.677155288805062128e+01
3.677229928083703214e+01
3.677305557220704912e+01
3.677382177794515172e+01
3.677459791322612404e+01
3.677538399263139013e+01
3.677618003017510517e+01
3.677698603932238797e+01
3.677780203298907935e+01
3.677862802353460836e+01
3.677946402276464255e+01
3.678031004194537701e+01
3.678116609182269769e+01
3.678203218264518881e+01
3.678290832418720413e+01
3.678379452576010067e+01
3.678469079621680038e+01
3.678559714396885028e+01
3.678651357701233593e+01
3.678744010293328870e+01
3.678837672887800636e+01
3.678932346150482857e+01
3.679028030694471596e+01
3.679124727078903589e+01
3.679222435810660841e+01
3.679321157347529692e+01
3.679420892100872464e+01
3.679521640436255581e+01
3.679623402671150245e+01
3.679726179070780034e+01
3.679829969845236803e+01
3.679934775150196202e+01
3.680040595090458311e+01
3.680147429723677988e+01
3.680255279062541263e+01
3.680364143075280481e+01
3.680474021685503061e+01
3.680584914772024518e+01
3.680696822167820415e+01
3.680809743656928390e+01
3.680923678969796953e+01
3.681038627778723793e+01
3.681154589694462942e+01
3.681271564263807505e+01
3.681389550966973445e+01
3.681508549214004944e+01
3.681628558341670754e+01
3.681749577612595203e+01
3.681871606215462833e+01
3.681994643264341249e+01
3.682118687797031242e+01
3.682243738772827868e+01
3.682369795069697460e+01
3.682496855481063847e+01
3.682624918712882334e+01
3.682753983383248197e+01
3.682884048028140000e+01
3.683015111113296314e+01
3.683147171046189783e+01
3.683280226182835548e+01
3.683414274829922874e+01
3.683549315244707145e+01
3.683685345633826103e+01
3.683822364151626516e+01
3.683960368898492987e+01
3.684099357919465945e+01
3.684239329203148117e+01
3.684380280680805697e+01
3.684522210225667038e+01
3.684665115651625200e+01
3.684808994710392227e+01
3.684953845088837454e+01
3.685099664409057141e+01
3.685246450229708870e+01
3.685394200046463453e+01
3.685542911293043744e+01
3.685692581343818830e+01
3.685843207515715392e+01
3.685994787067496503e+01
3.686147317196509476e+01
3.686300795033577771e+01
3.686455217637308124e+01
3.686610581990343860e+01
3.686766884999613580e+01
3.686924123499689898e+01
3.687082294256735082e+01
3.687241393972059456e+01
3.687401419285377102e+01
3.687562366776898415e+01
3.687724232967173776e+01
3.687887014314899403e+01
3.688050707213643875e+01
3.688215307988475899e+01
3.688380812894053662e+01
3.688547218115538584e+01
3.688714519771551181e+01
3.688882713918684431e+01
3.689051796560009677e+01
3.689221763658550657e+01
3.689392611152506873e+01
3.689564334967555226e+01
3.689736931022625299e+01
3.689910395231867568e+01
3.690084723511498055e+01
3.690259911794334613e+01
3.690435956046863453e+01
3.690612852284649392e+01
3.690790596583849492e+01
3.690969185087363513e+01
3.691148614008748297e+01
3.691328879639437588e+01
3.691509978359766109e+01
3.691691906649202792e+01
3.691874661092600718e+01
3.692058238382637825e+01
3.692242635319727384e+01
3.692427848810759627e+01
3.692613875868713791e+01
3.692800713614709451e+01
3.692988359281614663e+01
3.693176810216575490e+01
3.693366063880337435e+01
3.693556117843734654e+01
3.693746969783694567e+01
3.693938617479532383e+01
3.694131058808465440e+01
3.694324291740832678e+01
3.694518314337942400e+01
3.694713124754893130e+01
3.694908721246890337e+01
3.695105102174594691e+01
3.695302266005569436e+01
3.695500211312320005e+01
3.695698936767408327e+01
3.695898441134765022e+01
3.696098723258666752e+01
3.696299782054657612e+01
3.696501616503683607e+01
3.696704225646131192e+01
3.696907608574108650e+01
3.697111764425088865e+01
3.697316692380329073e+01
3.697522391665916075e+01
3.697728861550984902e+01
3.697936101342916970e+01
3.698144110383316985e+01
3.698352888044086484e+01
3.698562433720668707e+01
3.698772746823835433e+01
3.698983826771759453e+01
3.699195672980630434e+01
3.699408284854097673e+01
3.699621661775631054e+01
3.699835803105368370e+01
3.700050708178125802e+01
3.700266376298873183e+01
3.700482806735485042e+01
3.700699998711100847e+01
3.700917951398230343e+01
3.701136663915886515e+01
3.701356135329925223e+01
3.701576364654946616e+01
3.701797350855022728e+01
3.702019092842380843e+01
3.702241589476767558e+01
3.702464839567927868e+01
3.702688841879153614e+01
3.702913595128593016e+01
3.703139097987342865e+01
3.703365349075103552e+01
3.703592346955443304e+01
3.703820090132430209e+01
3.704048577048519064e+01
3.704277806083129576e+01
3.704507775551799398e+01
3.704738483706024965e+01
3.704969928734264784e+01
3.705202108764114399e+01
3.705435021864281708e+01
3.705668666045296789e+01
3.705903039259540321e+01
3.706138139401753051e+01
3.706373964309550217e+01
3.706610511761202531e+01
3.706847779469620008e+01
3.707085765076041639e+01
3.707324466147615993e+01
3.707563880178592797e+01
3.707804004591216795e+01
3.708044836734479333e+01
3.708286373882570786e+01
3.708528613234410898e+01
3.708771551913272901e+01
3.709015186964844446e+01
3.709259515353247139e+01
3.709504533957053241e+01
3.709750239567732422e+01
3.709996628890346670e+01
3.710243698545110647e+01
3.710491445069153826e+01
3.710739864918180331e+01
3.710988954468027856e+01
3.711238710015845044e+01
3.711489127780183850e+01
3.711740203900323820e+01
3.711991934435975082e+01
3.712244315367767200e+01
3.712497342597047378e+01
3.712751011942179957e+01
3.713005319130645887e+01
3.713260259790763484e+01
3.713515829447098326e+01
3.713772023519582177e+01
3.714028837323794363e+01
3.714286266070367049e+01
3.714544304862543100e+01
3.714802948691582429e+01
3.715062192431393839e+01
3.715322030835696410e+01
3.715582458538685984e+01
3.715843470057553333e+01
3.716105059799773613e+01
3.716367222078869759e+01
3.716629951132707532e+01
3.716893241135556281e+01
3.717157086203131655e+01
3.717421480393748112e+01
3.717686417707027147e+01
3.717951892081050858e+01
3.718217897388833393e+01
3.718484427434497519e+01
3.718751475949546403e+01
3.719019036588748861e+01
3.719287102923875921e+01
3.719555668436077411e+01
3.719824726510204727e+01
3.720094270431271610e+01
3.720364293380240639e+01
3.720634788427948791e+01
3.720905748529234103e+01
3.721177166519981938e+01
3.721449035116798143e+01
3.721721346916977069e+01
3.721994094398466757e+01
3.722267269921975696e+01
3.722540865737078519e+01
3.722814873991723772e+01
3.723089286743105220e+01
3.723364095969218113e+01
3.723639293581680221e+01
3.723914871441959917e+01
3.724190821383154315e+01
3.724467135231871140e+01
3.724743804821335402e+01
3.725020821996707809e+01
3.725298178620401046e+01
3.725575866580606998e+01
3.725853877799538338e+01
3.726132204236203904e+01
3.726410837881891780e+01
3.726689770750085984e+01
3.726968994864930096e+01
3.727248502253682005e+01
3.727528284946568249e+01
3.727808334982390903e+01
3.728088644415299058e+01
3.728369205320291968e+01
3.728650009796876930e+01
3.728931049969992984e+01
3.729212317989964021e+01
3.729493806034400905e+01
3.729775506311948874e+01
3.730057411068180073e+01
3.730339512594993323e+01
3.730621803239917256e+01
3.730904275409177018e+01
3.731186921564819414e+01
3.731469734221349199e+01
3.731752705945386595e+01
3.732035829359220003e+01
3.732319097147573927e+01
3.732602502064083438e+01
3.732886036933482643e+01
3.733169694649700432e+01
3.733453468172596956e+01
3.733737350524402387e+01
3.734021334786156388e+01
3.734305414095125997e+01
3.734589581644068801e+01
3.734873830682153084e+01
3.735158154515099937e+01
3.735442546501916183e+01
3.735727000049872970e+01
3.736011508610457810e+01
3.736296065674741840e+01
3.736580664767287630e+01
3.736865299442491306e+01
3.737149963286671550e+01
3.737434649924930596e+01
3.737719353030257707e+01
3.738004066333412112e+01
3.738288783632705048e+01
3.738573498802811201e+01
3.738858205802116430e+01
3.739142898678318261e+01
3.739427571571970077e+01
3.739712218717792069e+01
3.739996834443158491e+01
3.740281413163952351e+01
3.740565949379833199e+01
3.740850437670093953e+01
3.741134872689516300e+01
3.741419249164708560e+01
3.741703561893181984e+01
3.741987805747090334e+01
3.742271975680387897e+01
3.742556066734326237e+01
3.742840074037209774e+01
3.743123992799273481e+01
3.743407818306399548e+01
3.743691545915481811e+01
3.743975171051744866e+01
3.744258689206746027e+01
3.744542095936078852e+01
3.744825386856008009e+01
3.745108557639525770e+01
3.745391604013859421e+01
3.745674521759645614e+01
3.745957306710290169e+01
3.746239954751820278e+01
3.746522461825172456e+01
3.746804823931401529e+01
3.747087037136888910e+01
3.747369097574366492e+01
3.747651001438576657e+01
3.747932744979990360e+01
3.748214324500275296e+01
3.748495736349131136e+01
3.748776976920926529e+01
3.749058042651144262e+01
3.749338930011949600e+01
3.749619635506684290e+01
3.749900155666706070e+01
3.750180487054549872e+01
3.750460626271774345e+01
3.750740569965049787e+01
3.751020314827768942e+01
3.751299857600094612e+01
3.751579195068623562e+01
3.751858324063125849e+01
3.752137241451042371e+01
3.752415944134909154e+01
3.752694429055620873e+01
3.752972693199792786e+01
3.753250733605754874e+01
3.753528547362922296e+01
3.753806131606492613e+01
3.754083483512726360e+01
3.754360600295006378e+01
3.754637479199219996e+01
3.754914117499621540e+01
3.755190512495188671e+01
3.755466661503249526e+01
3.755742561849211825e+01
3.756018210856782247e+01
3.756293605841985794e+01
3.756568744107861590e+01
3.756843622936730753e+01
3.757118239582656827e+01
3.757392591267702642e+01
3.757666675180629312e+01
3.757940488473153096e+01
3.758214028250849736e+01
3.758487291560359012e+01
3.758760275376292270e+01
3.759032976589119102e+01
3.759305391993538592e+01
3.759577518277728814e+01
3.759849352014837365e+01
3.760120889657299159e+01
3.760392127533486217e+01
3.760663061845924204e+01
3.760933688670477437e+01
3.761204003956417097e+01
3.761474003527457910e+01
3.761743683083383871e+01
3.762013038201572357e+01
3.762282064338332077e+01
3.762550756830817278e+01
3.762819110900409925e+01
3.763087121656779743e+01
3.763354784100098982e+01
3.763622093119938228e+01
3.763889043492029884e+01
3.764155629874925069e+01
3.764421846807534422e+01
3.764687688707541469e+01
3.764953149870795812e+01
3.765218224472356212e+01
3.765482906569975796e+01
3.765747190109826192e+01
3.766011068932414929e+01
3.766274536774999149e+01
3.766537587267277587e+01
3.766800213922994800e+01
3.767062410137869932e+01
3.767324169200980322e+01
3.767585484314706434e+01
3.767846348614977359e+01
3.768106755188301094e+01
3.768366697084893957e+01
3.768626167328800847e+01
3.768885158928686963e+01
3.769143664891755208e+01
3.769401678236686593e+01
3.769659192000546000e+01
3.769916199241787069e+01
3.770172693044818146e+01
3.770428666526714068e+01
3.770684112842952374e+01
3.770939025190521932e+01
3.771193396808693876e+01
3.771447220978721049e+01
3.771700491021883295e+01
3.771953200292174557e+01
3.772205342164221520e+01
3.772456910024023102e+01
3.772707897267778776e+01
3.772958297306563225e+01
3.773208103572265060e+01
3.773457309523235637e+01
3.773705908650328666e+01
3.773953894482943383e+01
3.774201260593798679e+01
3.774448000602637165e+01
3.774694108180225527e+01
3.774939577052348483e+01
3.775184401001086343e+01
3.775428573861312032e+01
3.775672089512517715e+01
3.775914941867817021e+01
3.776157124865090253e+01
3.776398632463000382e+01
3.776639458636429936e+01
3.776879597369089225e+01
3.777119042651582959e+01
3.777357788490289181e+01
3.777595828922962795e+01
3.777833158033069338e+01
3.778069769955262558e+01
3.778305658871117600e+01
3.778540819002719786e+01
3.778775244611616557e+01
3.779008930001862154e+01
3.779241869519259467e+01
3.779474057542134346e+01
3.779705488466845509e+01
3.779936156697878147e+01
3.780166056650990924e+01
3.780395182764738138e+01
3.780623529508099523e+01
3.780851091381098428e+01
3.781077862914640519e+01
3.781303838676393525e+01
3.781529013284167462e+01
3.781753381418129578e+01
3.781976937824153850e+01
3.782199677314641661e+01
3.782421594772652895e+01
3.782642685153312812e+01
3.782862943479570106e+01
3.783082364837370193e+01
3.783300944372781061e+01
3.783518677291455390e+01
3.783735558860141168e+01
3.783951584405464530e+01
3.784166749306969280e+01
3.784381048990349683e+01
3.784594478928576677e+01
3.784807034650723523e+01
3.785018711752439913e+01
3.785229505902832869e+01
3.785439412846864826e+01
3.785648428406874189e+01
3.785856548484878203e+01
3.786063769063029127e+01
3.786270086202699758e+01
3.786475496043971845e+01
3.786679994803265714e+01
3.786883578770779479e+01
3.787086244312607164e+01
3.787287987873050810e+01
3.787488805967971928e+01
3.787688695170742648e+01
3.787887652101122171e+01
3.788085673422312283e+01
3.788282755844058869e+01
3.788478896127602980e+01
3.788674091086249263e+01
3.788868337576975875e+01
3.789061632489511311e+01
3.789253972746617904e+01
3.789445355318597564e+01
3.789635777241596060e+01
3.789825235632693534e+01
3.790013727701983015e+01
3.790201250761234064e+01
3.790387802228957526e+01
3.790573379633035245e+01
3.790757980610235478e+01
3.790941602898909224e+01
3.791124244322141834e+01
3.791305902765940061e+01
3.791486576162778732e+01
3.791666262488197958e+01
3.791844959770067902e+01
3.792022666103606809e+01
3.792199379663856718e+01
3.792375098709111825e+01
3.792549821575186542e+01
3.792723546666960743e+01
3.792896272450701645e+01
3.793067997446004824e+01
3.793238720217239290e+01
3.793408439365978069e+01
3.793577153526835843e+01
3.793744861369054178e+01
3.793911561602860161e+01
3.794077252987196403e+01
3.794241934335205713e+01
3.794405604514072650e+01
3.794568262438240680e+01
3.794729907058631824e+01
3.794890537353046511e+01
3.795050152323573656e+01
3.795208751001793246e+01
3.795366332454275238e+01
3.795522895780774064e+01
3.795678440105022133e+01
3.795832964561724054e+01
3.795986468282870874e+01
3.796138950387177147e+01
3.796290409977012104e+01
3.796440846143426029e+01
3.796590257973801386e+01
3.796738644558244147e+01
3.796886004996657249e+01
3.797032338405909968e+01
3.797177643923701140e+01
3.797321920709599397e+01
3.797465167942378628e+01
3.797607384810441999e+01
3.797748570500298371e+01
3.797888724193809651e+01
3.798027845076932607e+01
3.798165932354013563e+01
3.798302985262378684e+01
3.798439003083613841e+01
3.798573985147440624e+01
3.798707930827510637e+01
3.798840839532137181e+01
3.798972710692298449e+01
3.799103543749255607e+01
3.799233338145285899e+01
3.799362093318026012e+01
3.799489808695885529e+01
3.799616483695994873e+01
3.799742117729851287e+01
3.799866710216760168e+01
3.799990260600586112e+01
3.800112768367775828e+01
3.800234233062750633e+01
3.800354654292588918e+01
3.800474031719429746e+01
3.800592365046746579e+01
3.800709654005525095e+01
3.800825898344530174e+01
3.800941097825059245e+01
3.801055252216085734e+01
3.801168361285895259e+01
3.801280424791194434e+01
3.801391442469918758e+01
3.801501414042620297e+01
3.801610339219109136e+01
3.801718217702767078e+01
3.801825049190180295e+01
3.801930833370289520e+01
3.802035569926949421e+01
3.802139258544418965e+01
3.802241898912647144e+01
3.802343490729062836e+01
3.802444033695687153e+01
3.802543527514784927e+01
3.802641971887444328e+01
3.802739366516730257e+01
3.802835711115231021e+01
3.802931005415421595e+01
3.803025249180426215e+01
3.803118442212247885e+01
3.803210584354054191e+01
3.803301675484870970e+01
3.803391715508529813e+01
3.803480704342711505e+01
3.803568641915007476e+01
3.803655528167650601e+01
3.803741363065855552e+01
3.803826146603817193e+01
3.803909878805748690e+01
3.803992559721947941e+01
3.804074189423115371e+01
3.804154767997107456e+01
3.804234295549881040e+01
3.804312772211603999e+01
3.804390198146172963e+01
3.804466573558982390e+01
3.804541898701185687e+01
3.804616173872403095e+01
3.804689399420115592e+01
3.804761575729711609e+01
3.804832703204792921e+01
3.804902782247580717e+01
3.804971813247797030e+01
3.805039796578367373e+01
3.805106732595018570e+01
3.805172621640658548e+01
3.805237464050234308e+01
3.805301260146346465e+01
3.805364010227069116e+01
3.805425714563413209e+01
3.805486373415011769e+01
3.805545987051257129e+01
3.805604555765722097e+01
3.805662079882787907e+01
3.805718559756382291e+01
3.805773995759469841e+01
3.805828388267890006e+01
3.805881737649165331e+01
3.805934044264949989e+01
3.805985308482342333e+01
3.806035530681501911e+01
3.806084711256345088e+01
3.806132850614078933e+01
3.806179949175125898e+01
3.806226007369540554e+01
3.806271025628655735e+01
3.806315004378289757e+01
3.806357944040430397e+01
3.806399845038913554e+01
3.806440707799256984e+01
3.806480532742363465e+01
3.806519320279488738e+01
3.806557070811884813e+01
3.806593784730742414e+01
3.806629462413622633e+01
3.806664104220602951e+01
3.806697710495097908e+01
3.806730281570526131e+01
3.806761817778342305e+01
3.806792319452662809e+01
3.806821786933820562e+01
3.806850220572994203e+01
3.806877620734886847e+01
3.806903987797393540e+01
3.806929322149509431e+01
3.806953624187687524e+01
3.806976894310729875e+01
3.806999132915565554e+01
3.807020340396139346e+01
3.807040517143281733e+01
3.807059663543700623e+01
3.807077779978391874e+01
3.807094866818810885e+01
3.807110924421874643e+01
3.807125953127891904e+01
3.807139953262193188e+01
3.807152925140560740e+01
3.807164869077683278e+01
3.807175785394247214e+01
3.807185674421008059e+01
3.807194536501208404e+01
3.807202371990172196e+01
3.807209181251398178e+01
3.807214964653427103e+01
3.807219722573629639e+01
3.807223455406772672e+01
3.807226163566664923e+01
3.807227847475243721e+01
3.807228507544937912e+01
3.807228144160350780e+01
3.807226757661506156e+01
3.807224348332550790e+01
3.807220916401168864e+01
3.807216462046673655e+01
3.807210985407511572e+01
3.807204486583412972e+01
3.807196965633549723e+01
3.807188422572843223e+01
3.807178857371294356e+01
3.807168269960816076e+01
3.807156660246354818e+01
3.807144028115741463e+01
3.807130373447019167e+01
3.807115696113719139e+01
3.807099995988685492e+01
3.807083272948477060e+01
3.807065526881381601e+01
3.807046757696893735e+01
3.807026965328756063e+01
3.807006149729829758e+01
3.806984310865988164e+01
3.806961448715077267e+01
3.806937563269191571e+01
3.806912654534707485e+01
3.806886722530760636e+01
3.806859767290557528e+01
3.806831788863161137e+01
3.806802787308961200e+01
3.806772762685394440e+01
3.806741715029067308e+01
3.806709644347719035e+01
3.806676550626212219e+01
3.806642433837295414e+01
3.806607293949448234e+01
3.806571130931319402e+01
3.806533944754217202e+01
3.806495735391482071e+01
3.806456502811628440e+01
3.806416246969541106e+01
3.806374967807023779e+01
3.806332665262212345e+01
3.806289339274508876e+01
3.806244989782312871e+01
3.806199616724059354e+01
3.806153220047347929e+01
3.806105799720898375e+01
3.806057355742611747e+01
3.806007888140031525e+01
3.805957396963407291e+01
3.805905882276028507e+01
3.805853344149046080e+01
3.805799782663694231e+01
3.805745197915755540e+01
3.805689590016520896e+01
3.805632959091804679e+01
3.805575305283004184e+01
3.805516628746993035e+01
3.805456929648126874e+01
3.805396208146060388e+01
3.805334464391651039e+01
3.805271698533678659e+01
3.805207910727610710e+01
3.805143101141253226e+01
3.805077269959721775e+01
3.805010417393135214e+01
3.804942543685687895e+01
3.804873649119352308e+01
3.804803734009699667e+01
3.804732798701625995e+01
3.804660843572185769e+01
3.804587869036939196e+01
3.804513875553081448e+01
3.804438863618099731e+01
3.804362833764037788e+01
3.804285786547487902e+01
3.804207722539575798e+01
3.804128642321501275e+01
3.804048546486904314e+01
3.803967435648316808e+01
3.803885310443813950e+01
3.803802171541038035e+01
3.803718019637716452e+01
3.803632855458868534e+01
3.803546679753232951e+01
3.803459493293892280e+01
3.803371296883273089e+01
3.803282091356110328e+01
3.803191877576562518e+01
3.803100656432410176e+01
3.803008428831298460e+01
3.802915195700296636e+01
3.802820957983898609e+01
3.802725716635984554e+01
3.802629472610811234e+01
3.802532226863064579e+01
3.802433980357358934e+01
3.802334734076477929e+01
3.802234489020352015e+01
3.802133246197354310e+01
3.802031006613056263e+01
3.801927771260941569e+01
3.801823541121488148e+01
3.801718317174606909e+01
3.801612100418603291e+01
3.801504891883391224e+01
3.801396692635243113e+01
3.801287503776561749e+01
3.801177326444395987e+01
3.801066161811679223e+01
3.800954011090327356e+01
3.800840875531506668e+01
3.800726756421427410e+01
3.800611655075186945e+01
3.800495572833830238e+01
3.800378511064629095e+01
3.800260471156582298e+01
3.800141454510277583e+01
3.800021462531061189e+01
3.799900496627856938e+01
3.799778558213453294e+01
3.799655648706637834e+01
3.799531769538430126e+01
3.799406922160841305e+01
3.799281108055740219e+01
3.799154328742546483e+01
3.799026585781837184e+01
3.798897880770088875e+01
3.798768215327309861e+01
3.798637591090228227e+01
3.798506009717949183e+01
3.798373472899562842e+01
3.798239982351909561e+01
3.798105539809856168e+01
3.797970147020070897e+01
3.797833805742015301e+01
3.797696517749029965e+01
3.797558284826209274e+01
3.797419108770324669e+01
3.797278991394615844e+01
3.797137934532906911e+01
3.796995940035730399e+01
3.796853009760614128e+01
3.796709145565385768e+01
3.796564349307516295e+01
3.796418622846977797e+01
3.796271968049973822e+01
3.796124386791603911e+01
3.795975880957841753e+01
3.795826452447619204e+01
3.795676103174517380e+01
3.795524835069631564e+01
3.795372650087551847e+01
3.795219550212928539e+01
3.795065537462173921e+01
3.794910613878435868e+01
3.794754781525513465e+01
3.794598042488674849e+01
3.794440398884061949e+01
3.794281852871694127e+01
3.794122406664091329e+01
3.793962062522916057e+01
3.793800822745293999e+01
3.793638689651008633e+01
3.793475665575839173e+01
3.793311752866063813e+01
3.793146953874720850e+01
3.792981270969558238e+01
3.792814706552579906e+01
3.792647263077837039e+01
3.792478943060647367e+01
3.792309749080784087e+01
3.792139683781950765e+01
3.791968749869518263e+01
3.791796950107283237e+01
3.791624287310425245e+01
3.791450764332236645e+01
3.791276384046954462e+01
3.791101149333665177e+01
3.790925063065572687e+01
3.790748128109195392e+01
3.790570347335749091e+01
3.790391723638272481e+01
3.790212259944566853e+01
3.790031959221276736e+01
3.789850824467542623e+01
3.789668858702036403e+01
3.789486064956130917e+01
3.789302446279833703e+01
3.789118005751715401e+01
3.788932746483191494e+01
3.788746671617152373e+01
3.788559784326986346e+01
3.788372087819497835e+01
3.788183585336760473e+01
3.787994280150074644e+01
3.787804175548379959e+01
3.787613274829976007e+01
3.787421581299118145e+01
3.787229098260469584e+01
3.787035829009660404e+01
3.786841776825112760e+01
3.786646944963666783e+01
3.786451336660002909e+01
3.786254955129969346e+01
3.786057803576144920e+01
3.785859885195063157e+01
3.785661203187745372e+01
3.785461760770628104e+01
3.785261561180352174e+01
3.785060607673492683e+01
3.784858903529108431e+01
3.784656452053729936e+01
3.784453256579532621e+01
3.784249320455108290e+01
3.784044647038276565e+01
3.783839239695723222e+01
3.783633101808481314e+01
3.783426236781798480e+01
3.783218648054517530e+01
3.783010339102415998e+01
3.782801313437949631e+01
3.782591574613008589e+01
3.782381126224603207e+01
3.782169971918305151e+01
3.781958115388577824e+01
3.781745560378909232e+01
3.781532310683020626e+01
3.781318370148215280e+01
3.781103742681849411e+01
3.780888432256146814e+01
3.780672442903367880e+01
3.780455778701927017e+01
3.780238443763673928e+01
3.780020442228678235e+01
3.779801778263232137e+01
3.779582456054637163e+01
3.779362479802389174e+01
3.779141853708387089e+01
3.778920581966368530e+01
3.778698668750173084e+01
3.778476118201620437e+01
3.778252934417606212e+01
3.778029121436228621e+01
3.777804683224081828e+01
3.777579623669006281e+01
3.777353946585506606e+01
3.777127655736531153e+01
3.776900754862754894e+01
3.776673247705236491e+01
3.776445138015030523e+01
3.776216429551104170e+01
3.775987126071828470e+01
3.775757231326956997e+01
3.775526749053016573e+01
3.775295682969475308e+01
3.775064036774039522e+01
3.774831814139796649e+01
3.774599018716649113e+01
3.774365654135961989e+01
3.774131724017547640e+01
3.773897231978604339e+01
3.773662181640703750e+01
3.773426576630545526e+01
3.773190420574480441e+01
3.772953717088257974e+01
3.772716469763174985e+01
3.772478682154070384e+01
3.772240357773756614e+01
3.772001500087931447e+01
3.771762112505031439e+01
3.771522198367055978e+01
3.771281760951794126e+01
3.771040803492287807e+01
3.770799329207602568e+01
3.770557341330667356e+01
3.770314843127165005e+01
3.770071837908178480e+01
3.769828329036414516e+01
3.769584319925318283e+01
3.769339814034383807e+01
3.769094814862621234e+01
3.768849325940170303e+01
3.768603350820983877e+01
3.768356893080196812e+01
3.768109956313139008e+01
3.767862544127932267e+01
3.767614660130087856e+01
3.767366307906634404e+01
3.767117491016753661e+01
3.766868212991686704e+01
3.766618477342423432e+01
3.766368287568764828e+01
3.766117647164188753e+01
3.765866559616729603e+01
3.765615028408394949e+01
3.765363057014190673e+01
3.765110648901054446e+01
3.764857807527662459e+01
3.764604536345505892e+01
3.764350838800354637e+01
3.764096718333726699e+01
3.763842178385131376e+01
3.763587222396558474e+01
3.763331853821834727e+01
3.763076076141732074e+01
3.762819892878975736e+01
3.762563307607020846e+01
3.762306323954543075e+01
3.762048945609833339e+01
3.761791176325677100e+01
3.761533019922874388e+01
3.761274480289568345e+01
3.761015561374928495e+01
3.760756267177375634e+01
3.760496601728912935e+01
3.760236569080431934e+01
3.759976173293058110e+01
3.759715418435048662e+01
3.759454308579957882e+01
3.759192847803537774e+01
3.758931040179859195e+01
3.758668889776360089e+01
3.758406400645098699e+01
3.758143576810497422e+01
3.757880422257672848e+01
3.757616940922424220e+01
3.757353136682194616e+01
3.757089013351317419e+01
3.756824574683374607e+01
3.756559824377261947e+01
3.756294766082370984e+01
3.756029403402705213e+01
3.755763739901966858e+01
3.755497779111960455e+01
3.755231524545668265e+01
3.754964979712180906e+01
3.754698148129871527e+01
3.754431033338696011e+01
3.754163638911616374e+01
3.753895968460275867e+01
3.753628025631812903e+01
3.753359814098951830e+01
3.753091337547077444e+01
3.752822599662376035e+01
3.752553604125728981e+01
3.752284354611768435e+01
3.752014854785789311e+01
3.751745108295402531e+01
3.751475118761309346e+01
3.751204889770126272e+01
3.750934424868861328e+01
3.750663727561052951e+01
3.750392801304752766e+01
3.750121649512071542e+01
3.749850275549697898e+01
3.749578682739520730e+01
3.749306874359142938e+01
3.749034853643574650e+01
3.748762623789163939e+01
3.748490187958890374e+01
3.748217549287853245e+01
3.747944710891197673e+01
3.747671675879542619e+01
3.747398447381517883e+01
3.747125028563181814e+01
3.746851422634195927e+01
3.746577632840948979e+01
3.746303662452754679e+01
3.746029514745138300e+01
3.745755192983216375e+01
3.745480700409655128e+01
3.745206040239254008e+01
3.744931215657423706e+01
3.744656229819252502e+01
3.744381085849347812e+01
3.744105786845188533e+01
3.743830335885153460e+01
3.743554736038395703e+01
3.743278990372775894e+01
3.743003101960939460e+01
3.742727073887662215e+01
3.742450909258854352e+01
3.742174611208612589e+01
3.741898182902184544e+01
3.741621627537080741e+01
3.741344948345356869e+01
3.741068148596869491e+01
3.740791231600972822e+01
3.740514200706268610e+01
3.740237059301134792e+01
3.739959810814644925e+01
3.739682458712324831e+01
3.739405006487719874e+01
3.739127457661268750e+01
3.738849815790671727e+01
3.738572084482719049e+01
3.738294267398888593e+01
3.738016368256654687e+01
3.737738390828944546e+01
3.737460338941262705e+01
3.737182216469103224e+01
3.736904027340526824e+01
3.736625775543606665e+01
3.736347465135630586e+01
3.736069100253371289e+01
3.735790685122385213e+01
3.735512224060757802e+01
3.735233721476227231e+01
3.734955181859115925e+01
3.734676609772051137e+01
3.734398009836758803e+01
3.734119386719500255e+01
3.733840745117184667e+01
3.733562089746990864e+01
3.733283425341152650e+01
3.733004756645445354e+01
3.732726088420398014e+01
3.732447425446208911e+01
3.732168772530874890e+01
3.731890134519296964e+01
3.731611516301505560e+01
3.731332922818647546e+01
3.731054359066637716e+01
3.730775830099509704e+01
3.730497341033655090e+01
3.730218897051273075e+01
3.729940503401294905e+01
3.729662165397670748e+01
3.729383888416300863e+01
3.729105677892544435e+01
3.728827539320096207e+01
3.728549478250638316e+01
3.728271500293497809e+01
3.727993611113837602e+01
3.727715816428123219e+01
3.727438121998125098e+01
3.727160533625604444e+01
3.726883057147391298e+01
3.726605698429578695e+01
3.726328463361918608e+01
3.726051357855136104e+01
3.725774387841751434e+01
3.725497559278458937e+01
3.725220878149678327e+01
3.724944350471879773e+01
3.724667982294503332e+01
3.724391779694643390e+01
3.724115748767445666e+01
3.723839895614361239e+01
3.723564226330619675e+01
3.723288746994850129e+01
3.723013463663371425e+01
3.722738382368964238e+01
3.722463509122180625e+01
3.722188849913327857e+01
3.721914410714847321e+01
3.721640197484470036e+01
3.721366216168465968e+01
3.721092472704024345e+01
3.720818973020553244e+01
3.720545723040401498e+01
3.720272728679477581e+01
3.719999995847483376e+01
3.719727530447556774e+01
3.719455338376310038e+01
3.719183425525226738e+01
3.718911797782937612e+01
3.718640461037204403e+01
3.718369421176409872e+01
3.718098684090961115e+01
3.717828255674194082e+01
3.717558141822117790e+01
3.717288348432079204e+01
3.717018881400943542e+01
3.716749746622886619e+01
3.716480949986502935e+01
3.716212497372008983e+01
3.715944394649910976e+01
3.715676647680932376e+01
3.715409262315754546e+01
3.715142244393287285e+01
3.714875599737289491e+01
3.714609334152984133e+01
3.714343453425818353e+01
3.714077963322171883e+01
3.713812869589867205e+01
3.713548177957026297e+01
3.713283894129853024e+01
3.713020023792069679e+01
3.712756572607963079e+01
3.712493546227369734e+01
3.712230950289695386e+01
3.711968790425293463e+01
3.711707072254223050e+01
3.711445801384316923e+01
3.711184983410420557e+01
3.710924623913631848e+01
3.710664728457518891e+01
3.710405302580732467e+01
3.710146351789033758e+01
3.709887881549560973e+01
3.709629897287242528e+01
3.709372404381980459e+01
3.709115408166132966e+01
3.708858913922966849e+01
3.708602926886668882e+01
3.708347452242745135e+01
3.708092495127155530e+01
3.707838060624467147e+01
3.707584153766112678e+01
3.707330779528544440e+01
3.707077942830515127e+01
3.706825648529279960e+01
3.706573901416028605e+01
3.706322706211209095e+01
3.706072067561510153e+01
3.705821990040838898e+01
3.705572478155290383e+01
3.705323536348893754e+01
3.705075169006826030e+01
3.704827380454630514e+01
3.704580174953931504e+01
3.704333556696971641e+01
3.704087529802811218e+01
3.703842098316540898e+01
3.703597266210838512e+01
3.703353037389853597e+01
3.703109415696996365e+01
3.702866404924764510e+01
3.702624008821843660e+01
3.702382231096605381e+01
3.702141075419530836e+01
3.701900545425728239e+01
3.701660644717161119e+01
3.701421376863994794e+01
3.701182745404684482e+01
3.700944753845170254e+01
3.700707405658088334e+01
3.700470704282454903e+01
3.700234653123941087e+01
3.699999255555044897e+01
3.699764514913611180e+01
3.699530434499104814e+01
3.699297017568301271e+01
3.699064267332536105e+01
3.698832186956995827e+01
3.698600779561080287e+01
3.698370048218570361e+01
3.698139995956916692e+01
3.697910625756332337e+01
3.697681940551614588e+01
3.697453943240000740e+01
3.697226636694578161e+01
3.697000023779447986e+01
3.696774107362544726e+01
3.696548890324369552e+01
3.696324375566911868e+01
3.696100566027931222e+01
3.695877464697478842e+01
3.695655074631102366e+01
3.695433398961103677e+01
3.695212440909259044e+01
3.694992203798850738e+01
3.694772691060857994e+01
3.694553906234104801e+01
3.694335852965795652e+01
3.694118535016244209e+01
3.693901956263494668e+01
3.693686120703078046e+01
3.693471032443380864e+01
3.693256695700527814e+01
3.693043114796962811e+01
3.692830294163828597e+01
3.692618238342370063e+01
3.692406951980760965e+01
3.692196439827421983e+01
3.691986706722968847e+01
3.691777757591288633e+01
3.691569597430224547e+01
3.691362231303521924e+01
3.691155664335309439e+01
3.690949901706328973e+01
3.690744948650461765e+01
3.690540810452221621e+01
3.690337492448438184e+01
3.690135000035299129e+01
3.689933338676163999e+01
3.689732513905097733e+01
3.689532531326013043e+01
3.689333396609478655e+01
3.689135115487476924e+01
3.688937693745240409e+01
3.688741137210845267e+01
3.688545451744903403e+01
3.688350643232684689e+01
3.688156717581401267e+01
3.687963680723434834e+01
3.687771538621119305e+01
3.687580297267626861e+01
3.687389962682491529e+01
3.687200540903923240e+01
3.687012037980629486e+01
3.686824459963827394e+01
3.686637812898481315e+01
3.686452102813948528e+01
3.686267335716286908e+01
3.686083517583963953e+01
3.685900654366680840e+01
3.685718751986053121e+01
3.685537816336769623e+01
3.685357853287170116e+01
3.685178868678939779e+01
3.685000868326905277e+01
3.684823858020774168e+01
3.684647843530185440e+01
3.684472830612973127e+01
3.684298825024011137e+01
3.684125832520360433e+01
3.683953858859977259e+01
3.683782909794290106e+01
3.683612991058823383e+01
3.683444108368007619e+01
3.683276267415348570e+01
3.683109473874372242e+01
3.682943733396839292e+01
3.682779051608429910e+01
3.682615434103836094e+01
3.682452886443122253e+01
3.682291414149838005e+01
3.682131022710688484e+01
3.681971717577049930e+01
3.681813504168435003e+01
3.681656387876735437e+01
3.681500374069585746e+01
3.681345468092750650e+01
3.681191675272607711e+01
3.681039000918240589e+01
3.680887450319731613e+01
3.680737028739532946e+01
3.680587741400334778e+01
3.680439593476823035e+01
3.680292590093280580e+01
3.680146736324113732e+01
3.680002037195735198e+01
3.679858497690687358e+01
3.679716122755468888e+01
3.679574917309911086e+01
3.679434886251591053e+01
3.679296034451374453e+01
3.679158366742918673e+01
3.679021887911687827e+01
3.678886602686791463e+01
3.678752515735740047e+01
3.678619631660856015e+01
3.678487954996369780e+01
3.678357490205895175e+01
3.678228241680297828e+01
3.678100213736340862e+01
3.677973410616593952e+01
3.677847836489243605e+01
3.677723495445462731e+01
3.677600391495129628e+01
3.677478528563805327e+01
3.677357910491464565e+01
3.677238541031615426e+01
3.677120423850413289e+01
3.677003562526165581e+01
3.676887960551661649e+01
3.676773621344286624e+01
3.676660548263153316e+01
3.676548744623795528e+01
3.676438213704089719e+01
3.676328958743356878e+01
3.676220982938447435e+01
3.676114289439329497e+01
3.676008881345947543e+01
3.675904761706924262e+01
3.675801933519534259e+01
3.675700399730545342e+01
3.675600163238229356e+01
3.675501226895152485e+01
3.675403593510571909e+01
3.675307265851854055e+01
3.675212246645409664e+01
3.675118538578396965e+01
3.675026144301895670e+01
3.674935066434456132e+01
3.674845307564685015e+01
3.674756870252551977e+01
3.674669757029529649e+01
3.674583970397662824e+01
3.674499512826682235e+01
3.674416386746052865e+01
3.674334594530495224e+01
3.674254138483945553e+01
3.674175020828867844e+01
3.674097243702290427e+01
3.674020809155246781e+01
3.673945719152993661e+01
3.673871975575520565e+01
3.673799580218249616e+01
3.673728534792933687e+01
3.673658840929907399e+01
3.673590500182390173e+01
3.673523514030586057e+01
3.673457883883156683e+01
3.673393611076542697e+01
3.673330696873316725e+01
3.673269142460041081e+01
3.673208948945612917e+01
3.673150117360479783e+01
3.673092648655474335e+01
3.673036543699465284e+01
3.672981803277500745e+01
3.672928428090895636e+01
3.672876418758192330e+01
3.672825775815928040e+01
3.672776499719298471e+01
3.672728590843016150e+01
3.672682049483433531e+01
3.672636875862514216e+01
3.672593070131508597e+01
3.672550632371610391e+01
3.672509562591490351e+01
3.672469860722884505e+01
3.672431526615393693e+01
3.672394560036061506e+01
3.672358960682485929e+01
3.672324728207911448e+01
3.672291862244664173e+01
3.672260362417354429e+01
3.672230228347895320e+01
3.672201459655942557e+01
3.672174055956701011e+01
3.672148016857266839e+01
3.672123341951801478e+01
3.672100030816213945e+01
3.672078083003133031e+01
3.672057498036391365e+01
3.672038275404437258e+01
3.672020414554522461e+01
3.672003914889708653e+01
3.671988775768510038e+01
3.671974996505889521e+01
3.671962576374648535e+01
3.671951514606421085e+01
3.671941810391793126e+01
3.671933462879731280e+01
3.671926471176431761e+01
3.671920834342898843e+01
3.671916551391154826e+01
3.671913621279280449e+01
3.671912042904119033e+01
3.671911815092315834e+01
3.671912936594186050e+01
3.671915406083128630e+01
3.671919222158840768e+01
3.671924383351500865e+01
3.671930888125173453e+01
3.671938734879945798e+01
3.671947921952693150e+01
3.671958447615511290e+01
3.671970310071120025e+01
3.671983507446616812e+01
3.671998037787903968e+01
3.672013899055868791e+01
3.672031089124413228e+01
3.672049605781403869e+01
3.672069446732928810e+01
3.672090609608826384e+01
3.672113091968686405e+01
3.672136891309225604e+01
3.672162005071264446e+01
3.672188430643491586e+01
3.672216165363295204e+01
3.672245206516922877e+01
3.672275551339923538e+01
3.672307197017392610e+01
3.672340140683635212e+01
3.672374379421529511e+01
3.672409910261795574e+01
3.672446730181577834e+01
3.672484836102344019e+01
3.672524224888561406e+01
3.672564893347833248e+01
3.672606838231322257e+01
3.672650056234760285e+01
3.672694544003934425e+01
3.672740298147284221e+01
3.672787315252195839e+01
3.672835591899446683e+01
3.672885124673652513e+01
3.672935910168252605e+01
3.672987944984856057e+01
3.673041225737832605e+01
3.673095749074006733e+01
3.673151511695662919e+01
3.673208510372926128e+01
3.673266741951178460e+01
3.673326203362074693e+01
3.673386891634844886e+01
3.673448803901857218e+01
3.673511937398811966e+01
3.673576289462891253e+01
3.673641857529740662e+01
3.673708639129667120e+01
3.673776631885100130e+01
3.673845833510681302e+01
3.673916241815888384e+01
3.673987854709601919e+01
3.674060670205160051e+01
3.674134686424140028e+01
3.674209901598294437e+01
3.674286314069333770e+01
3.674363922285987627e+01
3.674442724799889959e+01
3.674522720263415465e+01
3.674603907428286931e+01
3.674686285139510744e+01
3.674769852323365882e+01
3.674854607974316423e+01
3.674940551144756995e+01
3.675027680937472496e+01
3.675115996499465609e+01
3.675205497016077771e+01
3.675296181704319309e+01
3.675388049804649171e+01
3.675481100571577286e+01
3.675575333264365696e+01
3.675670747138601513e+01
3.675767341438943703e+01
3.675865115393904858e+01
3.675964068213558278e+01
3.676064199089777418e+01
3.676165507197833193e+01
3.676267991698379944e+01
3.676371651739152213e+01
3.676476486456165560e+01
3.676582494974820747e+01
3.676689676410619256e+01
3.676798029867537565e+01
3.676907554433083192e+01
3.677018249172870412e+01
3.677130113127815747e+01
3.677243145313187966e+01
3.677357344717263032e+01
3.677472710298714986e+01
3.677589240983025576e+01
3.677706935659972487e+01
3.677825793184803871e+01
3.677945812382053248e+01
3.678066992047789796e+01
3.678189330948941915e+01
3.678312827821844166e+01
3.678437481371462070e+01
3.678563290271000596e+01
3.678690253161521184e+01
3.678818368652034110e+01
3.678947635320277243e+01
3.679078051712512831e+01
3.679209616340504851e+01
3.679342327676637581e+01
3.679476184150301066e+01
3.679611184147492509e+01
3.679747326013624331e+01
3.679884608058573292e+01
3.680023028562023057e+01
3.680162585777049600e+01
3.680303277931363937e+01
3.680445103226902148e+01
3.680588059838630244e+01
3.680732145913351161e+01
3.680877359568798113e+01
3.681023698892241924e+01
3.681171161937828629e+01
3.681319746723334418e+01
3.681469451227593481e+01
3.681620273388906384e+01
3.681772211103831438e+01
3.681925262225585982e+01
3.682079424561568004e+01
3.682234695870489816e+01
3.682391073860479480e+01
3.682548556188841360e+01
3.682707140461613449e+01
3.682866824229527225e+01
3.683027604980161129e+01
3.683189480130188542e+01
3.683352447020261167e+01
3.683516502912318202e+01
3.683681644989236048e+01
3.683847870356033383e+01
3.684015176040880846e+01
3.684183558994160990e+01
3.684353016082943100e+01
3.684523544081277180e+01
3.684695139661939578e+01
3.684867799392952037e+01
3.685041519736731175e+01
3.685216297049915823e+01
3.685392127585728161e+01
3.685569007501394623e+01
3.685746932867028391e+01
3.685925899668863082e+01
3.686105903807510487e+01
3.686286941097977632e+01
3.686469007272793874e+01
3.686652097985525955e+01
3.686836208814685989e+01
3.687021335267829869e+01
3.687207472783409656e+01
3.687394616730585994e+01
3.687582762409422799e+01
3.687771905051570798e+01
3.687962039821338323e+01
3.688153161822505410e+01
3.688345266118000154e+01
3.688538347759892133e+01
3.688732401819095941e+01
3.688927423408938466e+01
3.689123407704238389e+01
3.689320349959413647e+01
3.689518245527266771e+01
3.689717089877093059e+01
3.689916878608003969e+01
3.690117607455051285e+01
3.690319272292222763e+01
3.690521869137785416e+01
3.690725394163509776e+01
3.690929843689295353e+01
3.691135214123040242e+01
3.691341501858919116e+01
3.691548703207413240e+01
3.691756814378530294e+01
3.691965831483033611e+01
3.692175750535145795e+01
3.692386567458547120e+01
3.692598278093457509e+01
3.692810878200783975e+01
3.693024363464521542e+01
3.693238729496972184e+01
3.693453971846985695e+01
3.693670086006540743e+01
3.693887067412941860e+01
3.694104911448290096e+01
3.694323613438167797e+01
3.694543168649840226e+01
3.694763572290256093e+01
3.694984819504344387e+01
3.695206905372817374e+01
3.695429824907736815e+01
3.695653573045835572e+01
3.695878144642325225e+01
3.696103534467819429e+01
3.696329737208764499e+01
3.696556747470010151e+01
3.696784559778058821e+01
3.697013168584612686e+01
3.697242568269622609e+01
3.697472753141911284e+01
3.697703717437252635e+01
3.697935455316456910e+01
3.698167960864330439e+01
3.698401228087653436e+01
3.698635250911802075e+01
3.698870023177656918e+01
3.699105538639289392e+01
3.699341790961353382e+01
3.699578773715020219e+01
3.699816480371958960e+01
3.700054904296855085e+01
3.700294038739736635e+01
3.700533876830437663e+01
3.700774411577740608e+01
3.701015635872506948e+01
3.701257542492271568e+01
3.701500124107782597e+01
3.701743373291391492e+01
3.701987282523201372e+01
3.702231844192829868e+01
3.702477050598057673e+01
3.702722893941035665e+01
3.702969366323033285e+01
3.703216459740158228e+01
3.703464166081219133e+01
3.703712477126364888e+01
3.703961384545045377e+01
3.704210879894162645e+01
3.704460954618559754e+01
3.704711600054136511e+01
3.704962807431455474e+01
3.705214567877786891e+01
3.705466872417495949e+01
3.705719711971746477e+01
3.705973077358012091e+01
3.706226959289291756e+01
3.706481348372934548e+01
3.706736235108591870e+01
3.706991609884504157e+01
3.707247462973405305e+01
3.707503784531830604e+01
3.707760564605759157e+01
3.708017793141902274e+01
3.708275460001816981e+01
3.708533554979138103e+01
3.708792067823332417e+01
3.709050988266866256e+01
3.709310306045062333e+01
3.709570010903780002e+01
3.709830092600181217e+01
3.710090540902230316e+01
3.710351345588674832e+01
3.710612496450590214e+01
3.710873983296816192e+01
3.711135795966409034e+01
3.711397924346840682e+01
3.711660358389758585e+01
3.711923088118177105e+01
3.712186103627624334e+01
3.712449395087391224e+01
3.712712952744308836e+01
3.712976766926527716e+01
3.713240828046126296e+01
3.713505126603375572e+01
3.713769653192072440e+01
3.714034398501762269e+01
3.714299353318202179e+01
3.714564508526840569e+01
3.714829855117181978e+01
3.715095384180910543e+01
3.715361086902808552e+01
3.715626954550989325e+01
3.715892978472101049e+01
3.716159150092275354e+01
3.716425460921875867e+01
3.716691902561317562e+01
3.716958466704548414e+01
3.717225145137853559e+01
3.717491929736908673e+01
3.717758812467922525e+01
3.718025785393746929e+01
3.718292840680960865e+01
3.718559970604815845e+01
3.718827167551639690e+01
3.719094424019981204e+01
3.719361732621265304e+01
3.719629086079765301e+01
3.719896477233160681e+01
3.720163899035726018e+01
3.720431344564146059e+01
3.720698807024405141e+01
3.720966279756633810e+01
3.721233756233420564e+01
3.721501230050630937e+01
3.721768694915301268e+01
3.722036144635384858e+01
3.722303573111927477e+01
3.722570974332617055e+01
3.722838342367951014e+01
3.723105671372675829e+01
3.723372955592574840e+01
3.723640189371945297e+01
3.723907367156294868e+01
3.724174483490369170e+01
3.724441533015495764e+01
3.724708510468970957e+01
3.724975410687151367e+01
3.725242228613025475e+01
3.725508959304856660e+01
3.725775597940928918e+01
3.726042139820009425e+01
3.726308580359278722e+01
3.726574915089818774e+01
3.726841139649676649e+01
3.727107249774972075e+01
3.727373241290325723e+01
3.727639110100845699e+01
3.727904852186259888e+01
3.728170463593879447e+01
3.728435940426490447e+01
3.728701278829473864e+01
3.728966474987275603e+01
3.729231525130005309e+01
3.729496425540526161e+01
3.729761172555205917e+01
3.730025762559125013e+01
3.730290191978647130e+01
3.730554457273215974e+01
3.730818554928124797e+01
3.731082481448160593e+01
3.731346233349107422e+01
3.731609807145161284e+01
3.731873199333809055e+01
3.732136406380512739e+01
3.732399424703492485e+01
3.732662250658219705e+01
3.732924880523172106e+01
3.733187310489783073e+01
3.733449536658231693e+01
3.733711555037619689e+01
3.733973361546633640e+01
3.734234952012258901e+01
3.734496322167619553e+01
3.734757467650594265e+01
3.735018384003120673e+01
3.735279066670199910e+01
3.735539510998128776e+01
3.735799712232533665e+01
3.736059665517089456e+01
3.736319365892721578e+01
3.736578808296326315e+01
3.736837987558319440e+01
3.737096898398337430e+01
3.737355535418596730e+01
3.737613893095990392e+01
3.737871965774867533e+01
3.738129747661758273e+01
3.738387232822537243e+01
3.738644415181534697e+01
3.738901288521037003e+01
3.739157846479428571e+01
3.739414082547862250e+01
3.739669990068695427e+01
3.739925562238889256e+01
3.740180792116230890e+01
3.740435672623323882e+01
3.740690196547672741e+01
3.740944356539728943e+01
3.741198145110252682e+01
3.741451554626898712e+01
3.741704577310021307e+01
3.741957205228285233e+01
3.742209430295250883e+01
3.742461244268203302e+01
3.742712638749704013e+01
3.742963605192169751e+01
3.743214134905466040e+01
3.743464219064798471e+01
3.743713848714118342e+01
3.743963014765735409e+01
3.744211708006161388e+01
3.744459919116081181e+01
3.744707638698018570e+01
3.744954857299523354e+01
3.745201565428370571e+01
3.745447753562601179e+01
3.745693412157145730e+01
3.745938531649093051e+01
3.746183102465197834e+01
3.746427115032506805e+01
3.746670559787912680e+01
3.746913427182253287e+01
3.747155707679933556e+01
3.747397391758060081e+01
3.747638469906550540e+01
3.747878932628826476e+01
3.748118770445434933e+01
3.748357973903802787e+01
3.748596533591693714e+01
3.748834440147942360e+01
3.749071684267926230e+01
3.749308256705337783e+01
3.749544148270742738e+01
3.749779349827510799e+01
3.750013852288623895e+01
3.750247646617670227e+01
3.750480723833351959e+01
3.750713075013990050e+01
3.750944691300669831e+01
3.751175563901161780e+01
3.751405684095702497e+01
3.751635043243446432e+01
3.751863632789709868e+01
3.752091444274378773e+01
3.752318469339250129e+01
3.752544699731766542e+01
3.752770127304759029e+01
3.752994744012979567e+01
3.753218541908265848e+01
3.753441513135688012e+01
3.753663649930177826e+01
3.753884944609850294e+01
3.754105389564453077e+01
3.754324977243920358e+01
3.754543700153642760e+01
3.754761550856950691e+01
3.754978521980230255e+01
3.755194606216966946e+01
3.755409796329936967e+01
3.755624085153213798e+01
3.755837465594943581e+01
3.756049930639353107e+01
3.756261473347974800e+01
3.756472086861653281e+01
3.756681764402749479e+01
3.756890499277148621e+01
3.757098284877245220e+01
3.757305114685711089e+01
3.757510982278577671e+01
3.757715881327253982e+01
3.757919805599959062e+01
3.758122748961987725e+01
3.758324705372468344e+01
3.758525668876546888e+01
3.758725633598253069e+01
3.758924593740480447e+01
3.759122543588765097e+01
3.759319477512243424e+01
3.759515389963826237e+01
3.759710275483502073e+01
3.759904128702216042e+01
3.760096944343711556e+01
3.760288717225395061e+01
3.760479442259109106e+01
3.760669114451807360e+01
3.760857728906520236e+01
3.761045280824402681e+01
3.761231765509111113e+01
3.761417178373431369e+01
3.761601514944147340e+01
3.761784770860973737e+01
3.761966941871010306e+01
3.762148023823290544e+01
3.762328012666357324e+01
3.762506904450025758e+01
3.762684695329289752e+01
3.762861381565700469e+01
3.763036959524847447e+01
3.763211425672287191e+01
3.763384776568786805e+01
3.763557008864010811e+01
3.763728119289532970e+01
3.763898104653890186e+01
3.764066961840953951e+01
3.764234687810831304e+01
3.764401279602233785e+01
3.764566734335430453e+01
3.764731049216663195e+01
3.764894221545585395e+01
3.765056248723868748e+01
3.765217128261184598e+01
3.765376857776703901e+01
3.765535434997092779e+01
3.765692857753246159e+01
3.765849123976529000e+01
3.766004231694642357e+01
3.766158179028156638e+01
3.766310964186670418e+01
3.766462585462142698e+01
3.766613041222415603e+01
3.766762329910886109e+01
3.766910450051039305e+01
3.767057400247973220e+01
3.767203179183297834e+01
3.767347785609252497e+01
3.767491218348773430e+01
3.767633476298970407e+01
3.767774558431094789e+01
3.767914463786327417e+01
3.768053191472247221e+01
3.768190740662220151e+01
3.768327110594211149e+01
3.768462300566769585e+01
3.768596309936578592e+01
3.768729138120676225e+01
3.768860784598879832e+01
3.768991248911920877e+01
3.769120530656565649e+01
3.769248629481221968e+01
3.769375545084471923e+01
3.769501277215943702e+01
3.769625825677769626e+01
3.769749190327409849e+01
3.769871371081744371e+01
3.769992367919707021e+01
3.770112180882385644e+01
3.770230810070202665e+01
3.770348255635814638e+01
3.770464517774573210e+01
3.770579596716942206e+01
3.770693492724514329e+01
3.770806206089638835e+01
3.770917737139431125e+01
3.771028086243781274e+01
3.771137253823945912e+01
3.771245240356078909e+01
3.771352046366482114e+01
3.771457672421695406e+01
3.771562119118493683e+01
3.771665387076415499e+01
3.771767476936820174e+01
3.771868389372857422e+01
3.771968125106357661e+01
3.772066684920529411e+01
3.772164069661656782e+01
3.772260280231932228e+01
3.772355317578200129e+01
3.772449182679140733e+01
3.772541876535385796e+01
3.772633400167420348e+01
3.772723754618848346e+01
3.772812940959368433e+01
3.772900960285701899e+01
3.772987813722529182e+01
3.773073502427317294e+01
3.773158027599927067e+01
3.773241390491441649e+01
3.773323592406467952e+01
3.773404634700768412e+01
3.773484518780352204e+01
3.773563246103883984e+01
3.773640818184405532e+01
3.773717236586393398e+01
3.773792502919985026e+01
3.773866618837158882e+01
3.773939586030449078e+01
3.774011406230489030e+01
3.774082081198888972e+01
3.774151612718962667e+01
3.774220002593087742e+01
3.774287252648732505e+01
3.774353364743221562e+01
3.774418340761486235e+01
3.774482182614305259e+01
3.774544892242297323e+01
3.774606471619324566e+01
3.774666922750937914e+01
3.774726247671745227e+01
3.774784448444540175e+01
3.774841527160109678e+01
3.774897485937144381e+01
3.774952326922638690e+01
3.775006052292384595e+01
3.775058664252740215e+01
3.775110165047264843e+01
3.775160556967158954e+01
3.775209842359267753e+01
3.775258023629606896e+01
3.775305103244846805e+01
3.775351083733401936e+01
3.775395967686335297e+01
3.775439757756700487e+01
3.775482456656062880e+01
3.775524067149757457e+01
3.775564592055162194e+01
3.775604034245728258e+01
3.775642396656856192e+01
3.775679682286714467e+01
3.775715894190233968e+01
3.775751035470771200e+01
3.775785109274109885e+01
3.775818118784219735e+01
3.775850067218134853e+01
3.775880957821031814e+01
3.775910793863845782e+01
3.775939578642048389e+01
3.775967315470832375e+01
3.775994007675517850e+01
3.776019658585276062e+01
3.776044271537666219e+01
3.776067849888723771e+01
3.776090397019161315e+01
3.776111916336955687e+01
3.776132411282091539e+01
3.776151885334316916e+01
3.776170342021197968e+01
3.776187784924612600e+01
3.776204217685695141e+01
3.776219644009285048e+01
3.776234067663804694e+01
3.776247492468769451e+01
3.776259922274304870e+01
3.776271360948758371e+01
3.776281812378582003e+01
3.776291280469675371e+01
3.776299769147080099e+01
3.776307282360418327e+01
3.776313824096740035e+01
3.776319398394339544e+01
3.776324009352198630e+01
3.776327661134941849e+01
3.776330357974781293e+01
3.776332104171021342e+01
3.776332904088106091e+01
3.776332762152306088e+01
3.776331682847429505e+01
3.776329670712388520e+01
3.776326730340712601e+01
3.776322866378995968e+01
3.776318083525826808e+01
3.776312386534814181e+01
3.776305780219079367e+01
3.776298269451746847e+01
3.776289859161477835e+01
3.776280554325659722e+01
3.776270359964090773e+01
3.776259281134707635e+01
3.776247322930872485e+01
3.776234490479929207e+01
3.776220788945464335e+01
3.776206223535118767e+01
3.776190799508986373e+01
3.776174522180122040e+01
3.776157396905412611e+01
3.776139429068943087e+01
3.776120624059911535e+01
3.776100987255024677e+01
3.776080524015412010e+01
3.776059239693181269e+01
3.776037139637684703e+01
3.776014229198574412e+01
3.775990513724956799e+01
3.775965998558806547e+01
3.775940689023508412e+01
3.775914590412497773e+01
3.775887707982190022e+01
3.775860046948318427e+01
3.775831612481692900e+01
3.775802409701029916e+01
3.775772443663845479e+01
3.775741719356658166e+01
3.775710241683642465e+01
3.775678015452547953e+01
3.775645045359360097e+01
3.775611335975688121e+01
3.775576891741506813e+01
3.775541716962095506e+01
3.775505815806823762e+01
3.775469192308720778e+01
3.775431850364529396e+01
3.775393793735739223e+01
3.775355026051855134e+01
3.775315550815624732e+01
3.775275371407771274e+01
3.775234491089882027e+01
3.775192913006027595e+01
3.775150640183508699e+01
3.775107675532918705e+01
3.775064021848504581e+01
3.775019681809694561e+01
3.774974657983795367e+01
3.774928952829277051e+01
3.774882568698470209e+01
3.774835507838616167e+01
3.774787772391740504e+01
3.774739364394631735e+01
3.774690285778814314e+01
3.774640538369459364e+01
3.774590123883119475e+01
3.774539043925180692e+01
3.774487299987599442e+01
3.774434893447232042e+01
3.774381825564547199e+01
3.774328097480789523e+01
3.774273710211338084e+01
3.774218664636246245e+01
3.774162961491655466e+01
3.774106601364329094e+01
3.774049584688719250e+01
3.773991911745496708e+01
3.773933582661151576e+01
3.773874597408376275e+01
3.773814955806546578e+01
3.773754657521325839e+01
3.773693702063295774e+01
3.773632088786689565e+01
3.773569816888995376e+01
3.773506885411154599e+01
3.773443293237459528e+01
3.773379039094876219e+01
3.773314121552459000e+01
3.773248539021355441e+01
3.773182289755587959e+01
3.773115371854201072e+01
3.773047783265068489e+01
3.772979521789572033e+01
3.772910585086606972e+01
3.772840970674731409e+01
3.772770675932277129e+01
3.772699698096090515e+01
3.772628034261060037e+01
3.772555681383051507e+01
3.772482636285740654e+01
3.772408895669686757e+01
3.772334456122676016e+01
3.772259314131720487e+01
3.772183466095932403e+01
3.772106908338334108e+01
3.772029637116398249e+01
3.771951648631907261e+01
3.771872939036527583e+01
3.771793504429400912e+01
3.771713340855610141e+01
3.771632444320036370e+01
3.771550810814373023e+01
3.771468436339650765e+01
3.771385316913678309e+01
3.771301448569213477e+01
3.771216827353222811e+01
3.771131449329151053e+01
3.771045310578421095e+01
3.770958407200271978e+01
3.770870735312476540e+01
3.770782291053135538e+01
3.770693070581398132e+01
3.770603070078669816e+01
3.770512285753915904e+01
3.770420713852080752e+01
3.770328350662313710e+01
3.770235192524932444e+01
3.770141235836045723e+01
3.770046477048187938e+01
3.769950912667734855e+01
3.769854539251158343e+01
3.769757353400497379e+01
3.769659351757176324e+01
3.769560530994756675e+01
3.769460887814604177e+01
3.769360418948772917e+01
3.769259121168244775e+01
3.769156991289323599e+01
3.769054026174858052e+01
3.768950222733334954e+01
3.768845577917577572e+01
3.768740088722665860e+01
3.768633752187363939e+01
3.768526565404030038e+01
3.768418525530857721e+01
3.768309629794967464e+01
3.768199875484584993e+01
3.768089259935671720e+01
3.767977780517097131e+01
3.767865434617463904e+01
3.767752219638169464e+01
3.767638132997381462e+01
3.767523172141417120e+01
3.767407334553200116e+01
3.767290617755556070e+01
3.767173019315485760e+01
3.767054536851360780e+01
3.766935168039533721e+01
3.766814910618128920e+01
3.766693762388494804e+01
3.766571721215098023e+01
3.766448785024448398e+01
3.766324951802364041e+01
3.766200219586662712e+01
3.766074586455763296e+01
3.765948050519724433e+01
3.765820609917128081e+01
3.765692262812645907e+01
3.765563007389640404e+01
3.765432841840039657e+01
3.765301764358402181e+01
3.765169773144943832e+01
3.765036866417432293e+01
3.764903042425125790e+01
3.764768299456776646e+01
3.764632635843369002e+01
3.764496049961153545e+01
3.764358540234297834e+01
3.764220105131784777e+01
3.764080743159053810e+01
3.763940452849647755e+01
3.763799232758609037e+01
3.763657081459190579e+01
3.763513997547364198e+01
3.763369979653340636e+01
3.763225026451730315e+01
3.763079136664295277e+01
3.762932309056967739e+01
3.762784542434130231e+01
3.762635835631150627e+01
3.762486187506624447e+01
3.762335596935496085e+01
3.762184062804715268e+01
3.762031584015513630e+01
3.761878159493677742e+01
3.761723788201571494e+01
3.761568469144220472e+01
3.761412201369453356e+01
3.761254983966686183e+01
3.761096816065216331e+01
3.760937696831446431e+01
3.760777625467476781e+01
3.760616601215346577e+01
3.760454623370238636e+01
3.760291691296801986e+01
3.760127804433010112e+01
3.759962962273952769e+01
3.759797164347153142e+01
3.759630410199480366e+01
3.759462699405882802e+01
3.759294031593513807e+01
3.759124406466635548e+01
3.758953823822470497e+01
3.758782283557795267e+01
3.758609785669791847e+01
3.758436330252322932e+01
3.758261917487917003e+01
3.758086547640151309e+01
3.757910221052754451e+01
3.757732938153775137e+01
3.757554699458098213e+01
3.757375505567526375e+01
3.757195357171737982e+01
3.757014255050028595e+01
3.756832200072762618e+01
3.756649193204576420e+01
3.756465235510992073e+01
3.756280328167374449e+01
3.756094472468374335e+01
3.755907669834837748e+01
3.755719921814587536e+01
3.755531230076669402e+01
3.755341596401907367e+01
3.755151022674430550e+01
3.754959510878656204e+01
3.754767063100170077e+01
3.754573681524761497e+01
3.754379368434823760e+01
3.754184126207805150e+01
3.753987957318364721e+01
3.753790864339454458e+01
3.753592849937947307e+01
3.753393916867059232e+01
3.753194067961491953e+01
3.752993306136281149e+01
3.752791634384380615e+01
3.752589055771521487e+01
3.752385573431167387e+01
3.752181190559864632e+01
3.751975910413757731e+01
3.751769736309689307e+01
3.751562671630485823e+01
3.751354719831320494e+01
3.751145884445684686e+01
3.750936169088050320e+01
3.750725577450396742e+01
3.750514113294839547e+01
3.750301780446364575e+01
3.750088582787700631e+01
3.749874524256922115e+01
3.749659608846028647e+01
3.749443840596116218e+01
3.749227223587971736e+01
3.749009761937342944e+01
3.748791459805212867e+01
3.748572321417130127e+01
3.748352351076219691e+01
3.748131553163418772e+01
3.747909932129060451e+01
3.747687492482009475e+01
3.747464238779684820e+01
3.747240175622756908e+01
3.747015307660559102e+01
3.746789639606050315e+01
3.746563176249900806e+01
3.746335922466295898e+01
3.746107883211635681e+01
3.745879063519532082e+01
3.745649468494342216e+01
3.745419103306171138e+01
3.745187973190058273e+01
3.744956083450525597e+01
3.744723439471385973e+01
3.744490046727796795e+01
3.744255910795581599e+01
3.744021037355977910e+01
3.743785432197172014e+01
3.743549101212617813e+01
3.743312050394779789e+01
3.743074285825179714e+01
3.742835813663559463e+01
3.742596640141239561e+01
3.742356771566166884e+01
3.742116214339360880e+01
3.741874974971455003e+01
3.741633060091647422e+01
3.741390476450995806e+01
3.741147230922698697e+01
3.740903330497505408e+01
3.740658782273183647e+01
3.740413593442434603e+01
3.740167771283433495e+01
3.739921323153392763e+01
3.739674256486022585e+01
3.739426578792597411e+01
3.739178297662147799e+01
3.738929420758238109e+01
3.738679955815072020e+01
3.738429910635930042e+01
3.738179293095409861e+01
3.737928111146730004e+01
3.737676372832740412e+01
3.737424086294690539e+01
3.737171259772426879e+01
3.736917901596021352e+01
3.736664020176224454e+01
3.736409624001650087e+01
3.736154721644332000e+01
3.735899321768692971e+01
3.735643433137298786e+01
3.735387064611452956e+01
3.735130225148962779e+01
3.734872923800157452e+01
3.734615169701957882e+01
3.734356972071163483e+01
3.734098340197452615e+01
3.733839283435602141e+01
3.733579811198682563e+01
3.733319932953786235e+01
3.733059658218630261e+01
3.732798996559237992e+01
3.732537957591900835e+01
3.732276550987186425e+01
3.732014786469085976e+01
3.731752673809376120e+01
3.731490222823644842e+01
3.731227443371993502e+01
3.730964345362757939e+01
3.730700938755155249e+01
3.730437233557556453e+01
3.730173239822728704e+01
3.729908967641137707e+01
3.729644427131326267e+01
3.729379628434287497e+01
3.729114581721664479e+01
3.728849297214192404e+01
3.728583785199251110e+01
3.728318056044622608e+01
3.728052120210402620e+01
3.727785988256619021e+01
3.727519670843553001e+01
3.727253178727865901e+01
3.726986522761455944e+01
3.726719713895573705e+01
3.726452763185040595e+01
3.726185681786517279e+01
3.725918480950838330e+01
3.725651172014268298e+01
3.725383766392393881e+01
3.725116275575474845e+01
3.724848711122529465e+01
3.724581084654835195e+01
3.724313407851767721e+01
3.724045692449168854e+01
3.723777950236944179e+01
3.723510193053049022e+01
3.723242432774748067e+01
3.722974681310947886e+01
3.722706950597843445e+01
3.722439252595337678e+01
3.722171599280157039e+01
3.721904002636038200e+01
3.721636474645183768e+01
3.721369027282933928e+01
3.721101672513990621e+01
3.720834422287285292e+01
3.720567288527141869e+01
3.720300283121224538e+01
3.720033417908678786e+01
3.719766704671486934e+01
3.719500155129239261e+01
3.719233780935940104e+01
3.718967593677894712e+01
3.718701604871784383e+01
3.718435825961772423e+01
3.718170268314848670e+01
3.717904943214622193e+01
3.717639861854625138e+01
3.717375035332295141e+01
3.717110474644908891e+01
3.716846190688729479e+01
3.716582194260681860e+01
3.716318496059643905e+01
3.716055106685105613e+01
3.715792036633681761e+01
3.715529296295819250e+01
3.715266895954456317e+01
3.715004845785431087e+01
3.714743155858766954e+01
3.714481836140739546e+01
3.714220896496521362e+01
3.713960346692245906e+01
3.713700196396001019e+01
3.713440455178914590e+01
3.713181132517217264e+01
3.712922237795763891e+01
3.712663780314184692e+01
3.712405769294009161e+01
3.712148213881700087e+01
3.711891123145744587e+01
3.711634506071209216e+01
3.711378371556538269e+01
3.711122728415315208e+01
3.710867585380950118e+01
3.710612951109317237e+01
3.710358834177107212e+01
3.710105243077256176e+01
3.709852186213497305e+01
3.709599671895786344e+01
3.709347708337972449e+01
3.709096303657604210e+01
3.708845465876615322e+01
3.708595202922301581e+01
3.708345522629073088e+01
3.708096432741574944e+01
3.707847940918777141e+01
3.707600054737672224e+01
3.707352781695809796e+01
3.707106129212944978e+01
3.706860104634056796e+01
3.706614715237913060e+01
3.706369968250022850e+01
3.706125870851295900e+01
3.705882430177645404e+01
3.705639653314523230e+01
3.705397547291944704e+01
3.705156119082135291e+01
3.704915375598840654e+01
3.704675323696238820e+01
3.704435970167172343e+01
3.704197321742940119e+01
3.703959385095714651e+01
3.703722166841154717e+01
3.703485673538483525e+01
3.703249911687741047e+01
3.703014887725088045e+01
3.702780608016548314e+01
3.702547078850780338e+01
3.702314306432229074e+01
3.702082296875552458e+01
3.701851056201403622e+01
3.701620590333188687e+01
3.701390905093629158e+01
3.701162006201710142e+01
3.700933899275472783e+01
3.700706589845231775e+01
3.700480083371366646e+01
3.700254385255973233e+01
3.700029500846046204e+01
3.699805435433047052e+01
3.699582194252380418e+01
3.699359782482572001e+01
3.699138205242308430e+01
3.698917467585130936e+01
3.698697574494131146e+01
3.698478530878401926e+01
3.698260341571134546e+01
3.698043011329379226e+01
3.697826544835162110e+01
3.697610946696215706e+01
3.697396221445146125e+01
3.697182373537822286e+01
3.696969407352053594e+01
3.696757327186656283e+01
3.696546137260910569e+01
3.696335841714693515e+01
3.696126444608712092e+01
3.695917949923762080e+01
3.695710361559684998e+01
3.695503683336673362e+01
3.695297919000167752e+01
3.695093072227026454e+01
3.694889146629838450e+01
3.694686145758900153e+01
3.694484073102724864e+01
3.694282932087097038e+01
3.694082726072657863e+01
3.693883458352197380e+01
3.693685132149214212e+01
3.693487750618421472e+01
3.693291316847518857e+01
3.693095833859055688e+01
3.692901304612102109e+01
3.692707732003820098e+01
3.692515118870544910e+01
3.692323467988479280e+01
3.692132782074671837e+01
3.691943063787902446e+01
3.691754315728003633e+01
3.691566540432555854e+01
3.691379740371136364e+01
3.691193917940942271e+01
3.691009075469999345e+01
3.690825215227781086e+01
3.690642339436500663e+01
3.690460450280165361e+01
3.690279549912654744e+01
3.690099640465311381e+01
3.689920724055109957e+01
3.689742802795655763e+01
3.689565878811001909e+01
3.689389954248882475e+01
3.689215031289853641e+01
3.689041112150489710e+01
3.688868199079953314e+01
3.688696294353057681e+01
3.688525400266446752e+01
3.688355519141003924e+01
3.688186653327186804e+01
3.688018805208211859e+01
3.687851977198855735e+01
3.687686171741238184e+01
3.687521391300210638e+01
3.687357638359230094e+01
3.687194915415456364e+01
3.687033224972795153e+01
3.686872569533680633e+01
3.686712951591335496e+01
3.686554373622426795e+01
3.686396838079131300e+01
3.686240347381490778e+01
3.686084903912011868e+01
3.685930510013762529e+01
3.685777167992075931e+01
3.685624880117035218e+01
3.685473648621955078e+01
3.685323475697873619e+01
3.685174363489891647e+01
3.685026314098770683e+01
3.684879329584963870e+01
3.684733411971573247e+01
3.684588563246238380e+01
3.684444785363307062e+01
3.684302080246499855e+01
3.684160449791178848e+01
3.684019895865542793e+01
3.683880420310947557e+01
3.683742024941735593e+01
3.683604711544769117e+01
3.683468481878868772e+01
3.683333337674147856e+01
3.683199280630669392e+01
3.683066312415245847e+01
3.682934434655706468e+01
3.682803648933894891e+01
3.682673956780325852e+01
3.682545359672339913e+01
3.682417859034792684e+01
3.682291456240842820e+01
3.682166152610977150e+01
3.682041949410385939e+01
3.681918847846139897e+01
3.681796849065431587e+01
3.681675954156159492e+01
3.681556164150038768e+01
3.681437480026104225e+01
3.681319902712843373e+01
3.681203433089355315e+01
3.681088071986703625e+01
3.680973820190728674e+01
3.680860678446510548e+01
3.680748647462642253e+01
3.680637727913643431e+01
3.680527920440136569e+01
3.680419225645513848e+01
3.680311644088311596e+01
3.680205176273812384e+01
3.680099822649828667e+01
3.679995583607254162e+01
3.679892459482082501e+01
3.679790450555567105e+01
3.679689557051366933e+01
3.679589779131315908e+01
3.679491116892661751e+01
3.679393570367832211e+01
3.679297139526435956e+01
3.679201824278925415e+01
3.679107624479375005e+01
3.679014539924753535e+01
3.678922570352050769e+01
3.678831715436864869e+01
3.678741974794812108e+01
3.678653347984393207e+01
3.678565834511131527e+01
3.678479433834625212e+01
3.678394145376378077e+01
3.678309968523052476e+01
3.678226902624167138e+01
3.678144946987745811e+01
3.678064100876552800e+01
3.677984363505198218e+01
3.677905734036760066e+01
3.677828211577062945e+01
3.677751795167201010e+01
3.677676483777621286e+01
3.677602276306000562e+01
3.677529171578534317e+01
3.677457168353167560e+01
3.677386265323506365e+01
3.677316461122732250e+01
3.677247754326828755e+01
3.677180143456052974e+01
3.677113626974555416e+01
3.677048203289902517e+01
3.676983870753959849e+01
3.676920627664454599e+01
3.676858472265951150e+01
3.676797402750145238e+01
3.676737417255962015e+01
3.676678513869454434e+01
3.676620690622144849e+01
3.676563945486050500e+01
3.676508276367248840e+01
3.676453681102262294e+01
3.676400157457951678e+01
3.676347703134619849e+01
3.676296315776129120e+01
3.676245992987711730e+01
3.676196732353486141e+01
3.676148531447542922e+01
3.676101387842204105e+01
3.676055299119496311e+01
3.676010262887684377e+01
3.675966276800242838e+01
3.675923338571315924e+01
3.675881445984259699e+01
3.675840596896095036e+01
3.675800789241856847e+01
3.675762021039042082e+01
3.675724290389425875e+01
3.675687595477855751e+01
3.675651934573085100e+01
3.675617306034850884e+01
3.675583708323958376e+01
3.675551140010518480e+01
3.675519599780234614e+01
3.675489086438642516e+01
3.675459598909598213e+01
3.675431136226757189e+01
3.675403697523390179e+01
3.675377282026679637e+01
3.675351889057667165e+01
3.675327518036163355e+01
3.675304168490237799e+01
3.675281840066969608e+01
3.675260532539986968e+01
3.675240245813301243e+01
3.675220979923967946e+01
3.675202735044263136e+01
3.675185511481031142e+01
3.675169309671135665e+01
3.675154130176223788e+01
3.675139973680512639e+01
3.675126840991591592e+01
3.675114733041127124e+01
3.675103650880500794e+01
3.675093595667577517e+01
3.675084568648215821e+01
3.675076571142746218e+01
3.675069604543350010e+01
3.675063670318167652e+01
3.675058770014424425e+01
3.675054905256978799e+01
3.675052077742875412e+01
3.675050289233946899e+01
3.675049541550684040e+01
3.675049836570093476e+01
3.675051176225698413e+01
3.675053562504130866e+01
3.675056997434899131e+01
3.675061483075384672e+01
3.675067021496321473e+01
3.675073614771659436e+01
3.675081264973002249e+01
3.675089974166674978e+01
3.675099744413226688e+01
3.675110577771505405e+01
3.675122476307411290e+01
3.675135442103231753e+01
3.675149477262980469e+01
3.675164583912765437e+01
3.675180764197941841e+01
3.675198020278414646e+01
3.675216354322963497e+01
3.675235768505123701e+01
3.675256265004619394e+01
3.675277846015806915e+01
3.675300513758456589e+01
3.675324270482100530e+01
3.675349118459570974e+01
3.675375059975273473e+01
3.675402097316573702e+01
3.675430232770739991e+01
3.675459468625679449e+01
3.675489807172135670e+01
3.675521250705295273e+01
3.675553801525623498e+01
3.675587461939685596e+01
3.675622234260781340e+01
3.675658120809477225e+01
3.675695123915110685e+01
3.675733245918264913e+01
3.675772489173537849e+01
3.675812856053282474e+01
3.675854348952413631e+01
3.675896970291756105e+01
3.675940722517103154e+01
3.675985608093500190e+01
3.676031629496311837e+01
3.676078789201022801e+01
3.676127089673520487e+01
3.676176533362814780e+01
3.676227122697843441e+01
3.676278860087786882e+01
3.676331747922865389e+01
3.676385788573188051e+01
3.676440984384576183e+01
3.676497337670787147e+01
3.676554850704364696e+01
3.676613525710223485e+01
3.676673364862734417e+01
3.676734370284460596e+01
3.676796544045483728e+01
3.676859888162431389e+01
3.676924404596039864e+01
3.676990095247648327e+01
3.677056961957051584e+01
3.677125006503470672e+01
3.677194230608661485e+01
3.677264635940415616e+01
3.677336224115954622e+01
3.677408996705329969e+01
3.677482955235014828e+01
3.677558101191682738e+01
3.677634436024531084e+01
3.677711961143604213e+01
3.677790677914706663e+01
3.677870587654702916e+01
3.677951691629058928e+01
3.678033991050644858e+01
3.678117487079511250e+01
3.678202180824027323e+01
3.678288073342893227e+01
3.678375165647248934e+01
3.678463458702684363e+01
3.678552953431634620e+01
3.678643650716263380e+01
3.678735551400758652e+01
3.678828656292164112e+01
3.678922966159944963e+01
3.679018481734576795e+01
3.679115203705156745e+01
3.679213132717016066e+01
3.679312269371469313e+01
3.679412614228098732e+01
3.679514167807132452e+01
3.679616930589970991e+01
3.679720903018051814e+01
3.679826085491133369e+01
3.679932478366547599e+01
3.680040081960496678e+01
3.680148896550030457e+01
3.680258922373172226e+01
3.680370159626506421e+01
3.680482608461307592e+01
3.680596268979078900e+01
3.680711141226998251e+01
3.680827225194615693e+01
3.680944520813779519e+01
3.681063027961180012e+01
3.681182746459917610e+01
3.681303676078154297e+01
3.681425816525904082e+01
3.681549167450849325e+01
3.681673728433672466e+01
3.681799498984258889e+01
3.681926478539163128e+01
3.682054666458881798e+01
3.682184062025318383e+01
3.682314664443239138e+01
3.682446472847862395e+01
3.682579486316053874e+01
3.682713703877323042e+01
3.682849124522284256e+01
3.682985747207612803e+01
3.683123570857584639e+01
3.683262594362695808e+01
3.683402816575258498e+01
3.683544236302659414e+01
3.683686852302073333e+01
3.683830663279465512e+01
3.683975667889367855e+01
3.684121864730271767e+01
3.684269252335832334e+01
3.684417829166357450e+01
3.684567593604098334e+01
3.684718543952433123e+01
3.684870678436998759e+01
3.685023995207109948e+01
3.685178492337664125e+01
3.685334167832315444e+01
3.685491019626543618e+01
3.685649045588384354e+01
3.685808243517115557e+01
3.685968611142230600e+01
3.686130146124165918e+01
3.686292846056289108e+01
3.686456708466791099e+01
3.686621730819992848e+01
3.686787910517644207e+01
3.686955244900328665e+01
3.687123731248466640e+01
3.687293366782931514e+01
3.687464148665761599e+01
3.687636074001455455e+01
3.687809139838847017e+01
3.687983343172786732e+01
3.688158680943483603e+01
3.688335150031165455e+01
3.688512747247527557e+01
3.688691469328445294e+01
3.688871312930186264e+01
3.689052274628162564e+01
3.689234350916744631e+01
3.689417538210149416e+01
3.689601832844300588e+01
3.689787231077807661e+01
3.689973729091191501e+01
3.690161322985524350e+01
3.690350008781751256e+01
3.690539782421660675e+01
3.690730639770224997e+01
3.690922576617344930e+01
3.691115588677752157e+01
3.691309671589439034e+01
3.691504820911804075e+01
3.691701032124469606e+01
3.691898300626976237e+01
3.692096621739163709e+01
3.692295990701638431e+01
3.692496402675563161e+01
3.692697852741665798e+01
3.692900335898755060e+01
3.693103847061949807e+01
3.693308381060216306e+01
3.693513932631279317e+01
3.693720496412342413e+01
3.693928066928565102e+01
3.694136638582607901e+01
3.694346205647882186e+01
3.694556762268908301e+01
3.694768302468582988e+01
3.694980820155452506e+01
3.695194309125817256e+01
3.695408763062914659e+01
3.695624175538433320e+01
3.695840540019293030e+01
3.696057849876854817e+01
3.696276098392817744e+01
3.696495278761316428e+01
3.696715384091304912e+01
3.696936407409142333e+01
3.697158341656590608e+01
3.697381179683262076e+01
3.697604914238384310e+01
3.697829537965094460e+01
3.698055043395024910e+01
3.698281422940453211e+01
3.698508668886645268e+01
3.698736773390528043e+01
3.698965728487152660e+01
3.699195526098887399e+01
3.699426158042365387e+01
3.699657616032023810e+01
3.699889891681301890e+01
3.700122976502669303e+01
3.700356861906876560e+01
3.700591539201617053e+01
3.700826999590186261e+01
3.701063234170729288e+01
3.701300233936360229e+01
3.701537989776934978e+01
3.701776492483749337e+01
3.702015732757153899e+01
3.702255701216705575e+01
3.702496388415015360e+01
3.702737784854323877e+01
3.702979880999860285e+01
3.703222667286090797e+01
3.703466134120724007e+01
3.703710271893002925e+01
3.703955070985890785e+01
3.704200521789037737e+01
3.704446614710280272e+01
3.704693340182858208e+01
3.704940688668441595e+01
3.705188650660056027e+01
3.705437216686569712e+01
3.705686377315811342e+01
3.705936123154378947e+01
3.706186444846668593e+01
3.706437333076333829e+01
3.706688778568623377e+01
3.706940772089600955e+01
3.707193304443121917e+01
3.707446366468884236e+01
3.707699949039208320e+01
3.707954043051532977e+01
3.708208639421687991e+01
3.708463729083594984e+01
3.708719302992279410e+01
3.708975352125617064e+01
3.709231867486663958e+01
3.709488840108515717e+01
3.709746261057318151e+01
3.710004121428263346e+01
3.710262412335737991e+01
3.710521124902693657e+01
3.710780250252647505e+01
3.711039779505089342e+01
3.711299703773519099e+01
3.711560014165141297e+01
3.711820701781430643e+01
3.712081757718121366e+01
3.712343173063528212e+01
3.712604938895028539e+01
3.712867046273098026e+01
3.713129486233111010e+01
3.713392249776167375e+01
3.713655327858548816e+01
3.713918711378747872e+01
3.714182391164000308e+01
3.714446357959651124e+01
3.714710602421724417e+01
3.714975115111063531e+01
3.715239886488433285e+01
3.715504906910896921e+01
3.715770166629354065e+01
3.716035655787739955e+01
3.716301364425827813e+01
3.716567282485631551e+01
3.716833399816935213e+01
3.717099706177949514e+01
3.717366191231779737e+01
3.717632844542698933e+01
3.717899655578167994e+01
3.718166613719523639e+01
3.718433708276274530e+01
3.718700928494934743e+01
3.718968263556176623e+01
3.719235702565546831e+01
3.719503234555001825e+01
3.719770848505181959e+01
3.720038533381333679e+01
3.720306278171950254e+01
3.720574071923522297e+01
3.720841903767004766e+01
3.721109762934739251e+01
3.721377638770848506e+01
3.721645520740169388e+01
3.721913398438747578e+01
3.722181261604132629e+01
3.722449100122755539e+01
3.722716904035259233e+01
3.722984663541046046e+01
3.723252369000783801e+01
3.723520010935697400e+01
3.723787580024227850e+01
3.724055067098888117e+01
3.724322463147015583e+01
3.724589759315226445e+01
3.724856946913279643e+01
3.725124017415228650e+01
3.725390962460262045e+01
3.725657773855019173e+01
3.725924443575217992e+01
3.726190963765340314e+01
3.726457326738697162e+01
3.726723524979456670e+01
3.726989551145143764e+01
3.727255398066520797e+01
3.727521058741619697e+01
3.727786526325196803e+01
3.728051794120138851e+01
3.728316855574611566e+01
3.728581704283107001e+01
3.728846333988564510e+01
3.729110738582637907e+01
3.729374912100806227e+01
3.729638848712313859e+01
3.729902542709434243e+01
3.730165988499852148e+01
3.730429180602451567e+01
3.730692113647197772e+01
3.730954782380669599e+01
3.731217181675294370e+01
3.731479306538092544e+01
3.731741152117965044e+01
3.732002713712202535e+01
3.732263986768315789e+01
3.732524966876712114e+01
3.732785649758112356e+01
3.733046031254183816e+01
3.733306107325280010e+01
3.733565874052668221e+01
3.733825327638996328e+01
3.734084464403802173e+01
3.734343280778431762e+01
3.734601773305924866e+01
3.734859938645290356e+01
3.735117773576945410e+01
3.735375275007283591e+01
3.735632439970708418e+01
3.735889265630495260e+01
3.736145749282581363e+01
3.736401888361302781e+01
3.736657680440259810e+01
3.736913123225394173e+01
3.737168214545623357e+01
3.737422952347478144e+01
3.737677334694021170e+01
3.737931359763576467e+01
3.738185025844556719e+01
3.738438331327764530e+01
3.738691274700733658e+01
3.738943854546069900e+01
3.739196069543005052e+01
3.739447918470703058e+01
3.739699400210889024e+01
3.739950513747941585e+01
3.740201258166554510e+01
3.740451632649200775e+01
3.740701636476717340e+01
3.740951269031713622e+01
3.741200529799738916e+01
3.741449418365876767e+01
3.741697934411430282e+01
3.741946077714900554e+01
3.742193848155105229e+01
3.742441245712837627e+01
3.742688270470188172e+01
3.742934922608698400e+01
3.743181202409655839e+01
3.743427110260043378e+01
3.743672646662382419e+01
3.743917812241168264e+01
3.744162607741027671e+01
3.744407034019030078e+01
3.744651092035731921e+01
3.744894782845155135e+01
3.745138107580670805e+01
3.745381067438255229e+01
3.745623663664127889e+01
3.745865897550474699e+01
3.746107770437607343e+01
3.746349283719523982e+01
3.746590438848014060e+01
3.746831237331016951e+01
3.747071680727373177e+01
3.747311770644014217e+01
3.747551508736952997e+01
3.747790896712468367e+01
3.748029936326829414e+01
3.748268629386502226e+01
3.748506977750120939e+01
3.748744983331327774e+01
3.748982648102881399e+01
3.749219974102423691e+01
3.749456963435910239e+01
3.749693618275579610e+01
3.749929940856083022e+01
3.750165933472456459e+01
3.750401598478387655e+01
3.750636938283220445e+01
3.750871955349054332e+01
3.751106652188623514e+01
3.751341031362202472e+01
3.751575095472079369e+01
3.751808847156443250e+01
3.752042289086094939e+01
3.752275423965643597e+01
3.752508254537816157e+01
3.752740783586506268e+01
3.752973013937091196e+01
3.753204948459478629e+01
3.753436590076416479e+01
3.753667941771603722e+01
3.753899006595076315e+01
3.754129787668304630e+01
3.754360288186851591e+01
3.754590511417282528e+01
3.754820460691451700e+01
3.755050139401175358e+01
3.755279550990567117e+01
3.755508698943602042e+01
3.755737586770312220e+01
3.755966217997082879e+01
3.756194596162301025e+01
3.756422724816388126e+01
3.756650607527190289e+01
3.756878247889851252e+01
3.757105649535614589e+01
3.757332816135559739e+01
3.757559751400346926e+01
3.757786459077617991e+01
3.758012942947167545e+01
3.758239206814935329e+01
3.758465254508952569e+01
3.758691089879185654e+01
3.758916716797961755e+01
3.759142139154846518e+01
3.759367360845572392e+01
3.759592385762826439e+01
3.759817217794340394e+01
3.760041860823706372e+01
3.760266318727887125e+01
3.760490595372576905e+01
3.760714694610296505e+01
3.760938620282183109e+01
3.761162376217837533e+01
3.761385966228933597e+01
3.761609394099717463e+01
3.761832663576913660e+01
3.762055778357007085e+01
3.762278742069531745e+01
3.762501558257628886e+01
3.762724230360555566e+01
3.762946761703497600e+01
3.763169155494692575e+01
3.763391414825667169e+01
3.763613542671276946e+01
3.763835541889655900e+01
3.764057415223719971e+01
3.764279165302475150e+01
3.764500794637750403e+01
3.764722305616255227e+01
3.764943700492316481e+01
3.765164981384904763e+01
3.765386150276800947e+01
3.765607209012303969e+01
3.765828159292503585e+01
3.766049002668989942e+01
3.766269740537668298e+01
3.766490374135881325e+01
3.766710904546641814e+01
3.766931332709492608e+01
3.767151659431461752e+01
3.767371885392466879e+01
3.767592011145557507e+01
3.767812037114911305e+01
3.768031963593352174e+01
3.768251790740056606e+01
3.768471518579142554e+01
3.768691147000200914e+01
3.768910675760290019e+01
3.769130104485544308e+01
3.769349432672682099e+01
3.769568659690611412e+01
3.769787784779600059e+01
3.770006807048598318e+01
3.770225725476453960e+01
3.770444538920145305e+01
3.770663246126515133e+01
3.770881845743330274e+01
3.771100336329070046e+01
3.771318716362715406e+01
3.771536984256659508e+01
3.771755138374967231e+01
3.771973177053302351e+01
3.772191098615338234e+01
3.772408901384692115e+01
3.772626583692475322e+01
3.772844143879294876e+01
3.773061580292573325e+01
3.773278891282119218e+01
3.773496075193846622e+01
3.773713130361447554e+01
3.773930055101477166e+01
3.774146847716033193e+01
3.774363506500406373e+01
3.774580029751703592e+01
3.774796415776206970e+01
3.775012662894101112e+01
3.775228769442253451e+01
3.775444733777090534e+01
3.775660554275626168e+01
3.775876229329767142e+01
3.776091757335747445e+01
3.776307136686781263e+01
3.776522365771652545e+01
3.776737442974282999e+01
3.776952366670766992e+01
3.777167135226893890e+01
3.777381747000050893e+01
3.777596200343079857e+01
3.777810493604430064e+01
3.778024625124508162e+01
3.778238593233497511e+01
3.778452396253457835e+01
3.778666032502279393e+01
3.778879500295975902e+01
3.779092797947868831e+01
3.779305923765526387e+01
3.779518876049356635e+01
3.779731653095298327e+01
3.779944253197020743e+01
3.780156674643059489e+01
3.780368915712197975e+01
3.780580974672066219e+01
3.780792849779781761e+01
3.781004539279284415e+01
3.781216041392141847e+01
3.781427354304064892e+01
3.781638476150750705e+01
3.781849405003424636e+01
3.782060138854488685e+01
3.782270675605304433e+01
3.782481013056807484e+01
3.782691148902944889e+01
3.782901080727328491e+01
3.783110806002611781e+01
3.783320322092409072e+01
3.783529626257099210e+01
3.783738715663243823e+01
3.783947587393390677e+01
3.784156238454514920e+01
3.784364665784707427e+01
3.784572866256256418e+01
3.784780836675327720e+01
3.784988573782608512e+01
3.785196074258443133e+01
3.785403334729812741e+01
3.785610351773908633e+01
3.785817121918393724e+01
3.786023641642539417e+01
3.786229907381095927e+01
3.786435915529323637e+01
3.786641662445889267e+01
3.786847144450497638e+01
3.787052357817727000e+01
3.787257298774857617e+01
3.787461963509247909e+01
3.787666348180677289e+01
3.787870448930185319e+01
3.788074261882088933e+01
3.788277783141134591e+01
3.788481008787405102e+01
3.788683934869379755e+01
3.788886557395044008e+01
3.789088872324268920e+01
3.789290875568396189e+01
3.789492562999373604e+01
3.789693930463077720e+01
3.789894973789518673e+01
3.790095688798274409e+01
3.790296071300123515e+01
3.790496117093422868e+01
3.790695821956001055e+01
3.790895181638126843e+01
3.791094191860248230e+01
3.791292848314630959e+01
3.791491146670405499e+01
3.791689082583678783e+01
3.791886651710476031e+01
3.792083849715098864e+01
3.792280672270404551e+01
3.792477115053891623e+01
3.792673173744668702e+01
3.792868844021489849e+01
3.793064121557676316e+01
3.793259002013896719e+01
3.793453481036887354e+01
3.793647554266161137e+01
3.793841217342863104e+01
3.794034465917650323e+01
3.794227295657793064e+01
3.794419702252522342e+01
3.794611681414873772e+01
3.794803228880605417e+01
3.794994340407708222e+01
3.795185011777273587e+01
3.795375238791735484e+01
3.795565017268922503e+01
3.795754343036013267e+01
3.795943211927295380e+01
3.796131619785523981e+01
3.796319562464843500e+01
3.796507035833999311e+01
3.796694035779552223e+01
3.796880558208022194e+01
3.797066599044426027e+01
3.797252154226922727e+01
3.797437219701849642e+01
3.797621791423235749e+01
3.797805865356118460e+01
3.797989437481807329e+01
3.798172503805390221e+01
3.798355060364215063e+01
3.798537103234228596e+01
3.798718628531737096e+01
3.798899632409225546e+01
3.799080111048549213e+01
3.799260060657242377e+01
3.799439477468819604e+01
3.799618357745613650e+01
3.799796697782392130e+01
3.799974493907150475e+01
3.800151742478691830e+01
3.800328439883523401e+01
3.800504582531294773e+01
3.800680166848385966e+01
3.800855189273541868e+01
3.801029646256232297e+01
3.801203534252780258e+01
3.801376849719265039e+01
3.801549589106191718e+01
3.801721748857632122e+01
3.801893325414561531e+01
3.802064315221799262e+01
3.802234714735435972e+01
3.802404520427341339e+01
3.802573728788987495e+01
3.802742336338101836e+01
3.802910339624834535e+01
3.803077735233243573e+01
3.803244519780648858e+01
3.803410689917758702e+01
3.803576242327144286e+01
3.803741173717425994e+01
3.803905480815906515e+01
3.804069160363150814e+01
3.804232209107565410e+01
3.804394623797550423e+01
3.804556401173447000e+01
3.804717537962709173e+01
3.804878030880427531e+01
3.805037876635024219e+01
3.805197071935696584e+01
3.805355613498011991e+01
3.805513498046778409e+01
3.805670722318423316e+01
3.805827283063968025e+01
3.805983177049169086e+01
3.806138401050377951e+01
3.806292951850207373e+01
3.806446826236314962e+01
3.806600021003207246e+01
3.806752532956969759e+01
3.806904358922624709e+01
3.807055495751490781e+01
3.807205940325623317e+01
3.807355689559040712e+01
3.807504740397292409e+01
3.807653089816060543e+01
3.807800734819171851e+01
3.807947672437975228e+01
3.808093899732187282e+01
3.808239413789074490e+01
3.808384211719137369e+01
3.808528290648087022e+01
3.808671647707175367e+01
3.808814280028388310e+01
3.808956184747734142e+01
3.809097359011248329e+01
3.809237799978091488e+01
3.809377504818667859e+01
3.809516470707298907e+01
3.809654694814697962e+01
3.809792174309117030e+01
3.809928906365973234e+01
3.810064888177662823e+01
3.810200116958807115e+01
3.810334589946037909e+01
3.810468304393308614e+01
3.810601257566909084e+01
3.810733446743017083e+01
3.810864869206615424e+01
3.810995522250700418e+01
3.811125403174325044e+01
3.811254509276940183e+01
3.811382837851858341e+01
3.811510386185178589e+01
3.811637151559187231e+01
3.811763131253429293e+01
3.811888322541975072e+01
3.812012722690791833e+01
3.812136328956864872e+01
3.812259138589755025e+01
3.812381148838228029e+01
3.812502356961849159e+01
3.812622760241313102e+01
3.812742355981369968e+01
3.812861141509178964e+01
3.812979114174512318e+01
3.813096271349664335e+01
3.813212610421673077e+01
3.813328128775673065e+01
3.813442823777082680e+01
3.813556692762659850e+01
3.813669733042073773e+01
3.813781941902598760e+01
3.813893316612152518e+01
3.814003854418732686e+01
3.814113552542936958e+01
3.814222408166101275e+01
3.814330418419218205e+01
3.814437580376824855e+01
3.814543891064921866e+01
3.814649347482819763e+01
3.814753946624502134e+01
3.814857685492194861e+01
3.814960561104093273e+01
3.815062570496733230e+01
3.815163710721812151e+01
3.815263978839404047e+01
3.815363371912154378e+01
3.815461887003856134e+01
3.815559521180756519e+01
3.815656271512183650e+01
3.815752135069611484e+01
3.815847108925734688e+01
3.815941190155677987e+01
3.816034375839775805e+01
3.816126663063516844e+01
3.816218048912048744e+01
3.816308530462818283e+01
3.816398104782025058e+01
3.816486768925648221e+01
3.816574519941738686e+01
3.816661354872331202e+01
3.816747270756034283e+01
3.816832264632469673e+01
3.816916333548376628e+01
3.816999474564197925e+01
3.817081684759698135e+01
3.817162961236851260e+01
3.817243301118061538e+01
3.817322701538822827e+01
3.817401159637562813e+01
3.817478672548212870e+01
3.817555237399111689e+01
3.817630851317658625e+01
3.817705511436623311e+01
3.817779214898312290e+01
3.817851958857181671e+01
3.817923740481767680e+01
3.817994556954180752e+01
3.818064405468635414e+01
3.818133283233574815e+01
3.818201187477605885e+01
3.818268115455136780e+01
3.818334064449387455e+01
3.818399031772579377e+01
3.818463014761739771e+01
3.818526010768278667e+01
3.818588017143175506e+01
3.818649031222953738e+01
3.818709050322081566e+01
3.818768071735217262e+01
3.818826092746758860e+01
3.818883110641758094e+01
3.818939122715084267e+01
3.818994126277278411e+01
3.819048118653979884e+01
3.819101097177168214e+01
3.819153059172222697e+01
3.819204001947804272e+01
3.819253922789739164e+01
3.819302818954409418e+01
3.819350687663416721e+01
3.819397526108377150e+01
3.819443331467405045e+01
3.819488100923743445e+01
3.819531831677673495e+01
3.819574520951606189e+01
3.819616165993524959e+01
3.819656764081494060e+01
3.819696312528076731e+01
3.819734808683288918e+01
3.819772249935221708e+01
3.819808633708227319e+01
3.819843957460911810e+01
3.819878218685495597e+01
3.819911414906394498e+01
3.819943543675002218e+01
3.819974602560579058e+01
3.820004589139878703e+01
3.820033500987744901e+01
3.820061335671127978e+01
3.820088090750301291e+01
3.820113763786904570e+01
3.820138352352572042e+01
3.820161854032495796e+01
3.820184266423634512e+01
3.820205587132242897e+01
3.820225813774419521e+01
3.820244943978606500e+01
3.820262975388966709e+01
3.820279905671297627e+01
3.820295732520210663e+01
3.820310453662028749e+01
3.820324066852322886e+01
3.820336569873553856e+01
3.820347960535149667e+01
3.820358236672409902e+01
3.820367396142596306e+01
3.820375436821895931e+01
3.820382356606963015e+01
3.820388153420558552e+01
3.820392825218162614e+01
3.820396369992351282e+01
3.820398785773466699e+01
3.820400070629126787e+01
3.820400222666852841e+01
3.820399240040005395e+01
3.820397120953731473e+01
3.820393863668469692e+01
3.820389466499759124e+01
3.820383927814056335e+01
3.820377246022701456e+01
3.820369419578615577e+01
3.820360446978262559e+01
3.820350326765843363e+01
3.820339057536335048e+01
3.820326637937258596e+01
3.820313066668695967e+01
3.820298342480386822e+01
3.820282464167659953e+01
3.820265430569504872e+01
3.820247240568988900e+01
3.820227893092894789e+01
3.820207387108434460e+01
3.820185721618995700e+01
3.820162895662807045e+01
3.820138908315216497e+01
3.820113758691937988e+01
3.820087445951720184e+01
3.820059969298918645e+01
3.820031327986261971e+01
3.820001521316262227e+01
3.819970548638821839e+01
3.819938409345144947e+01
3.819905102861451240e+01
3.819870628645423238e+01
3.819834986185188086e+01
3.819798174999564822e+01
3.819760194637438389e+01
3.819721044674210475e+01
3.819680724708258879e+01
3.819639234360605684e+01
3.819596573273909712e+01
3.819552741108245186e+01
3.819507737539025527e+01
3.819461562261259502e+01
3.819414214997121348e+01
3.819365695501284108e+01
3.819316003562260420e+01
3.819265139001988985e+01
3.819213101674939992e+01
3.819159891466925671e+01
3.819105508295864126e+01
3.819049952115859270e+01
3.818993222921859143e+01
3.818935320751206319e+01
3.818876245681485671e+01
3.818815997827010023e+01
3.818754577336086697e+01
3.818691984388386373e+01
3.818628219189386641e+01
3.818563281961603906e+01
3.818497172938170792e+01
3.818429892364297729e+01
3.818361440505557880e+01
3.818291817656859877e+01
3.818221024148297715e+01
3.818149060350716439e+01
3.818075926682542587e+01
3.818001623611848316e+01
3.817926151650711830e+01
3.817849511348909886e+01
3.817771703293155383e+01
3.817692728110336020e+01
3.817612586470750813e+01
3.817531279088721163e+01
3.817448806720084775e+01
3.817365170159984444e+01
3.817280370243975085e+01
3.817194407849316207e+01
3.817107283891309777e+01
3.817018999315347827e+01
3.816929555091105186e+01
3.816838952213068126e+01
3.816747191705349707e+01
3.816654274626699817e+01
3.816560202073667796e+01
3.816464975182796593e+01
3.816368595132907160e+01
3.816271063144179720e+01
3.816172380469534886e+01
3.816072548381928442e+01
3.815971568169243966e+01
3.815869441144480589e+01
3.815766168664518432e+01
3.815661752143623175e+01
3.815556193056720247e+01
3.815449492936445353e+01
3.815341653368726327e+01
3.815232675990224465e+01
3.815122562487919566e+01
3.815011314598691428e+01
3.814898934107936412e+01
3.814785422847010210e+01
3.814670782687757367e+01
3.814555015533624527e+01
3.814438123311852991e+01
3.814320107972978491e+01
3.814200971498124204e+01
3.814080715908046670e+01
3.813959343269461044e+01
3.813836855697955031e+01
3.813713255356424980e+01
3.813588544448738560e+01
3.813462725210870019e+01
3.813335799901548739e+01
3.813207770792421059e+01
3.813078640158214938e+01
3.812948410270412580e+01
3.812817083397647622e+01
3.812684661811263709e+01
3.812551147791365480e+01
3.812416543630434518e+01
3.812280851634219658e+01
3.812144074120580228e+01
3.812006213418532496e+01
3.811867271870406881e+01
3.811727251837521635e+01
3.811586155707021106e+01
3.811443985897647480e+01
3.811300744863661549e+01
3.811156435096232542e+01
3.811011059121616995e+01
3.810864619495831107e+01
3.810717118794940461e+01
3.810568559601750849e+01
3.810418944494343663e+01
3.810268276044949687e+01
3.810116556833622070e+01
3.809963789469512108e+01
3.809809976606982218e+01
3.809655120952372442e+01
3.809499225265408739e+01
3.809342292357398208e+01
3.809184325084166289e+01
3.809025326335197548e+01
3.808865299026086859e+01
3.808704246096257151e+01
3.808542170506188285e+01
3.808379075232310385e+01
3.808214963264818920e+01
3.808049837613095434e+01
3.807883701318330338e+01
3.807716557466058305e+01
3.807548409189629979e+01
3.807379259666184623e+01
3.807209112115843652e+01
3.807037969810349409e+01
3.806865836084337928e+01
3.806692714336094241e+01
3.806518608014181382e+01
3.806343520597451402e+01
3.806167455577487857e+01
3.805990416450696756e+01
3.805812406721891961e+01
3.805633429912659693e+01
3.805453489566796321e+01
3.805272589251366355e+01
3.805090732555035515e+01
3.804907923086503274e+01
3.804724164477996595e+01
3.804539460396176764e+01
3.804353814554598756e+01
3.804167230719944115e+01
3.803979712711237227e+01
3.803791264394097027e+01
3.803601889671484315e+01
3.803411592474835601e+01
3.803220376758320498e+01
3.803028246494951503e+01
3.802835205677560282e+01
3.802641258332837282e+01
3.802446408542374456e+01
3.802250660451349518e+01
3.802054018259573809e+01
3.801856486204069796e+01
3.801658068540576352e+01
3.801458769531095783e+01
3.801258593444300971e+01
3.801057544567827051e+01
3.800855627224949274e+01
3.800652845787072209e+01
3.800449204676965564e+01
3.800244708364211021e+01
3.800039361356071765e+01
3.799833168186702181e+01
3.799626133409973505e+01
3.799418261599497981e+01
3.799209557353727718e+01
3.799000025301634054e+01
3.798789670108196503e+01
3.798578496480865851e+01
3.798366509174567796e+01
3.798153712991837949e+01
3.797940112777403954e+01
3.797725713407606918e+01
3.797510519776614046e+01
3.797294536785835817e+01
3.797077769342416076e+01
3.796860222365799586e+01
3.796641900798299929e+01
3.796422809611868132e+01
3.796202953804631619e+01
3.795982338396756006e+01
3.795760968435561722e+01
3.795538849001418669e+01
3.795315985207994913e+01
3.795092382205913850e+01
3.794868045195961059e+01
3.794642979442972575e+01
3.794417190279592944e+01
3.794190683101951578e+01
3.793963463366797839e+01
3.793735536594194713e+01
3.793506908371766428e+01
3.793277584354765253e+01
3.793047570259506784e+01
3.792816871852043192e+01
3.792585494938973767e+01
3.792353445366242681e+01
3.792120729020575709e+01
3.791887351822826702e+01
3.791653319711875980e+01
3.791418638627267512e+01
3.791183314498858437e+01
3.790947353246794194e+01
3.790710760789182387e+01
3.790473543051810168e+01
3.790235705976405001e+01
3.789997255525874209e+01
3.789758197685649321e+01
3.789518538464155029e+01
3.789278283895423982e+01
3.789037440040539195e+01
3.788796012984990114e+01
3.788554008834373121e+01
3.788311433710675402e+01
3.788068293749241633e+01
3.787824595096330427e+01
3.787580343906763858e+01
3.787335546340409564e+01
3.787090208556622173e+01
3.786844336707316216e+01
3.786597936929655361e+01
3.786351015338252068e+01
3.786103578017563365e+01
3.785855631016919887e+01
3.785607180349644807e+01
3.785358231994607081e+01
3.785108791897001623e+01
3.784858865967858321e+01
3.784608460084722026e+01
3.784357580091656104e+01
3.784106231791542996e+01
3.783854420930016715e+01
3.783602153180073913e+01
3.783349434133891265e+01
3.783096269299811354e+01
3.782842664101568886e+01
3.782588623880923251e+01
3.782334153904774610e+01
3.782079259373842461e+01
3.781823945429294298e+01
3.781568217158892509e+01
3.781312079608299825e+01
3.781055537799206689e+01
3.780798596749214369e+01
3.780541261487820037e+01
3.780283537066068078e+01
3.780025428561240375e+01
3.779766941081641818e+01
3.779508079773624729e+01
3.779248849826278445e+01
3.778989256470372027e+01
3.778729304974277170e+01
3.778469000642035525e+01
3.778208348816587403e+01
3.777947354885632336e+01
3.777686024283593724e+01
3.777424362486865306e+01
3.777162375006716388e+01
3.776900067384730164e+01
3.776637445191168752e+01
3.776374514025284412e+01
3.776111279514656616e+01
3.775847747307321356e+01
3.775583923055134505e+01
3.775319812394995012e+01
3.775055420934252481e+01
3.774790754241671209e+01
3.774525817842679487e+01
3.774260617215689706e+01
3.773995157785888921e+01
3.773729444916297382e+01
3.773463483899324444e+01
3.773197279951136807e+01
3.772930838207791737e+01
3.772664163722042474e+01
3.772397261463660811e+01
3.772130136327255201e+01
3.771862793148368098e+01
3.771595236724154176e+01
3.771327471831428824e+01
3.771059503236727295e+01
3.770791335698674374e+01
3.770522973965570657e+01
3.770254422770945979e+01
3.769985686829298288e+01
3.769716770833883857e+01
3.769447679456746414e+01
3.769178417347868049e+01
3.768908989131109166e+01
3.768639399398979606e+01
3.768369652707797712e+01
3.768099753573626742e+01
3.767829706473088436e+01
3.767559515852258301e+01
3.767289186140233426e+01
3.767018721761051836e+01
3.766748127140736102e+01
3.766477406712973419e+01
3.766206564928503298e+01
3.765935606266054947e+01
3.765664535238228439e+01
3.765393356388115365e+01
3.765122074275794972e+01
3.764850693457612607e+01
3.764579218464984933e+01
3.764307653787770391e+01
3.764036003862518243e+01
3.763764273066072263e+01
3.763492465716676350e+01
3.763220586080828411e+01
3.762948638379936739e+01
3.762676626792886481e+01
3.762404555455783850e+01
3.762132428462669509e+01
3.761860249869355499e+01
3.761588023699201244e+01
3.761315753948900209e+01
3.761043444594649543e+01
3.760771099599588752e+01
3.760498722920360848e+01
3.760226318509582200e+01
3.759953890314221780e+01
3.759681442273004137e+01
3.759408978316447048e+01
3.759136502372057720e+01
3.758864018373719063e+01
3.758591530268739689e+01
3.758319042015550338e+01
3.758046557573702984e+01
3.757774080895143953e+01
3.757501615921127325e+01
3.757229166580207647e+01
3.756956736781551598e+01
3.756684330404843308e+01
3.756411951293988238e+01
3.756139603259092752e+01
3.755867290084393773e+01
3.755595015538227699e+01
3.755322783384169583e+01
3.755050597392366285e+01
3.754778461347854801e+01
3.754506379055074206e+01
3.754234354341018332e+01
3.753962391057802961e+01
3.753690493083868063e+01
3.753418664324208720e+01
3.753146908710019147e+01
3.752875230197167156e+01
3.752603632763695884e+01
3.752332120408103577e+01
3.752060697150741220e+01
3.751789367038816181e+01
3.751518134147590899e+01
3.751247002566199740e+01
3.750975976371958609e+01
3.750705059612479175e+01
3.750434256307842418e+01
3.750163570470796515e+01
3.749893006131726025e+01
3.749622567353002722e+01
3.749352258229993140e+01
3.749082082886023670e+01
3.748812045468516629e+01
3.748542150151554608e+01
3.748272401144288324e+01
3.748002802698174918e+01
3.747733359108960371e+01
3.747464074716511107e+01
3.747194953906502946e+01
3.746926001113666160e+01
3.746657220823468037e+01
3.746388617570490709e+01
3.746120195935339581e+01
3.745851960542140802e+01
3.745583916055260687e+01
3.745316067177673602e+01
3.745048418659856537e+01
3.744780975316766813e+01
3.744513742037319304e+01
3.744246723782072195e+01
3.743979925578679513e+01
3.743713352520161664e+01
3.743447009763666955e+01
3.743180902527963383e+01
3.742915036090640513e+01
3.742649415786283384e+01
3.742384047005911896e+01
3.742118935197102303e+01
3.741854085863818113e+01
3.741589504565165925e+01
3.741325196912497830e+01
3.741061168564073824e+01
3.740797425217099459e+01
3.740533972599172330e+01
3.740270816462266623e+01
3.740007962579928602e+01
3.739745416745545015e+01
3.739483184770021751e+01
3.739221272478786773e+01
3.738959685705767555e+01
3.738698430280360441e+01
3.738437512009616626e+01
3.738176936662485161e+01
3.737916709958135897e+01
3.737656837557310041e+01
3.737397325057464315e+01
3.737138177993369936e+01
3.736879401843265214e+01
3.736621002035591488e+01
3.736362983949590699e+01
3.736105352910544752e+01
3.735848114185893820e+01
3.735591272985244871e+01
3.735334834463892406e+01
3.735078803729352614e+01
3.734823185850437000e+01
3.734567985868265083e+01
3.734313208809134466e+01
3.734058859698263433e+01
3.733804943571582413e+01
3.733551465483436971e+01
3.733298430510686927e+01
3.733045843754853621e+01
3.732793710342708948e+01
3.732542035424135918e+01
3.732290824166582155e+01
3.732040081747071270e+01
3.731789813344025930e+01
3.731540024131129485e+01
3.731290719274014123e+01
3.731041903929385484e+01
3.730793583245996103e+01
3.730545762366785567e+01
3.730298446431213932e+01
3.730051640576625971e+01
3.729805349938049375e+01
3.729559579646827672e+01
3.729314334828663391e+01
3.729069620601372037e+01
3.728825442073222263e+01
3.728581804343217243e+01
3.728338712502837637e+01
3.728096171637007927e+01
3.727854186822720095e+01
3.727612763124641049e+01
3.727371905588181278e+01
3.727131619232080340e+01
3.726891909041864182e+01
3.726652779963890083e+01
3.726414236899678656e+01
3.726176284701417529e+01
3.725938928170288023e+01
3.725702172058879569e+01
3.725466021077892265e+01
3.725230479905371794e+01
3.724995553194965936e+01
3.724761245580674540e+01
3.724527561677800236e+01
3.724294506081172784e+01
3.724062083362395015e+01
3.723830298067478140e+01
3.723599154715255821e+01
3.723368657796188330e+01
3.723138811770575529e+01
3.722909621066001051e+01
3.722681090075247567e+01
3.722453223155684299e+01
3.722226024630207064e+01
3.721999498790125926e+01
3.721773649900193703e+01
3.721548482204903507e+01
3.721323999934877236e+01
3.721100207312478148e+01
3.720877108556155832e+01
3.720654707883618784e+01
3.720433009514324851e+01
3.720212017672164961e+01
3.719991736589511788e+01
3.719772170514576004e+01
3.719553323724220917e+01
3.719335200539400432e+01
3.719117805336899352e+01
3.718901142557075445e+01
3.718685216711114094e+01
3.718470032387794788e+01
3.718255594259382946e+01
3.718041907089168774e+01
3.717828975743397280e+01
3.717616805205821606e+01
3.717405400586022779e+01
3.717194767112435017e+01
3.716984910115628082e+01
3.716775835020355601e+01
3.716567547353284340e+01
3.716360052753453402e+01
3.716153356972790789e+01
3.715947465867671440e+01
3.715742385389985714e+01
3.715538121582684283e+01
3.715334680577667115e+01
3.715132068592981085e+01
3.714930291930410533e+01
3.714729356974917351e+01
3.714529270194468324e+01
3.714330038138982104e+01
3.714131667440157258e+01
3.713934164814897088e+01
3.713737537071174444e+01
3.713541791111258306e+01
3.713346933930658622e+01
3.713152972615312564e+01
3.712959914337313450e+01
3.712767766349948317e+01
3.712576535986542581e+01
3.712386230662507813e+01
3.712196857872331179e+01
3.712008425175648796e+01
3.711820940176306038e+01
3.711634410504142068e+01
3.711448843803886888e+01
3.711264247728046684e+01
3.711080629931449693e+01
3.710897998067828496e+01
3.710716359788255403e+01
3.710535722740453934e+01
3.710356094568206942e+01
3.710177482910174973e+01
3.709999895397353242e+01
3.709823339649254592e+01
3.709647823270781686e+01
3.709473353852109057e+01
3.709299938971588517e+01
3.709127586199431903e+01
3.708956303100412555e+01
3.708786097235112322e+01
3.708616976159210310e+01
3.708448947420829711e+01
3.708282018557387971e+01
3.708116197093039546e+01
3.707951490535518957e+01
3.707787906370563036e+01
3.707625452053783022e+01
3.707464135001961836e+01
3.707303962586390611e+01
3.707144942129708909e+01
3.706987080905280862e+01
3.706830386136466871e+01
3.706674864993849638e+01
3.706520524590607835e+01
3.706367371977694347e+01
3.706215414140179121e+01
3.706064657994955525e+01
3.705915110388834677e+01
3.705766778095568270e+01
3.705619667811593843e+01
3.705473786151792837e+01
3.705329139646109837e+01
3.705185734737737135e+01
3.705043577784218201e+01
3.704902675060979789e+01
3.704763032764476804e+01
3.704624657013777522e+01
3.704487553851363657e+01
3.704351729243347080e+01
3.704217189079196260e+01
3.704083939170876505e+01
3.703951985248869505e+01
3.703821332952154677e+01
3.703691987815167153e+01
3.703563955259720331e+01
3.703437240595012980e+01
3.703311849020946056e+01
3.703187785630269957e+01
3.703065055410335304e+01
3.702943663246211514e+01
3.702823613924967816e+01
3.702704912141120985e+01
3.702587562502575480e+01
3.702471569534405660e+01
3.702356937679432747e+01
3.702243671297136984e+01
3.702131774662085206e+01
3.702021251961475201e+01
3.701912107291316545e+01
3.701804344652220635e+01
3.701697967946257961e+01
3.701592980974690761e+01
3.701489387435898237e+01
3.701387190924177162e+01
3.701286394929804402e+01
3.701187002839392903e+01
3.701089017935074565e+01
3.700992443391536568e+01
3.700897282274323885e+01
3.700803537546808997e+01
3.700711212086023494e+01
3.700620308697705951e+01
3.700530830123949499e+01
3.700442779044706043e+01
3.700356158075877744e+01
3.700270969765463747e+01
3.700187216588627592e+01
3.700104900942376673e+01
3.700024025141113526e+01
3.699944591414327988e+01
3.699866601906627750e+01
3.699790058679518978e+01
3.699714963713276461e+01
3.699641318906386545e+01
3.699569126071861547e+01
3.699498386932776128e+01
3.699429103119754103e+01
3.699361276171171653e+01
3.699294907535311694e+01
3.699229998573198941e+01
3.699166550561135836e+01
3.699104564692851937e+01
3.699044042081159489e+01
3.698984983758538192e+01
3.698927390676742988e+01
3.698871263706017487e+01
3.698816603634114841e+01
3.698763411165310799e+01
3.698711686919613584e+01
3.698661431432067559e+01
3.698612645151666101e+01
3.698565328438699851e+01
3.698519481560354905e+01
3.698475104688152015e+01
3.698432197902602780e+01
3.698390761207007671e+01
3.698350794548370857e+01
3.698312297839868990e+01
3.698275270976988338e+01
3.698239713843329923e+01
3.698205626307744609e+01
3.698173008216109992e+01
3.698141859381543384e+01
3.698112179576370551e+01
3.698083968526812271e+01
3.698057225909624890e+01
3.698031951349804558e+01
3.698008144419462440e+01
3.697985804639515806e+01
3.697964931485964257e+01
3.697945524398492978e+01
3.697927582785766276e+01
3.697911106024974259e+01
3.697896093457860900e+01
3.697882544386078507e+01
3.697870458067603749e+01
3.697859833715106248e+01
3.697850670495770942e+01
3.697842967531216374e+01
3.697836723897509614e+01
3.697831938626738690e+01
3.697828610708772601e+01
3.697826739088542780e+01
3.697826322659035725e+01
3.697827360257299745e+01
3.697829850667564244e+01
3.697833792627083227e+01
3.697839184828468007e+01
3.697846025916856405e+01
3.697854314485717708e+01
3.697864049076838455e+01
3.697875228185572638e+01
3.697887850267058241e+01
3.697901913739612212e+01
3.697917416985293926e+01
3.697934358349395723e+01
3.697952736139932028e+01
3.697972548627027578e+01
3.697993794041915550e+01
3.698016470575738168e+01
3.698040576378052435e+01
3.698066109554942216e+01
3.698093068167813158e+01
3.698121450233256269e+01
3.698151253722031839e+01
3.698182476554834608e+01
3.698215116594064966e+01
3.698249171634528665e+01
3.698284639398707441e+01
3.698321517537194580e+01
3.698359803629031006e+01
3.698399495180863994e+01
3.698440589630009612e+01
3.698483084353446770e+01
3.698526976678176226e+01
3.698572263887194111e+01
3.698618943219327804e+01
3.698667011866435672e+01
3.698716466972947359e+01
3.698767305638609315e+01
3.698819524921822932e+01
3.698873121841702982e+01
3.698928093379166882e+01
3.698984436478119164e+01
3.699042148047020362e+01
3.699101224959481016e+01
3.699161664051737830e+01
3.699223462117394945e+01
3.699286615903049125e+01
3.699351122107020728e+01
3.699416977379548399e+01
3.699484178322008177e+01
3.699552721485932949e+01
3.699622603374951524e+01
3.699693820449361681e+01
3.699766369129230981e+01
3.699840245794290894e+01
3.699915446782066653e+01
3.699991968385619856e+01
3.700069806851483634e+01
3.700148958377983632e+01
3.700229419113753693e+01
3.700311185155664617e+01
3.700394252545776652e+01
3.700478617268970538e+01
3.700564275253305624e+01
3.700651222372520266e+01
3.700739454448232379e+01
3.700828967249125157e+01
3.700919756484087486e+01
3.701011817789604663e+01
3.701105146717346628e+01
3.701199738727492417e+01
3.701295589188102753e+01
3.701392693377892584e+01
3.701491046490173886e+01
3.701590643636404820e+01
3.701691479847789168e+01
3.701793550074248174e+01
3.701896849181433424e+01
3.702001371946579411e+01
3.702107113052784371e+01
3.702214067081058602e+01
3.702322228501586920e+01
3.702431591667519228e+01
3.702542150812665511e+01
3.702653900050636793e+01
3.702766833373020461e+01
3.702880944647745309e+01
3.702996227621436276e+01
3.703112675929562414e+01
3.703230283112914378e+01
3.703349042632621746e+01
3.703468947878244677e+01
3.703589992169929701e+01
3.703712168757541434e+01
3.703835470817648456e+01
3.703959891447681230e+01
3.704085423659704190e+01
3.704212060377881244e+01
3.704339794438669742e+01
3.704468618590233575e+01
3.704598525490979455e+01
3.704729507708868397e+01
3.704861557721502408e+01
3.704994667915828899e+01
3.705128830587342748e+01
3.705264037941250876e+01
3.705400282098882059e+01
3.705537555108483616e+01
3.705675848954850693e+01
3.705815155564270214e+01
3.705955466806550191e+01
3.706096774497527235e+01
3.706239070403137248e+01
3.706382346243281489e+01
3.706526593694044180e+01
3.706671804388830793e+01
3.706817969918827771e+01
3.706965081831603470e+01
3.707113131627473734e+01
3.707262110756642670e+01
3.707412010620721787e+01
3.707562822576788619e+01
3.707714537938124266e+01
3.707867147969303545e+01
3.708020643880211509e+01
3.708175016826292847e+01
3.708330257915130090e+01
3.708486358213605882e+01
3.708643308756723656e+01
3.708801100560901176e+01
3.708959724636487465e+01
3.709119171997062381e+01
3.709279433671367343e+01
3.709440500719421152e+01
3.709602364247464834e+01
3.709765015418332013e+01
3.709928445456841928e+01
3.710092645651010912e+01
3.710257607352961173e+01
3.710423321983931544e+01
3.710589781040253143e+01
3.710756976091138881e+01
3.710924898766251090e+01
3.711093540742484720e+01
3.711262893740297386e+01
3.711432949530554737e+01
3.711603699945374046e+01
3.711775136887793280e+01
3.711947252339200531e+01
3.712120038364425767e+01
3.712293487114685320e+01
3.712467590829749753e+01
3.712642341839620741e+01
3.712817732564356987e+01
3.712993755514581551e+01
3.713170403297051791e+01
3.713347668621400288e+01
3.713525544299762515e+01
3.713704023238315699e+01
3.713883098425217355e+01
3.714062762916882576e+01
3.714243009821534969e+01
3.714423832279933180e+01
3.714605223445705917e+01
3.714787176467532959e+01
3.714969684473084754e+01
3.715152740554223243e+01
3.715336337754055052e+01
3.715520469056416886e+01
3.715705127377116668e+01
3.715890305555559081e+01
3.716075996347153421e+01
3.716262192418349031e+01
3.716448886344592495e+01
3.716636070609357034e+01
3.716823737602289413e+01
3.717011879616389081e+01
3.717200488845377038e+01
3.717389557381450516e+01
3.717579077212464256e+01
3.717769040218121290e+01
3.717959438165883057e+01
3.718150262706871700e+01
3.718341505372166012e+01
3.718533157573087777e+01
3.718725210610743659e+01
3.718917655693840629e+01
3.719110483956411173e+01
3.719303686469299208e+01
3.719497254245995066e+01
3.719691178245260232e+01
3.719885449371892605e+01
3.720080058476914786e+01
3.720274996358438813e+01
3.720470253762726287e+01
3.720665821382912952e+01
3.720861689853830967e+01
3.721057849744398283e+01
3.721254291549815463e+01
3.721451005682683899e+01
3.721647982472020288e+01
3.721845212196070207e+01
3.722042685144537444e+01
3.722240391665812353e+01
3.722438322182738801e+01
3.722636467194933374e+01
3.722834817277894359e+01
3.723033363081815850e+01
3.723232095333031566e+01
3.723431004836238856e+01
3.723630082475261105e+01
3.723829319214585354e+01
3.724028706103342756e+01
3.724228234279766525e+01
3.724427894974489561e+01
3.724627679513054801e+01
3.724827579319210002e+01
3.725027585919172424e+01
3.725227690943074776e+01
3.725427886119584997e+01
3.725628163265952963e+01
3.725828514280294002e+01
3.726028931140204747e+01
3.726229405905471737e+01
3.726429930718536099e+01
3.726630497799217068e+01
3.726831099438063433e+01
3.727031727995070298e+01
3.727232375904528539e+01
3.727433035682015827e+01
3.727633699930221667e+01
3.727834361342046066e+01
3.728035012700187423e+01
3.728235646874784237e+01
3.728436256821544958e+01
3.728636835579194297e+01
3.728837376264288395e+01
3.729037872064767356e+01
3.729238316234089012e+01
3.729438702086340385e+01
3.729639022992902397e+01
3.729839272382920967e+01
3.730039443749517147e+01
3.730239530658047187e+01
3.730439526748425294e+01
3.730639425728961811e+01
3.730839221367483560e+01
3.731038907485760348e+01
3.731238477956659949e+01
3.731437926700623819e+01
3.731637247684087555e+01
3.731836434924141344e+01
3.732035482496788603e+01
3.732234384544430128e+01
3.732433135280228242e+01
3.732631728987504971e+01
3.732830160015537757e+01
3.733028422775740296e+01
3.733226511739308506e+01
3.733424421434381202e+01
3.733622146442998968e+01
3.733819681399338464e+01
3.734017020988039803e+01
3.734214159942632705e+01
3.734411093046299612e+01
3.734607815134100406e+01
3.734804321094031820e+01
3.735000605867593038e+01
3.735196664451140691e+01
3.735392491895093059e+01
3.735588083297000850e+01
3.735783433790233943e+01
3.735978538534910598e+01
3.736173392714670172e+01
3.736367991537638034e+01
3.736562330238356111e+01
3.736756404076316329e+01
3.736950208320946842e+01
3.737143738213710265e+01
3.737336988924451475e+01
3.737529955537363691e+01
3.737722633069487443e+01
3.737915016492225817e+01
3.738107100740499078e+01
3.738298880714582850e+01
3.738490351278544210e+01
3.738681507254097625e+01
3.738872343409692434e+01
3.739062854445402451e+01
3.739253034972370671e+01
3.739442879487868510e+01
3.739632382352395723e+01
3.739821537773708116e+01
3.740010339797554195e+01
3.740198782305728287e+01
3.740386859024540911e+01
3.740574563543911779e+01
3.740761889342110180e+01
3.740948829809423160e+01
3.741135378267252776e+01
3.741321527983797068e+01
3.741507272186228761e+01
3.741692604066834349e+01
3.741877516785548607e+01
3.742062003474244136e+01
3.742246057243358592e+01
3.742429671189109541e+01
3.742612838401195319e+01
3.742795551970689871e+01
3.742977804996869651e+01
3.743159590591018571e+01
3.743340901875658489e+01
3.743521731981538636e+01
3.743702074046765205e+01
3.743881921218568465e+01
3.744061266655943143e+01
3.744240103534238528e+01
3.744418425053547850e+01
3.744596224448560662e+01
3.744773494994616669e+01
3.744950230009182945e+01
3.745126422854207249e+01
3.745302066941881236e+01
3.745477155740989872e+01
3.745651682783750402e+01
3.745825641674593953e+01
3.745999026097498330e+01
3.746171829817463816e+01
3.746344046676838957e+01
3.746515670589689506e+01
3.746686695536564571e+01
3.746857115561889628e+01
3.747026924775066448e+01
3.747196117355075984e+01
3.747364687558492591e+01
3.747532629728573284e+01
3.747699938301617095e+01
3.747866607808656170e+01
3.748032632871584013e+01
3.748198008194719222e+01
3.748362728555679269e+01
3.748526788798501030e+01
3.748690183828023237e+01
3.748852908602425771e+01
3.749014958122646135e+01
3.749176327420830290e+01
3.749337011549459220e+01
3.749497005567849328e+01
3.749656304522910233e+01
3.749814903435351710e+01
3.749972797310348227e+01
3.750129981169727245e+01
3.750286450081922140e+01
3.750442199176435309e+01
3.750597223646808942e+01
3.750751518749115831e+01
3.750905079800353548e+01
3.751057902178205694e+01
3.751209981320995723e+01
3.751361312727252795e+01
3.751511891955478717e+01
3.751661714624493271e+01
3.751810776415246806e+01
3.751959073073313533e+01
3.752106600408560411e+01
3.752253354291021736e+01
3.752399330647357090e+01
3.752544525461984648e+01
3.752688934780752561e+01
3.752832554712951207e+01
3.752975381432743518e+01
3.753117411183229990e+01
3.753258640282263769e+01
3.753399065127683087e+01
3.753538682200890975e+01
3.753677488067906154e+01
3.753815479379431963e+01
3.753952652872787610e+01
3.754089005375586652e+01
3.754224533809811248e+01
3.754359235195882150e+01
3.754493106656251911e+01
3.754626145416651894e+01
3.754758348803743218e+01
3.754889714242082732e+01
3.755020239254891834e+01
3.755149921467356933e+01
3.755278758604577405e+01
3.755406748479966694e+01
3.755533888981997137e+01
3.755660178068642097e+01
3.755785613767081799e+01
3.755910194172436434e+01
3.756033917447663839e+01
3.756156781828433822e+01
3.756278785625467975e+01
3.756399927213731615e+01
3.756520205014510339e+01
3.756639617486848692e+01
3.756758163132425210e+01
3.756875840504523723e+01
3.756992648213500274e+01
3.757108584928641193e+01
3.757223649379055530e+01
3.757337840356903769e+01
3.757451156726666852e+01
3.757563597436850245e+01
3.757675161522927709e+01
3.757785848097910986e+01
3.757895656338342860e+01
3.758004585472240677e+01
3.758112634769866389e+01
3.758219803537809867e+01
3.758326091117456258e+01
3.758431496887936873e+01
3.758536020271515099e+01
3.758639660735954635e+01
3.758742417790655566e+01
3.758844290982109015e+01
3.758945279895880276e+01
3.759045384163755443e+01
3.759144603472253721e+01
3.759242937574356347e+01
3.759340386302500292e+01
3.759436949574661924e+01
3.759532627391767079e+01
3.759627419830042783e+01
3.759721327029761540e+01
3.759814349181748128e+01
3.759906486514668700e+01
3.759997739288358076e+01
3.760088107799520429e+01
3.760177592399025315e+01
3.760266193509883692e+01
3.760353911635877466e+01
3.760440747360345171e+01
3.760526701340595679e+01
3.760611774303777111e+01
3.760695967047423238e+01
3.760779280443218653e+01
3.760861715438912967e+01
3.760943273053905500e+01
3.761023954369665034e+01
3.761103760522595252e+01
3.761182692704973363e+01
3.761260752170382915e+01
3.761337940236413857e+01
3.761414258282398748e+01
3.761489707744712518e+01
3.761564290111591191e+01
3.761638006916485466e+01
3.761710859729956979e+01
3.761782850152061997e+01
3.761853979804544679e+01
3.761924250322833529e+01
3.761993663354272854e+01
3.762062220566881621e+01
3.762129923662976694e+01
3.762196774390561416e+01
3.762262774551208366e+01
3.762327926006383194e+01
3.762392230683187222e+01
3.762455690577566259e+01
3.762518307752752378e+01
3.762580084334097563e+01
3.762641022502741350e+01
3.762701124487431059e+01
3.762760392552053190e+01
3.762818828979274599e+01
3.762876436056910734e+01
3.762933216077442466e+01
3.762989171351370032e+01
3.763044304221249803e+01
3.763098617066766849e+01
3.763152112303190933e+01
3.763204792377492680e+01
3.763256659764265066e+01
3.763307716965543648e+01
3.763357966516475273e+01
3.763407410991275981e+01
3.763456053003056212e+01
3.763503895198384441e+01
3.763550940253609411e+01
3.763597190877219845e+01
3.763642649815323438e+01
3.763687319856152413e+01
3.763731203832136174e+01
3.763774304620125122e+01
3.763816625140835015e+01
3.763858168356244960e+01
3.763898937265149414e+01
3.763938934900561151e+01
3.763978164329257226e+01
3.764016628649768847e+01
3.764054330986476060e+01
3.764091274482534288e+01
3.764127462299326510e+01
3.764162897624687787e+01
3.764197583682102533e+01
3.764231523734738971e+01
3.764264721084813203e+01
3.764297179070417343e+01
3.764328901062643240e+01
3.764359890464557168e+01
3.764390150708716476e+01
3.764419685250106795e+01
3.764448497557619078e+01
3.764476591108649473e+01
3.764503969387979510e+01
3.764530635891338051e+01
3.764556594133248524e+01
3.764581847655266955e+01
3.764606400031298250e+01
3.764630254869702952e+01
3.764653415807899250e+01
3.764675886495084711e+01
3.764697670574858535e+01
3.764718771687430632e+01
3.764739193490725455e+01
3.764758939681192373e+01
3.764778014003515949e+01
3.764796420251463616e+01
3.764814162263178332e+01
3.764831243915109127e+01
3.764847669119648543e+01
3.764863441825689705e+01
3.764878566018501971e+01
3.764893045717176534e+01
3.764906884966610789e+01
3.764920087824923911e+01
3.764932658352718420e+01
3.764944600602441938e+01
3.764955918603853746e+01
3.764966616353873263e+01
3.764976697815884421e+01
3.764986166921470812e+01
3.764995027572054198e+01
3.765003283643459753e+01
3.765010938989409794e+01
3.765017997436834207e+01
3.765024462773681080e+01
3.765030338734587900e+01
3.765035628986552041e+01
3.765040337115089386e+01
3.765044466613409924e+01
3.765048020876864143e+01
3.765051003201763535e+01
3.765053416785962526e+01
3.765055264728947293e+01
3.765056550030959670e+01
3.765057275592891273e+01
3.765057444218528815e+01
3.765057058617955477e+01
3.765056121409797640e+01
3.765054635121318682e+01
3.765052602186667485e+01
3.765050024944445539e+01
3.765046905636153696e+01
3.765043246405510757e+01
3.765039049297195106e+01
3.765034316254511282e+01
3.765029049116765236e+01
3.765023249616839252e+01
3.765016919379055338e+01
3.765010059917723595e+01
3.765002672636273928e+01
3.764994758825710619e+01
3.764986319661406355e+01
3.764977356198345149e+01
3.764967869365191433e+01
3.764957859958751385e+01
3.764947328640772639e+01
3.764936275936012322e+01
3.764924702228747577e+01
3.764912607757143093e+01
3.764899992607033141e+01
3.764886856706485929e+01
3.764873199821929006e+01
3.764859021557679597e+01
3.764844321360740054e+01
3.764829098528516482e+01
3.764813352214393660e+01
3.764797081429413339e+01
3.764780285042105135e+01
3.764762961778317418e+01
3.764745110220658120e+01
3.764726728806186173e+01
3.764707815822148973e+01
3.764688369400852253e+01
3.764668387514913661e+01
3.764647867974274931e+01
3.764626808426037030e+01
3.764605206356345946e+01
3.764583059092175432e+01
3.764560363802140586e+01
3.764537117497020802e+01
3.764513317030378659e+01
3.764488959098499521e+01
3.764464040238188147e+01
3.764438556822420878e+01
3.764412505058147218e+01
3.764385880991685696e+01
3.764358680519089972e+01
3.764330899391936924e+01
3.764302533214545576e+01
3.764273577436323137e+01
3.764244027344117427e+01
3.764213878059820928e+01
3.764183124547435710e+01
3.764151761626268922e+01
3.764119783978676281e+01
3.764087186145335551e+01
3.764053962521111174e+01
3.764020107369715618e+01
3.763985614850254535e+01
3.763950479037155361e+01
3.763914693932295563e+01
3.763878253474997848e+01
3.763841151548997743e+01
3.763803381987763430e+01
3.763764938581859099e+01
3.763725815086501569e+01
3.763686005225618203e+01
3.763645502692781264e+01
3.763604301151661247e+01
3.763562394238525144e+01
3.763519775569314163e+01
3.763476438750910802e+01
3.763432377391725936e+01
3.763387585107901856e+01
3.763342055525819063e+01
3.763295782284014734e+01
3.763248759038710745e+01
3.763200979474207486e+01
3.763152437313773646e+01
3.763103126326341652e+01
3.763053040329411658e+01
3.763002173190292865e+01
3.762950518824722934e+01
3.762898071192468308e+01
3.762844824293991053e+01
3.762790772171703679e+01
3.762735908913652594e+01
3.762680228654578940e+01
3.762623725572790079e+01
3.762566393886736194e+01
3.762508227855296639e+01
3.762449221780986619e+01
3.762389370013648460e+01
3.762328666954053347e+01
3.762267107055260595e+01
3.762204684818230049e+01
3.762141394785100346e+01
3.762077231539677058e+01
3.762012189716780597e+01
3.761946264011994856e+01
3.761879449186443480e+01
3.761811740067767573e+01
3.761743131548868746e+01
3.761673618586256396e+01
3.761603196200938726e+01
3.761531859482523998e+01
3.761459603594978063e+01
3.761386423781802080e+01
3.761312315368483894e+01
3.761237273762318978e+01
3.761161294451062531e+01
3.761084373002272230e+01
3.761006505064786154e+01
3.760927686369624467e+01
3.760847912726114117e+01
3.760767180014514111e+01
3.760685484180002192e+01
3.760602821229974069e+01
3.760519187231542304e+01
3.760434578305136455e+01
3.760348990617430331e+01
3.760262420382247228e+01
3.760174863869269046e+01
3.760086317410989665e+01
3.759996777402458434e+01
3.759906240295090640e+01
3.759814702587841850e+01
3.759722160818390790e+01
3.759628611553734601e+01
3.759534051379615249e+01
3.759438476894141701e+01
3.759341884711835746e+01
3.759244271475562016e+01
3.759145633869929526e+01
3.759045968634983836e+01
3.758945272578146302e+01
3.758843542578852492e+01
3.758740775588609750e+01
3.758636968634858277e+01
3.758532118827754687e+01
3.758426223363449736e+01
3.758319279524449286e+01
3.758211284681629394e+01
3.758102236297323628e+01
3.757992131926467039e+01
3.757880969216569866e+01
3.757768745905845975e+01
3.757655459815784127e+01
3.757541108842075062e+01
3.757425690952346287e+01
3.757309204190826080e+01
3.757191646684949404e+01
3.757073016651580133e+01
3.756953312400309386e+01
3.756832532331015528e+01
3.756710674927809634e+01
3.756587738753579941e+01
3.756463722444917863e+01
3.756338624706857132e+01
3.756212444311798038e+01
3.756085180105159083e+01
3.755956831012586150e+01
3.755827396043464717e+01
3.755696874291702869e+01
3.755565264936711856e+01
3.755432567245169651e+01
3.755298780572686468e+01
3.755163904364986394e+01
3.755027938158406897e+01
3.754890881578842254e+01
3.754752734339326992e+01
3.754613496239080206e+01
3.754473167166835879e+01
3.754331747106908779e+01
3.754189236143209030e+01
3.754045634458098135e+01
3.753900942325892487e+01
3.753755160104805810e+01
3.753608288233278500e+01
3.753460327230692428e+01
3.753311277697207515e+01
3.753161140312730026e+01
3.753009915840356570e+01
3.752857605134303753e+01
3.752704209145404946e+01
3.752549728920179462e+01
3.752394165596881237e+01
3.752237520403694759e+01
3.752079794661217704e+01
3.751920989788745686e+01
3.751761107311821775e+01
3.751600148867064632e+01
3.751438116202609763e+01
3.751275011177681051e+01
3.751110835765278040e+01
3.750945592056617528e+01
3.750779282262853087e+01
3.750611908712503606e+01
3.750443473847234799e+01
3.750273980217638581e+01
3.750103430475605393e+01
3.749931827360659042e+01
3.749759173685220048e+01
3.749585472325521351e+01
3.749410726219152679e+01
3.749234938367275305e+01
3.749058111840452057e+01
3.748880249786222407e+01
3.748701355434544524e+01
3.748521432098555550e+01
3.748340483172710691e+01
3.748158512134425990e+01
3.747975522554101246e+01
3.747791518106996023e+01
3.747606502574975451e+01
3.747420479839004770e+01
3.747233453871547937e+01
3.747045428731791361e+01
3.746856408561745155e+01
3.746666397582642105e+01
3.746475400092895569e+01
3.746283420467319303e+01
3.746090463155481842e+01
3.745896532679567770e+01
3.745701633636532080e+01
3.745505770707553950e+01
3.745308948668476035e+01
3.745111172393224308e+01
3.744912446852556087e+01
3.744712777113007718e+01
3.744512168334181013e+01
3.744310625761943356e+01
3.744108154717541481e+01
3.743904760583300373e+01
3.743700448790571755e+01
3.743495224818195766e+01
3.743289094201979594e+01
3.743082062549333955e+01
3.742874135554598070e+01
3.742665319010951919e+01
3.742455618815612439e+01
3.742245040971229741e+01
3.742033591590888619e+01
3.741821276909154648e+01
3.741608103292142573e+01
3.741394077238722815e+01
3.741179205373552463e+01
3.740963494436299186e+01
3.740746951267367137e+01
3.740529582789723406e+01
3.740311395988393173e+01
3.740092397888584941e+01
3.739872595539182498e+01
3.739651996014055158e+01
3.739430606430718029e+01
3.739208433970546253e+01
3.738985485889833171e+01
3.738761769523648582e+01
3.738537292288614111e+01
3.738312061687933863e+01
3.738086085317974039e+01
3.737859370873878362e+01
3.737631926153520112e+01
3.737403759061659514e+01
3.737174877613508528e+01
3.736945289933820646e+01
3.736715004250917360e+01
3.736484028889936582e+01
3.736252372268997846e+01
3.736020042897130367e+01
3.735787049372686397e+01
3.735553400385651202e+01
3.735319104724434425e+01
3.735084171281395982e+01
3.734848609054381541e+01
3.734612427147382618e+01
3.734375634772457886e+01
3.734138241250786905e+01
3.733900256009825114e+01
3.733661688577338111e+01
3.733422548576125877e+01
3.733182845721569265e+01
3.732942589821223578e+01
3.732701790774314077e+01
3.732460458569190109e+01
3.732218603279508784e+01
3.731976235060814417e+01
3.731733364146142407e+01
3.731490000839967536e+01
3.731246155513516527e+01
3.731001838604078102e+01
3.730757060616353016e+01
3.730511832120986071e+01
3.730266163749982411e+01
3.730020066193870321e+01
3.729773550201405641e+01
3.729526626575863446e+01
3.729279306164218610e+01
3.729031599845064449e+01
3.728783518523930951e+01
3.728535073136301747e+01
3.728286274652189292e+01
3.728037134078664394e+01
3.727787662460439577e+01
3.727537870877431914e+01
3.727287770437457937e+01
3.727037372266978821e+01
3.726786687505545359e+01
3.726535727304145240e+01
3.726284502822380063e+01
3.726033025221937578e+01
3.725781305659191389e+01
3.725529355280334443e+01
3.725277185219529485e+01
3.725024806598619875e+01
3.724772230525768180e+01
3.724519468090593222e+01
3.724266530355791360e+01
3.724013428346430032e+01
3.723760173037383225e+01
3.723506775339701846e+01
3.723253246086978407e+01
3.722999596022495439e+01
3.722745835788613533e+01
3.722491975920738838e+01
3.722238026846937231e+01
3.721983998890668488e+01
3.721729902272642931e+01
3.721475747110533661e+01
3.721221543417624389e+01
3.720967301101641311e+01
3.720713029964959873e+01
3.720458739707139273e+01
3.720204439929899820e+01
3.719950140142874062e+01
3.719695849768000073e+01
3.719441578142059512e+01
3.719187334517852861e+01
3.718933128064401927e+01
3.718678967866664209e+01
3.718424862924952379e+01
3.718170822153581412e+01
3.717916854378046310e+01
3.717662968330353834e+01
3.717409172642794601e+01
3.717155475841228451e+01
3.716901886338659722e+01
3.716648412428914128e+01
3.716395062280405881e+01
3.716141843931276156e+01
3.715888765287449758e+01
3.715635834123514769e+01
3.715383058084579915e+01
3.715130444687348898e+01
3.714878001319932821e+01
3.714625735241850890e+01
3.714373653587153967e+01
3.714121763370757634e+01
3.713870071493804659e+01
3.713618584745030660e+01
3.713367309799014748e+01
3.713116253213745921e+01
3.712865421430137758e+01
3.712614820775243629e+01
3.712364457467715084e+01
3.712114337621598992e+01
3.711864467246730470e+01
3.711614852247173246e+01
3.711365498419172582e+01
3.711116411449016539e+01
3.710867596911273125e+01
3.710619060267629976e+01
3.710370806865616800e+01
3.710122841937052129e+01
3.709875170596866667e+01
3.709627797842225050e+01
3.709380728550672046e+01
3.709133967477399807e+01
3.708887519256121124e+01
3.708641388409292006e+01
3.708395579366028727e+01
3.708150096478664892e+01
3.707904944031798067e+01
3.707660126244722676e+01
3.707415647270740777e+01
3.707171511197832814e+01
3.706927722056055075e+01
3.706684283833308768e+01
3.706441200494715815e+01
3.706198475999364916e+01
3.705956114312376570e+01
3.705714119414051311e+01
3.705472495307648728e+01
3.705231246025219605e+01
3.704990375631685851e+01
3.704749888229694932e+01
3.704509787964770595e+01
3.704270079026854745e+01
3.704030765648343504e+01
3.703791852101834792e+01
3.703553342698742767e+01
3.703315241788893530e+01
3.703077553760215324e+01
3.702840283036965019e+01
3.702603434078443456e+01
3.702367011381605266e+01
3.702131019485716479e+01
3.701895462973985218e+01
3.701660346468478480e+01
3.701425674614608141e+01
3.701191452056853848e+01
3.700957683421108158e+01
3.700724373319814475e+01
3.700491526376003293e+01
3.700259147248493719e+01
3.700027240648524440e+01
3.699795811348882069e+01
3.699564864186017843e+01
3.699334404056023118e+01
3.699104435911482369e+01
3.698874964763295736e+01
3.698645995682692700e+01
3.698417533799444357e+01
3.698189584298130939e+01
3.697962152417231607e+01
3.697735243453958986e+01
3.697508862769585392e+01
3.697283015786577920e+01
3.697057707977167951e+01
3.696832944850061153e+01
3.696608731939980430e+01
3.696385074800805626e+01
3.696161979002417297e+01
3.695939450130460102e+01
3.695717493786692387e+01
3.695496115588354513e+01
3.695275321166376159e+01
3.695055116161822895e+01
3.694835506219713750e+01
3.694616496980891185e+01
3.694398094074178829e+01
3.694180303109710195e+01
3.693963129671379875e+01
3.693746579305980049e+01
3.693530657509510462e+01
3.693315369714268570e+01
3.693100721280227816e+01
3.692886717491082749e+01
3.692673363553220867e+01
3.692460664596544717e+01
3.692248625676752027e+01
3.692037251778003792e+01
3.691826547815009008e+01
3.691616518634717892e+01
3.691407169017722367e+01
3.691198503678581488e+01
3.690990527265371668e+01
3.690783244360106607e+01
3.690576659480425548e+01
3.690370777081085407e+01
3.690165601553894703e+01
3.689961137225888166e+01
3.689757388356533596e+01
3.689554359135222228e+01
3.689352053679833432e+01
3.689150476036176940e+01
3.688949630178207428e+01
3.688749520009314153e+01
3.688550149363705088e+01
3.688351522006038152e+01
3.688153641629197921e+01
3.687956511851586328e+01
3.687760136214995299e+01
3.687564518183550888e+01
3.687369661143142707e+01
3.687175568400265746e+01
3.686982243180281671e+01
3.686789688626061690e+01
3.686597907797901996e+01
3.686406903674502900e+01
3.686216679154144771e+01
3.686027237056642036e+01
3.685838580127440167e+01
3.685650711042195837e+01
3.685463632408336565e+01
3.685277346763503203e+01
3.685091856573991009e+01
3.684907164234748222e+01
3.684723272069664546e+01
3.684540182330591307e+01
3.684357897194026066e+01
3.684176418755259164e+01
3.683995749022524535e+01
3.683815889913868347e+01
3.683636843255974469e+01
3.683458610782977871e+01
3.683281194134605840e+01
3.683104594853627844e+01
3.682928814383212313e+01
3.682753854064569055e+01
3.682579715134495757e+01
3.682406398722537233e+01
3.682233905847842692e+01
3.682062237416516126e+01
3.681891394220813396e+01
3.681721376940286206e+01
3.681552186143510852e+01
3.681383822289908636e+01
3.681216285732252658e+01
3.681049576719755123e+01
3.680883695400957123e+01
3.680718641825938420e+01
3.680554415947839431e+01
3.680391017624290129e+01
3.680228446620588301e+01
3.680066702616770868e+01
3.679905785217220426e+01
3.679745693958027175e+01
3.679586428309676194e+01
3.679427987677490108e+01
3.679270371403438133e+01
3.679113578768816240e+01
3.678957608994102912e+01
3.678802461235699184e+01
3.678648134583151830e+01
3.678494628059098659e+01
3.678341940621267270e+01
3.678190071164854658e+01
3.678039018524619763e+01
3.677888781476867308e+01
3.677739358741246178e+01
3.677590748982930080e+01
3.677442950816261913e+01
3.677295962808196350e+01
3.677149783478144940e+01
3.677004411293817299e+01
3.676859844665998622e+01
3.676716081944778125e+01
3.676573121417829526e+01
3.676430961310535395e+01
3.676289599787476448e+01
3.676149034954796946e+01
3.676009264863250081e+01
3.675870287511241941e+01
3.675732100847093164e+01
3.675594702770622746e+01
3.675458091134819938e+01
3.675322263748011409e+01
3.675187218375240406e+01
3.675052952736822220e+01
3.674919464503490474e+01
3.674786751289691011e+01
3.674654810647845693e+01
3.674523640065248031e+01
3.674393236962907139e+01
3.674263598695553412e+01
3.674134722552235388e+01
3.674006605755934629e+01
3.673879245461722576e+01
3.673752638754815081e+01
3.673626782649507305e+01
3.673501674088883107e+01
3.673377309944815039e+01
3.673253687017771796e+01
3.673130802036619968e+01
3.673008651659012713e+01
3.672887232471192931e+01
3.672766540984967776e+01
3.672646573633027600e+01
3.672527326766697797e+01
3.672408796658270802e+01
3.672290979507229736e+01
3.672173871447156301e+01
3.672057468548929648e+01
3.671941766819649189e+01
3.671826762200377203e+01
3.671712450564564989e+01
3.671598827717357238e+01
3.671485889395962232e+01
3.671373631270611071e+01
3.671262048945220613e+01
3.671151137957663479e+01
3.671040893779946401e+01
3.670931311818377196e+01
3.670822387413741694e+01
3.670714115841764169e+01
3.670606492314738745e+01
3.670499511984912289e+01
3.670393169949036150e+01
3.670287461253112582e+01
3.670182380896550711e+01
3.670077923835354738e+01
3.669974084985109641e+01
3.669870859224653259e+01
3.669768241399744113e+01
3.669666226325463043e+01
3.669564808786663690e+01
3.669463983537060869e+01
3.669363745299583002e+01
3.669264088770525234e+01
3.669165008627398805e+01
3.669066499539022885e+01
3.668968556177564011e+01
3.668871173233493721e+01
3.668774345432888140e+01
3.668678067554137812e+01
3.668582334442029946e+01
3.668487141019488718e+01
3.668392482297269197e+01
3.668298353381416632e+01
3.668204749479934179e+01
3.668111665909949437e+01
3.668019098104965536e+01
3.667927041622802165e+01
3.667835492155479926e+01
3.667744445540859743e+01
3.667653897772524374e+01
3.667563845002747058e+01
3.667474283539320368e+01
3.667385209842967697e+01
3.667296620528362183e+01
3.667208512365819928e+01
3.667120882280857330e+01
3.667033727352086458e+01
3.666947044810672196e+01
3.666860832044847029e+01
3.666775086609498402e+01
3.666689806236724536e+01
3.666604988843663904e+01
3.666520632537596924e+01
3.666436735619778631e+01
3.666353296588101074e+01
3.666270314138007791e+01
3.666187787162230194e+01
3.666105714751991229e+01
3.666024096202100679e+01
3.665942931018582840e+01
3.665862218923967220e+01
3.665781959855954142e+01
3.665702153959748699e+01
3.665622801577370637e+01
3.665543903234826217e+01
3.665465459626644673e+01
3.665387471601194136e+01
3.665309940151453816e+01
3.665232866411139412e+01
3.665156251653463215e+01
3.665080097293201788e+01
3.665004404895385903e+01
3.664929176189642135e+01
3.664854413083851625e+01
3.664780117671863024e+01
3.664706292233611862e+01
3.664632939228707187e+01
3.664560061287296122e+01
3.664487661201992097e+01
3.664415741921171588e+01
3.664344306541973850e+01
3.664273358305058537e+01
3.664202900596175994e+01
3.664132936953489406e+01
3.664063471073426115e+01
3.663994506811571483e+01
3.663926048178879569e+01
3.663858099333106821e+01
3.663790664567331845e+01
3.663723748299246807e+01
3.663657355064444943e+01
3.663591489515841459e+01
3.663526156427283809e+01
3.663461360695215063e+01
3.663397107334388636e+01
3.663333401468621275e+01
3.663270248319203404e+01
3.663207653193111923e+01
3.663145621473077540e+01
3.663084158610764973e+01
3.663023270122975106e+01
3.662962961590180555e+01
3.662903238655646021e+01
3.662844107023673246e+01
3.662785572458427907e+01
3.662727640783931804e+01
3.662670317881915594e+01
3.662613609685578098e+01
3.662557522171393742e+01
3.662502061351310090e+01
3.662447233264753521e+01
3.662393043967510664e+01
3.662339499516424723e+01
3.662286605953601537e+01
3.662234369294997549e+01
3.662182795524658019e+01
3.662131890592853267e+01
3.662081660416542661e+01
3.662032110881505531e+01
3.661983247845338951e+01
3.661935077141040296e+01
3.661887604582152278e+01
3.661840835970043173e+01
3.661794777101679443e+01
3.661749433775051443e+01
3.661704811790127678e+01
3.661660916944926214e+01
3.661617755029062238e+01
3.661575331818066559e+01
3.661533653069167116e+01
3.661492724516876507e+01
3.661452551868183036e+01
3.661413140801348476e+01
3.661374496973573400e+01
3.661336626035468100e+01
3.661299533642905857e+01
3.661263225460584891e+01
3.661227707158970190e+01
3.661192984408019413e+01
3.661159062870222414e+01
3.661125948194130331e+01
3.661093646007785196e+01
3.661062161911659985e+01
3.661031501472571392e+01
3.661001670219636850e+01
3.660972673641403219e+01
3.660944517183845903e+01
3.660917206250315559e+01
3.660890746202752410e+01
3.660865142361726754e+01
3.660840400004536122e+01
3.660816524361636937e+01
3.660793520612300256e+01
3.660771393883774749e+01
3.660750149257846431e+01
3.660729791782562614e+01
3.660710326484150556e+01
3.660691758375718763e+01
3.660674092460401141e+01
3.660657333728565277e+01
3.660641487152381757e+01
3.660626557681860049e+01
3.660612550243311603e+01
3.660599469739374001e+01
3.660587321050007148e+01
3.660576109033875980e+01
3.660565838529345939e+01
3.660556514354303204e+01
3.660548141304321490e+01
3.660540724149754510e+01
3.660534267633312311e+01
3.660528776468905221e+01
3.660524255340872202e+01
3.660520708902239306e+01
3.660518141771513001e+01
3.660516558529756992e+01
3.660515963721188371e+01
3.660516361857363421e+01
3.660517757421465745e+01
3.660520154870742005e+01
3.660523558637668629e+01
3.660527973130241008e+01
3.660533402731185504e+01
3.660539851794936084e+01
3.660547324639637878e+01
3.660555825534373753e+01
3.660565358687370008e+01
3.660575928239843080e+01
3.660587538265013308e+01
3.660600192769935290e+01
3.660613895698696751e+01
3.660628650936491368e+01
3.660644462313297964e+01
3.660661333605122536e+01
3.660679268532805253e+01
3.660698270759949224e+01
3.660718343890165727e+01
3.660739491462951634e+01
3.660761716948982780e+01
3.660785023747451561e+01
3.660809415187494409e+01
3.660834894531951988e+01
3.660861464979281266e+01
3.660889129661955366e+01
3.660917891643406108e+01
3.660947753916222069e+01
3.660978719402012871e+01
3.661010790950771820e+01
3.661043971338006742e+01
3.661078263260110077e+01
3.661113669329144926e+01
3.661150192067628950e+01
3.661187833905362510e+01
3.661226597181416764e+01
3.661266484149821565e+01
3.661307496983402388e+01
3.661349637774010546e+01
3.661392908532166501e+01
3.661437311188065280e+01
3.661482847593359224e+01
3.661529519522943588e+01
3.661577328676243326e+01
3.661626276678704528e+01
3.661676365086195517e+01
3.661727595393119117e+01
3.661779969040802740e+01
3.661833487423269418e+01
3.661888151890561005e+01
3.661943963750702835e+01
3.662000924270784452e+01
3.662059034677558600e+01
3.662118296158420350e+01
3.662178709863560044e+01
3.662240276909081871e+01
3.662302998380128827e+01
3.662366875333119509e+01
3.662431908797311308e+01
3.662498099777035776e+01
3.662565449255201599e+01
3.662633958195821293e+01
3.662703627542251184e+01
3.662774458211142559e+01
3.662846451085903254e+01
3.662919607012692325e+01
3.662993926798942113e+01
3.663069411213830051e+01
3.663146060990500530e+01
3.663223876829356129e+01
3.663302859401932210e+01
3.663383009354867426e+01
3.663464327312701840e+01
3.663546813878725317e+01
3.663630469634075126e+01
3.663715295135557426e+01
3.663801290912209652e+01
3.663888457459123771e+01
3.663976795228645500e+01
3.664066304623226245e+01
3.664156985992848092e+01
3.664248839634883126e+01
3.664341865794052211e+01
3.664436064662865533e+01
3.664531436382937102e+01
3.664627981046300675e+01
3.664725698696235412e+01
3.664824589327699300e+01
3.664924652886786305e+01
3.665025889268429893e+01
3.665128298312841082e+01
3.665231879801935833e+01
3.665336633456742277e+01
3.665442558936558726e+01
3.665549655839762266e+01
3.665657923704718968e+01
3.665767362009514585e+01
3.665877970171302280e+01
3.665989747547202171e+01
3.666102693438316606e+01
3.666216807097546138e+01
3.666332087739640855e+01
3.666448534549690663e+01
3.666566146687914340e+01
3.666684923291524001e+01
3.666804863474055054e+01
3.666925966321964836e+01
3.667048230890453198e+01
3.667171656200741126e+01
3.667296241238030063e+01
3.667421984948579450e+01
3.667548886236202321e+01
3.667676943958952052e+01
3.667806156926392447e+01
3.667936523897741807e+01
3.668068043580307602e+01
3.668200714626946279e+01
3.668334535633031379e+01
3.668469505135664832e+01
3.668605621617069801e+01
3.668742883511298913e+01
3.668881289211228136e+01
3.669020837073119168e+01
3.669161525418252268e+01
3.669303352532513429e+01
3.669446316665204222e+01
3.669590416028329116e+01
3.669735648796375926e+01
3.669882013106091279e+01
3.670029507056835882e+01
3.670178128711818744e+01
3.670327876099135977e+01
3.670478747211438986e+01
3.670630740003950621e+01
3.670783852391692648e+01
3.670938082247111112e+01
3.671093427397788389e+01
3.671249885623574727e+01
3.671407454654202240e+01
3.671566132168846508e+01
3.671725915797438233e+01
3.671886803123145882e+01
3.672048791686216873e+01
3.672211878987620537e+01
3.672376062488313408e+01
3.672541339601968247e+01
3.672707707684783429e+01
3.672875164028211259e+01
3.673043705856363061e+01
3.673213330325354775e+01
3.673384034522169372e+01
3.673555815463419094e+01
3.673728670095175630e+01
3.673902595293287021e+01
3.674077587861843597e+01
3.674253644527450291e+01
3.674430761930283751e+01
3.674608936616122890e+01
3.674788165031495879e+01
3.674968443521552075e+01
3.675149768330852140e+01
3.675332135606790018e+01
3.675515541404764264e+01
3.675699981694712903e+01
3.675885452367550243e+01
3.676071949240332515e+01
3.676259468060838742e+01
3.676448004511277645e+01
3.676637554209841596e+01
3.676828112710708751e+01
3.677019675504232765e+01
3.677212238017717283e+01
3.677405795615801054e+01
3.677600343600055766e+01
3.677795877209470632e+01
3.677992391624721336e+01
3.678189881976342690e+01
3.678388343353189782e+01
3.678587770809824065e+01
3.678788159376919964e+01
3.678989504078877815e+01
3.679191799956207376e+01
3.679395042085865697e+01
3.679599225595652001e+01
3.679804345672167898e+01
3.680010397563132329e+01
3.680217376577252253e+01
3.680425278084783258e+01
3.680634097518177583e+01
3.680843830371567549e+01
3.681054472200244021e+01
3.681266018621597169e+01
3.681478465317415782e+01
3.681691808037942337e+01
3.681906042608849106e+01
3.682121164939474767e+01
3.682337171028532907e+01
3.682554056966598921e+01
3.682771818938114450e+01
3.682990453223190741e+01
3.683209956195611312e+01
3.683430324316260140e+01
3.683651554125861338e+01
3.683873642238207680e+01
3.684096585330464535e+01
3.684320380129963723e+01
3.684545023402169051e+01
3.684770511943020921e+01
3.684996842571960940e+01
3.685224012119115855e+01
3.685452017409939884e+01
3.685680855262132383e+01
3.685910522500774533e+01
3.686141015979010405e+01
3.686372332590744350e+01
3.686604469272616313e+01
3.686837422996436686e+01
3.687071190753820815e+01
3.687305769538001243e+01
3.687541156327974079e+01
3.687777348076541983e+01
3.688014341700886689e+01
3.688252134073243127e+01
3.688490722010783429e+01
3.688730102266386268e+01
3.688970271522029520e+01
3.689211226385202025e+01
3.689452963387751083e+01
3.689695478986090649e+01
3.689938769561992871e+01
3.690182831423575038e+01
3.690427660806186339e+01
3.690673253873294613e+01
3.690919606718051682e+01
3.691166715366711060e+01
3.691414575784278895e+01
3.691663183881635746e+01
3.691912535523915295e+01
3.692162626539465009e+01
3.692413452726573553e+01
3.692665009855706160e+01
3.692917293667168366e+01
3.693170299864967632e+01
3.693424024109012294e+01
3.693678462008878682e+01
3.693933609119904560e+01
3.694189460938702041e+01
3.694446012896041509e+01
3.694703260349533025e+01
3.694961198579332518e+01
3.695219822786668118e+01
3.695479128092852505e+01
3.695739109535767142e+01
3.695999762061271099e+01
3.696261080511204256e+01
3.696523059613048190e+01
3.696785693973964726e+01
3.697048978078439063e+01
3.697312906288260592e+01
3.697577472844743340e+01
3.697842671873281972e+01
3.698108497389075922e+01
3.698374943303534934e+01
3.698642003432436809e+01
3.698909671502914165e+01
3.699177941152360205e+01
3.699446805918072556e+01
3.699716259223781378e+01
3.699986294368420658e+01
3.700256904518400347e+01
3.700528082702997779e+01
3.700799821812669421e+01
3.701072114599212171e+01
3.701344953675243943e+01
3.701618331511632931e+01
3.701892240433959103e+01
3.702166672620624155e+01
3.702441620107200748e+01
3.702717074799443964e+01
3.702993028488644711e+01
3.703269472859483358e+01
3.703546399488521246e+01
3.703823799841438102e+01
3.704101665277662647e+01
3.704379987059780888e+01
3.704658756361089189e+01
3.704937964277824847e+01
3.705217601853374987e+01
3.705497660105312008e+01
3.705778130044049590e+01
3.706059002682733450e+01
3.706340269042256352e+01
3.706621920154816507e+01
3.706903947069323380e+01
3.707186340860601348e+01
3.707469092641128583e+01
3.707752193572478916e+01
3.708035634874817532e+01
3.708319407833764814e+01
3.708603503804731361e+01
3.708887914215977588e+01
3.709172630571777773e+01
3.709457644455970637e+01
3.709742947535215052e+01
3.710028531561373910e+01
3.710314388372918870e+01
3.710600509895458288e+01
3.710886888142461260e+01
3.711173515217929264e+01
3.711460383320820711e+01
3.711747484749278669e+01
3.712034811903690468e+01
3.712322357287801822e+01
3.712610113506708132e+01
3.712898073262313403e+01
3.713186229347235212e+01
3.713474574636853021e+01
3.713763102082138801e+01
3.714051804710571503e+01
3.714340675638933931e+01
3.714629708091469951e+01
3.714918895412291278e+01
3.715208231065803091e+01
3.715497708626514139e+01
3.715787321765726148e+01
3.716077064244751682e+01
3.716366929917676742e+01
3.716656912736658569e+01
3.716947006753223803e+01
3.717237206116844561e+01
3.717527505073706351e+01
3.717817897965962715e+01
3.718108379231772886e+01
3.718398943406697299e+01
3.718689585124997876e+01
3.718980299119479582e+01
3.719271080222595316e+01
3.719561923371252021e+01
3.719852823611910964e+01
3.720143776102860045e+01
3.720434776115418174e+01
3.720725819034553439e+01
3.721016900356772084e+01
3.721308015685673354e+01
3.721599160727402023e+01
3.721890331286007125e+01
3.722181523257825830e+01
3.722472732625477221e+01
3.722763955451857498e+01
3.723055187874617644e+01
3.723346426102008877e+01
3.723637666410090930e+01
3.723928905142184220e+01
3.724220138710747108e+01
3.724511363598486469e+01
3.724802576356926664e+01
3.725093773605274095e+01
3.725384952032400321e+01
3.725676108401744102e+01
3.725967239556896970e+01
3.726258342424753067e+01
3.726549414013889105e+01
3.726840451408557442e+01
3.727131451761996317e+01
3.727422412293444154e+01
3.727713330290415428e+01
3.728004203114867465e+01
3.728295028210154527e+01
3.728585803104566310e+01
3.728876525408048082e+01
3.729167192802104580e+01
3.729457803026687657e+01
3.729748353869607769e+01
3.730038843162966344e+01
3.730329268785525443e+01
3.730619628664302923e+01
3.730909920770903199e+01
3.731200143114735823e+01
3.731490293738665542e+01
3.731780370721382667e+01
3.732070372184065832e+01
3.732360296293529700e+01
3.732650141259536269e+01
3.732939905330347585e+01
3.733229586787597754e+01
3.733519183938731345e+01
3.733808695107491360e+01
3.734098118622073770e+01
3.734387452798794271e+01
3.734676695923911893e+01
3.734965846237980003e+01
3.735254901920687587e+01
3.735543861073947625e+01
3.735832721707806314e+01
3.736121481733174932e+01
3.736410138958751048e+01
3.736698691087838853e+01
3.736987135713808073e+01
3.737275470314777692e+01
3.737563692248387071e+01
3.737851798747551868e+01
3.738139786917579244e+01
3.738427653733963041e+01
3.738715396039305716e+01
3.739003010539754257e+01
3.739290493805427928e+01
3.739577842278834652e+01
3.739865052288642744e+01
3.740152120061313212e+01
3.740439041725522884e+01
3.740725813309963144e+01
3.741012430737632855e+01
3.741298889819157125e+01
3.741585186245619354e+01
3.741871315578472235e+01
3.742157273234770543e+01
3.742443054471527830e+01
3.742728654375630271e+01
3.743014067862026195e+01
3.743299289679612940e+01
3.743584314423358705e+01
3.743869136548465804e+01
3.744153750381327939e+01
3.744438150126097753e+01
3.744722329868724131e+01
3.745006283580114115e+01
3.745290005120170207e+01
3.745573488244751559e+01
3.745856726615457433e+01
3.746139713806689286e+01
3.746422443303357852e+01
3.746704908493912711e+01
3.746987102671852909e+01
3.747269019047657679e+01
3.747550650761690605e+01
3.747831990893502052e+01
3.748113032468695849e+01
3.748393768465503939e+01
3.748674191823991464e+01
3.748954295456336183e+01
3.749234072251551453e+01
3.749513515073689973e+01
3.749792616761308750e+01
3.750071370133263571e+01
3.750349767997632000e+01
3.750627803160332974e+01
3.750905468433560941e+01
3.751182756642266014e+01
3.751459660625574344e+01
3.751736173235085658e+01
3.752012287335615071e+01
3.752287995810312538e+01
3.752563291567928871e+01
3.752838167550273596e+01
3.753112616738997787e+01
3.753386632160228231e+01
3.753660206886187467e+01
3.753933334034862668e+01
3.754206006769678083e+01
3.754478218300528169e+01
3.754749961885595155e+01
3.755021230831800239e+01
3.755292018492628614e+01
3.755562318263514499e+01
3.755832123576162473e+01
3.756101427894812161e+01
3.756370224716695816e+01
3.756638507575806329e+01
3.756906270048907004e+01
3.757173505763590526e+01
3.757440208405552795e+01
3.757706371720421146e+01
3.757971989508367727e+01
3.758237055615026634e+01
3.758501563926014200e+01
3.758765508370802877e+01
3.759028882935165683e+01
3.759291681676253916e+01
3.759553898733582145e+01
3.759815528331544243e+01
3.760076564774227847e+01
3.760337002437800891e+01
3.760596835765916524e+01
3.760856059270766139e+01
3.761114667538129197e+01
3.761372655232329265e+01
3.761630017098557488e+01
3.761886747961592903e+01
3.762142842720530922e+01
3.762398296341661563e+01
3.762653103853104852e+01
3.762907260343141758e+01
3.763160760963329921e+01
3.763413600935603398e+01
3.763665775558504123e+01
3.763917280208343641e+01
3.764168110336571260e+01
3.764418261466462923e+01
3.764667729189703493e+01
3.764916509162495828e+01
3.765164597101956190e+01
3.765411988784165231e+01
3.765658680044759166e+01
3.765904666781757015e+01
3.766149944959656892e+01
3.766394510613534408e+01
3.766638359851873474e+01
3.766881488858426508e+01
3.767123893894368081e+01
3.767365571300639004e+01
3.767606517499525154e+01
3.767846728993297489e+01
3.768086202355756598e+01
3.768324934215687705e+01
3.768562921238660124e+01
3.768800160117791620e+01
3.769036647579222432e+01
3.769272380394797040e+01
3.769507355390075531e+01
3.769741569445230311e+01
3.769975019491464963e+01
3.770207702504514913e+01
3.770439615498825248e+01
3.770670755525341633e+01
3.770901119670268287e+01
3.771130705051881904e+01
3.771359508817255346e+01
3.771587528141603940e+01
3.771814760230169838e+01
3.772041202320984610e+01
3.772266851685781575e+01
3.772491705624380387e+01
3.772715761449532579e+01
3.772939016467864093e+01
3.773161467970958682e+01
3.773383113245135689e+01
3.773603949591758067e+01
3.773823974342471388e+01
3.774043184862073730e+01
3.774261578542330398e+01
3.774479152796076420e+01
3.774695905060190171e+01
3.774911832805190670e+01
3.775126933541812946e+01
3.775341204822429830e+01
3.775554644241684343e+01
3.775767249436551509e+01
3.775979018083858563e+01
3.776189947896254751e+01
3.776400036616814049e+01
3.776609282010718971e+01
3.776817681856362441e+01
3.777025233941805027e+01
3.777231936068348261e+01
3.777437786057323166e+01
3.777642781757068491e+01
3.777846921050215911e+01
3.778050201860960300e+01
3.778252622158547780e+01
3.778454179953740066e+01
3.778654873291681326e+01
3.778854700245544507e+01
3.779053658910957836e+01
3.779251747400824968e+01
3.779448963841017672e+01
3.779645306367341817e+01
3.779840773125523157e+01
3.780035362276647959e+01
3.780229072006402191e+01
3.780421900531394641e+01
3.780613846098757591e+01
3.780804906983601654e+01
3.780995081489795950e+01
3.781184367951612302e+01
3.781372764730897984e+01
3.781560270210352570e+01
3.781746882788165465e+01
3.781932600878898398e+01
3.782117422921761118e+01
3.782301347390944102e+01
3.782484372799807204e+01
3.782666497696114760e+01
3.782847720652398493e+01
3.783028040258855640e+01
3.783207455124330920e+01
3.783385963882857084e+01
3.783563565197658107e+01
3.783740257759703951e+01
3.783916040286167259e+01
3.784090911524823042e+01
3.784264870262834535e+01
3.784437915333005975e+01
3.784610045614390117e+01
3.784781260028998418e+01
3.784951557537048217e+01
3.785120937131638641e+01
3.785289397832337954e+01
3.785456938679473637e+01
3.785623558732306293e+01
3.785789257071008507e+01
3.785954032798551339e+01
3.786117885035476860e+01
3.786280812903177662e+01
3.786442815504258874e+01
3.786603891914296582e+01
3.786764041187817043e+01
3.786923262371685439e+01
3.787081554519759408e+01
3.787238916705692304e+01
3.787395348032917752e+01
3.787550847640637386e+01
3.787705414704355178e+01
3.787859048432421361e+01
3.788011748062672979e+01
3.788163512862490023e+01
3.788314342133326562e+01
3.788464235217297471e+01
3.788613191500543564e+01
3.788761210411342972e+01
3.788908291416178997e+01
3.789054434016389195e+01
3.789199637744140858e+01
3.789343902159180999e+01
3.789487226853189128e+01
3.789629611459683645e+01
3.789771055657206489e+01
3.789911559163061838e+01
3.790051121725304029e+01
3.790189743116868470e+01
3.790327423129996731e+01
3.790464161569102686e+01
3.790599958244909828e+01
3.790734812974432799e+01
3.790868725586025079e+01
3.791001695924626347e+01
3.791133723854569837e+01
3.791264809261422641e+01
3.791394952054506007e+01
3.791524152168933171e+01
3.791652409566477644e+01
3.791779724237125038e+01
3.791906096201405774e+01
3.792031525511074364e+01
3.792156012247156127e+01
3.792279556514299799e+01
3.792402158431035986e+01
3.792523818122182178e+01
3.792644535717189314e+01
3.792764311346934392e+01
3.792883145132621081e+01
3.793001037168154710e+01
3.793117987502036925e+01
3.793233996131918673e+01
3.793349063020689016e+01
3.793463188122787244e+01
3.793576371401945835e+01
3.793688612835791218e+01
3.793799912416440634e+01
3.793910270156857223e+01
3.794019686102168976e+01
3.794128160335244360e+01
3.794235692970680418e+01
3.794342284141965393e+01
3.794447933984558574e+01
3.794552642609132675e+01
3.794656410063806362e+01
3.794759236299303495e+01
3.794861121152720784e+01
3.794962064350873732e+01
3.795062065523868711e+01
3.795161124218003579e+01
3.795259239899699111e+01
3.795356411950283615e+01
3.795452639656776483e+01
3.795547922206188218e+01
3.795642258693744253e+01
3.795735648146800401e+01
3.795828089552161799e+01
3.795919581875325122e+01
3.796010124068806846e+01
3.796099715070249658e+01
3.796188353793511538e+01
3.796276039119469203e+01
3.796362769891982225e+01
3.796448544917953427e+01
3.796533362967579706e+01
3.796617222775876854e+01
3.796700123048295694e+01
3.796782062468770391e+01
3.796863039707579190e+01
3.796943053428329051e+01
3.797022102293961865e+01
3.797100184972769910e+01
3.797177300145578727e+01
3.797253446512733177e+01
3.797328622796806030e+01
3.797402827735269426e+01
3.797476060062160741e+01
3.797548318492967212e+01
3.797619601730551864e+01
3.797689908487151200e+01
3.797759237501408336e+01
3.797827587541381433e+01
3.797894957398590776e+01
3.797961345878854900e+01
3.798026751793805289e+01
3.798091173956498778e+01
3.798154611181022489e+01
3.798217062282393641e+01
3.798278526073344352e+01
3.798339001357208389e+01
3.798398486920328310e+01
3.798456981528938314e+01
3.798514483929656649e+01
3.798570992849202099e+01
3.798626506994983032e+01
3.798681025060467675e+01
3.798734545732592949e+01
3.798787067695776187e+01
3.798838589630660323e+01
3.798889110209746178e+01
3.798938628094779801e+01
3.798987141939302603e+01
3.799034650394516888e+01
3.799081152114276705e+01
3.799126645757060317e+01
3.799171129985503370e+01
3.799214603465261320e+01
3.799257064863572708e+01
3.799298512846760900e+01
3.799338946077434542e+01
3.799378363212966292e+01
3.799416762903965861e+01
3.799454143789741067e+01
3.799490504491511444e+01
3.799525843607388254e+01
3.799560159709390206e+01
3.799593451338715511e+01
3.799625716998090041e+01
3.799656955145383108e+01
3.799687164194921252e+01
3.799716342529031010e+01
3.799744488513189111e+01
3.799771600504645619e+01
3.799797676852282535e+01
3.799822715893454017e+01
3.799846715954336673e+01
3.799869675356026022e+01
3.799891592421124642e+01
3.799912465473897782e+01
3.799932292834691339e+01
3.799951072813759367e+01
3.799968803707924536e+01
3.799985483800445962e+01
3.800001111361093820e+01
3.800015684643588543e+01
3.800029201881195462e+01
3.800041661283776051e+01
3.800053061039422886e+01
3.800063399319023461e+01
3.800072674279158491e+01
3.800080884063746112e+01
3.800088026805586594e+01
3.800094100622447968e+01
3.800099103604786421e+01
3.800103033801998720e+01
3.800105889215792132e+01
3.800107667802321032e+01
3.800108367480462590e+01
3.800107986146036865e+01
3.800106521690504024e+01
3.800103972017042508e+01
3.800100335047758904e+01
3.800095608720865670e+01
3.800089790981724036e+01
3.800082879774963374e+01
3.800074873041469914e+01
3.800065768718203429e+01
3.800055564737819225e+01
3.800044259028680926e+01
3.800031849519650962e+01
3.800018334151506139e+01
3.800003710888937292e+01
3.799987977726416233e+01
3.799971132689188380e+01
3.799953173833497289e+01
3.799934099246803498e+01
3.799913907048397022e+01
3.799892595391569472e+01
3.799870162466667978e+01
3.799846606500734225e+01
3.799821925748778284e+01
3.799796118479197560e+01
3.799769182962131708e+01
3.799741117464822793e+01
3.799711920251951369e+01
3.799681589587530084e+01
3.799650123735342078e+01
3.799617520958107519e+01
3.799583779517241311e+01
3.799548897673490444e+01
3.799512873691269732e+01
3.799475705849920359e+01
3.799437392459353191e+01
3.799397931874518264e+01
3.799357322503457368e+01
3.799315562806388158e+01
3.799272651287879654e+01
3.799228586486883330e+01
3.799183366969685238e+01
3.799136991327838331e+01
3.799089458180274903e+01
3.799040766180001327e+01
3.798990914025085175e+01
3.798939900469834896e+01
3.798887724330818827e+01
3.798834384485482474e+01
3.798779879866290088e+01
3.798724209454087486e+01
3.798667372271560083e+01
3.798609367377573420e+01
3.798550193863756164e+01
3.798489850853613348e+01
3.798428337503401764e+01
3.798365653003975950e+01
3.798301796583024981e+01
3.798236767505952827e+01
3.798170565074220661e+01
3.798103188622433635e+01
3.798034637514249567e+01
3.797964911136158150e+01
3.797894008892225770e+01
3.797821930204791130e+01
3.797748674522073742e+01
3.797674241331147726e+01
3.797598630172957002e+01
3.797521840651589287e+01
3.797443872431567513e+01
3.797364725226380955e+01
3.797284398787986959e+01
3.797202892905372806e+01
3.797120207411116155e+01
3.797036342186670055e+01
3.796951297160546801e+01
3.796865072302503563e+01
3.796777667619487318e+01
3.796689083154894462e+01
3.796599318988704397e+01
3.796508375238203570e+01
3.796416252062507368e+01
3.796322949670009450e+01
3.796228468322128435e+01
3.796132808329947039e+01
3.796035970044424346e+01
3.795937953834918233e+01
3.795838760050761351e+01
3.795738388980893063e+01
3.795636840839693349e+01
3.795534115787497598e+01
3.795430213964070987e+01
3.795325135509516912e+01
3.795218880568625508e+01
3.795111449288895500e+01
3.795002841820019057e+01
3.794893058317749990e+01
3.794782098951571925e+01
3.794669963913541721e+01
3.794556653426351289e+01
3.794442167748858452e+01
3.794326507180163333e+01
3.794209672068649297e+01
3.794091662826384947e+01
3.793972479939242248e+01
3.793852123968735413e+01
3.793730595551333096e+01
3.793607895399422603e+01
3.793484024302959767e+01
3.793358983130441686e+01
3.793232772829195909e+01
3.793105394424308940e+01
3.792976849015317953e+01
3.792847137770855426e+01
3.792716261920860887e+01
3.792584222745581712e+01
3.792451021564187386e+01
3.792316659729516459e+01
3.792181138631015358e+01
3.792044459700690595e+01
3.791906624418195548e+01
3.791767634313670499e+01
3.791627490966009617e+01
3.791486195997720898e+01
3.791343751070955648e+01
3.791200157885487698e+01
3.791055418175525205e+01
3.790909533704871848e+01
3.790762506262571208e+01
3.790614337658071520e+01
3.790465029715510070e+01
3.790314584273556164e+01
3.790163003194605551e+01
3.790010288373976266e+01
3.789856441737806847e+01
3.789701465231897970e+01
3.789545360813670527e+01
3.789388130456598702e+01
3.789229776164088292e+01
3.789070299982095236e+01
3.788909704008039370e+01
3.788747990399140519e+01
3.788585161376366983e+01
3.788421219221184799e+01
3.788256166270645764e+01
3.788090004913844666e+01
3.787922737586529109e+01
3.787754366763562786e+01
3.787584894951879022e+01
3.787414324683734890e+01
3.787242658510542270e+01
3.787069899002550244e+01
3.786896048758269728e+01
3.786721110416527125e+01
3.786545086660343173e+01
3.786367980214182438e+01
3.786189793843450246e+01
3.786010530357106063e+01
3.785830192606675837e+01
3.785648783476788992e+01
3.785466305872114390e+01
3.785282762712578375e+01
3.785098156939201886e+01
3.784912491520812949e+01
3.784725769456481004e+01
3.784537993776876874e+01
3.784349167547581771e+01
3.784159293875128327e+01
3.783968375915574711e+01
3.783776416882007965e+01
3.783583420046792156e+01
3.783389388740793891e+01
3.783194326351737402e+01
3.782998236317587981e+01
3.782801122114194214e+01
3.782602987241077841e+01
3.782403835206253717e+01
3.782203669513583577e+01
3.782002493661332920e+01
3.781800311152029082e+01
3.781597125502806733e+01
3.781392940250206891e+01
3.781187758955456246e+01
3.780981585217260488e+01
3.780774422687900937e+01
3.780566275082613714e+01
3.780357146180013928e+01
3.780147039819104293e+01
3.779935959896584308e+01
3.779723910363181005e+01
3.779510895217066491e+01
3.779296918496681457e+01
3.779081984278344919e+01
3.778866096679118414e+01
3.778649259860160470e+01
3.778431478029693835e+01
3.778212755447919591e+01
3.777993096432035713e+01
3.777772505359593680e+01
3.777550986672451216e+01
3.777328544880226957e+01
3.777105184558212869e+01
3.776880910338466890e+01
3.776655726897984522e+01
3.776429638948528122e+01
3.776202651228990703e+01
3.775974768498344503e+01
3.775745995530736110e+01
3.775516337117397825e+01
3.775285798076453858e+01
3.775054383267697489e+01
3.774822097608335980e+01
3.774588946085629004e+01
3.774354933764362130e+01
3.774120065789933420e+01
3.773884347388042926e+01
3.773647783861446214e+01
3.773410380586336288e+01
3.773172143010269508e+01
3.772933076647866812e+01
3.772693187070073151e+01
3.772452479890023369e+01
3.772210960752207853e+01
3.771968635327883845e+01
3.771725509313597513e+01
3.771481588427767662e+01
3.771236878405310478e+01
3.770991384995590323e+01
3.770745113965038087e+01
3.770498071099289916e+01
3.770250262201524549e+01
3.770001693089631090e+01
3.769752369596111663e+01
3.769502297570025462e+01
3.769251482876111936e+01
3.768999931389726754e+01
3.768747648993235799e+01
3.768494641577773052e+01
3.768240915045970496e+01
3.767986475310308236e+01
3.767731328287468529e+01
3.767475479891526646e+01
3.767218936026942799e+01
3.766961702581073723e+01
3.766703785416873274e+01
3.766445190366476226e+01
3.766185923225172161e+01
3.765925989746450142e+01
3.765665395640161961e+01
3.765404146574000066e+01
3.765142248175556716e+01
3.764879706032248663e+01
3.764616525688409610e+01
3.764352712638979881e+01
3.764088272319492745e+01
3.763823210094114557e+01
3.763557531243978360e+01
3.763291240958830031e+01
3.763024344337053151e+01
3.762756846395825505e+01
3.762488752084878030e+01
3.762220066295679999e+01
3.761950793865364773e+01
3.761680939579679972e+01
3.761410508175841727e+01
3.761139504343540807e+01
3.760867932726047513e+01
3.760595797923843975e+01
3.760323104498559132e+01
3.760049856974656279e+01
3.759776059839762041e+01
3.759501717546747557e+01
3.759226834520486449e+01
3.758951415169387644e+01
3.758675463901020208e+01
3.758398985141245419e+01
3.758121983352666717e+01
3.757844463048018468e+01
3.757566428797900215e+01
3.757287885232575775e+01
3.757008837039578708e+01
3.756729288963467894e+01
3.756449245810546955e+01
3.756168712453001746e+01
3.755887693826413454e+01
3.755606194920359542e+01
3.755324220765504606e+01
3.755041776422545041e+01
3.754758866976609966e+01
3.754475497535265305e+01
3.754191673227396109e+01
3.753907399201310113e+01
3.753622680619921681e+01
3.753337522656127589e+01
3.753051930495200139e+01
3.752765909342535622e+01
3.752479464428876099e+01
3.752192601011627460e+01
3.751905324376478745e+01
3.751617639839599150e+01
3.751329552746626206e+01
3.751041068467856121e+01
3.750752192394012496e+01
3.750462929936115586e+01
3.750173286528463734e+01
3.749883267631421546e+01
3.749592878730994272e+01
3.749302125334409652e+01
3.749011012964339074e+01
3.748719547154573206e+01
3.748427733445802801e+01
3.748135577377303918e+01
3.747843084473660724e+01
3.747550260232068098e+01
3.747257110117236323e+01
3.746963639564672377e+01
3.746669853985809340e+01
3.746375758768858333e+01
3.746081359276537626e+01
3.745786660845552518e+01
3.745491668789399142e+01
3.745196388401643617e+01
3.744900824955505669e+01
3.744604983697599465e+01
3.744308869836605425e+01
3.744012488531753036e+01
3.743715844888603073e+01
3.743418943961945189e+01
3.743121790756750045e+01
3.742824390222784814e+01
3.742526747246797214e+01
3.742228866647037933e+01
3.741930753173431157e+01
3.741632411515443124e+01
3.741333846315598066e+01
3.741035062182801596e+01
3.740736063701477576e+01
3.740436855436999508e+01
3.740137441939566543e+01
3.739837827747788168e+01
3.739538017392170133e+01
3.739238015398014880e+01
3.738937826287154564e+01
3.738637454578812935e+01
3.738336904790361359e+01
3.738036181438373973e+01
3.737735289040359277e+01
3.737434232117081478e+01
3.737133015194493169e+01
3.736831642804297360e+01
3.736530119482372925e+01
3.736228449765349779e+01
3.735926638187277860e+01
3.735624689278245825e+01
3.735322607565437636e+01
3.735020397575551954e+01
3.734718063836244539e+01
3.734415610875139890e+01
3.734113043219132777e+01
3.733810365399730813e+01
3.733507581965117339e+01
3.733204697493384572e+01
3.732901716603718967e+01
3.732598643965059182e+01
3.732295484300656341e+01
3.731992242388352565e+01
3.731688923058032969e+01
3.731385531187812887e+01
3.731082071701003855e+01
3.730778549566976210e+01
3.730474969809522179e+01
3.730171337520871333e+01
3.729867657873263198e+01
3.729563936123614099e+01
3.729260177612525951e+01
3.728956387759112090e+01
3.728652572052117620e+01
3.728348736037731470e+01
3.728044885305250489e+01
3.727741025473140013e+01
3.727437162177717767e+01
3.727133301064571214e+01
3.726829447782111515e+01
3.726525607978250321e+01
3.726221787301069099e+01
3.725917991401919238e+01
3.725614225938917912e+01
3.725310496581999331e+01
3.725006809021765974e+01
3.724703168978826540e+01
3.724399582207286841e+01
3.724096054492594021e+01
3.723792591650646955e+01
3.723489199533139526e+01
3.723185884035826376e+01
3.722882651101917872e+01
3.722579506718071940e+01
3.722276456907363951e+01
3.721973507726256258e+01
3.721670665272080925e+01
3.721367935700172325e+01
3.721065325240895305e+01
3.720762840210153399e+01
3.720460487016676865e+01
3.720158272169800284e+01
3.719856202283831692e+01
3.719554284074527573e+01
3.719252524351481526e+01
3.718950930012649536e+01
3.718649508041995944e+01
3.718348265508019068e+01
3.718047209560319288e+01
3.717746347423934594e+01
3.717445686395914350e+01
3.717145233846662222e+01
3.716844997222257518e+01
3.716544984044044497e+01
3.716245201906180995e+01
3.715945658472987390e+01
3.715646361477075743e+01
3.715347318719428671e+01
3.715048538072589679e+01
3.714750027486393691e+01
3.714451794993104272e+01
3.714153848708175332e+01
3.713856196823989819e+01
3.713558847594743639e+01
3.713261809311968165e+01
3.712965090276455271e+01
3.712668698780015575e+01
3.712372643104772862e+01
3.712076931531419888e+01
3.711781572343573998e+01
3.711486573824052471e+01
3.711191944246561292e+01
3.710897691869340065e+01
3.710603824934548101e+01
3.710310351671549256e+01
3.710017280300777287e+01
3.709724619036629889e+01
3.709432376088118133e+01
3.709140559656113112e+01
3.708849177928341589e+01
3.708558239075068741e+01
3.708267751246923893e+01
3.707977722574475621e+01
3.707688161168783125e+01
3.707399075122040699e+01
3.707110472507448407e+01
3.706822361377710706e+01
3.706534749762370495e+01
3.706247645664945622e+01
3.705961057060751074e+01
3.705674991895683945e+01
3.705389458085407739e+01
3.705104463513459478e+01
3.704820016027020557e+01
3.704536123430928996e+01
3.704252793483156836e+01
3.703970033896130332e+01
3.703687852346519094e+01
3.703406256490874426e+01
3.703125253979807496e+01
3.702844852465923253e+01
3.702565059606502729e+01
3.702285883063353822e+01
3.702007330501007942e+01
3.701729409584134345e+01
3.701452127975248629e+01
3.701175493332122812e+01
3.700899513302668709e+01
3.700624195517183068e+01
3.700349547580794507e+01
3.700075577068336230e+01
3.699802291521659470e+01
3.699529698448208137e+01
3.699257805320082326e+01
3.698986619573877022e+01
3.698716148611691779e+01
3.698446399803111007e+01
3.698177380487866373e+01
3.697909097978303095e+01
3.697641559560091196e+01
3.697374772490596229e+01
3.697108743995793390e+01
3.696843481266979126e+01
3.696578991457581509e+01
3.696315281679677156e+01
3.696052359000995580e+01
3.695790230443284941e+01
3.695528902981743613e+01
3.695268383545823099e+01
3.695008679021776032e+01
3.694749796255497643e+01
3.694491742053610750e+01
3.694234523182023366e+01
3.693978146362332637e+01
3.693722618267161550e+01
3.693467945515105555e+01
3.693214134665184645e+01
3.692961192212470678e+01
3.692709124587992875e+01
3.692457938162642250e+01
3.692207639250973727e+01
3.691958234111886128e+01
3.691709728946774760e+01
3.691462129898262390e+01
3.691215443052344369e+01
3.690969674442857951e+01
3.690724830054309535e+01
3.690480915821765961e+01
3.690237937629972720e+01
3.689995901312953208e+01
3.689754812653218607e+01
3.689514677379904839e+01
3.689275501167101368e+01
3.689037289633839123e+01
3.688800048345434845e+01
3.688563782815714376e+01
3.688328498510302467e+01
3.688094200850597559e+01
3.687860895217256285e+01
3.687628586952015297e+01
3.687397281357670664e+01
3.687166983697169798e+01
3.686937699192806406e+01
3.686709433025503557e+01
3.686482190333518361e+01
3.686255976210168228e+01
3.686030795700771989e+01
3.685806653799110677e+01
3.685583555443391646e+01
3.685361505511824731e+01
3.685140508818589211e+01
3.684920570111156479e+01
3.684701694069469369e+01
3.684483885306769935e+01
3.684267148371302625e+01
3.684051487748118348e+01
3.683836907860481347e+01
3.683623413070596797e+01
3.683411007679359273e+01
3.683199695925032557e+01
3.682989481983185698e+01
3.682780369972189760e+01
3.682572363963964079e+01
3.682365467995995800e+01
3.682159686084812478e+01
3.681955022242085818e+01
3.681751480490437700e+01
3.681549064876038102e+01
3.681347779475735393e+01
3.681147628396111315e+01
3.680948615765312582e+01
3.680750745721486084e+01
3.680554022399545033e+01
3.680358449916866448e+01
3.680164032360059423e+01
3.679970773774162041e+01
3.679778678154570315e+01
3.679587749443536637e+01
3.679397991531057244e+01
3.679209408255363911e+01
3.679022003400002916e+01
3.678835780689943391e+01
3.678650743791185818e+01
3.678466896316214019e+01
3.678284241832954393e+01
3.678102783872271431e+01
3.677922525930880937e+01
3.677743471469197800e+01
3.677565623906358638e+01
3.677388986616894329e+01
3.677213562931399338e+01
3.677039356139824378e+01
3.676866369495452602e+01
3.676694606218384820e+01
3.676524069497465064e+01
3.676354762490257855e+01
3.676186688322630403e+01
3.676019850089892316e+01
3.675854250858522221e+01
3.675689893665547459e+01
3.675526781515200980e+01
3.675364917375082996e+01
3.675204304173203695e+01
3.675044944795992308e+01
3.674886842087185812e+01
3.674729998847200108e+01
3.674574417832499762e+01
3.674420101754673595e+01
3.674267053278727957e+01
3.674115275018652937e+01
3.673964769527822227e+01
3.673815539285979526e+01
3.673667586688762299e+01
3.673520914043547236e+01
3.673375523572019574e+01
3.673231417418975298e+01
3.673088597664235522e+01
3.672947066332709198e+01
3.672806825400265751e+01
3.672667876795321718e+01
3.672530222396522248e+01
3.672393864028676091e+01
3.672258803461409116e+01
3.672125042414734253e+01
3.671992582570172914e+01
3.671861425580802063e+01
3.671731573076331046e+01
3.671603026664377012e+01
3.671475787929107781e+01
3.671349858427060298e+01
3.671225239681495367e+01
3.671101933178206878e+01
3.670979940364063765e+01
3.670859262647491050e+01
3.670739901399930005e+01
3.670621857956705014e+01
3.670505133615750282e+01
3.670389729636136167e+01
3.670275647240298866e+01
3.670162887619477488e+01
3.670051451938377340e+01
3.669941341337385410e+01
3.669832556933430112e+01
3.669725099820541914e+01
3.669618971070119784e+01
3.669514171730318708e+01
3.669410702824268355e+01
3.669308565347117934e+01
3.669207760261814144e+01
3.669108288494001613e+01
3.669010150928573921e+01
3.668913348411194164e+01
3.668817881754193877e+01
3.668723751742471251e+01
3.668630959136368119e+01
3.668539504672205709e+01
3.668449389062525512e+01
3.668360612996721670e+01
3.668273177141373509e+01
3.668187082139510835e+01
3.668102328608699736e+01
3.668018917138549995e+01
3.667936848287923368e+01
3.667856122581851253e+01
3.667776740508834621e+01
3.667698702519412990e+01
3.667622009025801333e+01
3.667546660400744685e+01
3.667472656973838951e+01
3.667399999026581980e+01
3.667328686789375070e+01
3.667258720442800524e+01
3.667190100123386287e+01
3.667122825930434971e+01
3.667056897929538906e+01
3.666992316152491327e+01
3.666929080595538437e+01
3.666867191216363864e+01
3.666806647930388152e+01
3.666747450608621506e+01
3.666689599078539885e+01
3.666633093126809229e+01
3.666577932501125048e+01
3.666524116909621966e+01
3.666471646018912622e+01
3.666420519452027804e+01
3.666370736785088269e+01
3.666322297541154285e+01
3.666275201182214261e+01
3.666229447102053740e+01
3.666185034621845062e+01
3.666141962988858438e+01
3.666100231378674579e+01
3.666059838900216050e+01
3.666020784600587490e+01
3.665983067467767853e+01
3.665946686432232582e+01
3.665911640368859281e+01
3.665877928099131111e+01
3.665845548392940856e+01
3.665814499969524576e+01
3.665784781497702483e+01
3.665756391595247976e+01
3.665729328826208189e+01
3.665703591697827335e+01
3.665679178662246329e+01
3.665656088123849088e+01
3.665634318447580142e+01
3.665613867965995354e+01
3.665594734985625536e+01
3.665576917791684508e+01
3.665560414649853982e+01
3.665545223805043662e+01
3.665531343477617554e+01
3.665518771859619562e+01
3.665507507114793384e+01
3.665497547382501153e+01
3.665488890781927722e+01
3.665481535414045311e+01
3.665475479361820277e+01
3.665470720692176343e+01
3.665467257462817940e+01
3.665465087731983829e+01
3.665464209567897313e+01
3.665464621058316652e+01
3.665466320318915194e+01
3.665469305493475360e+01
3.665473574740440910e+01
3.665479126212360939e+01
3.665485958045947257e+01
3.665494068372682079e+01
3.665503455338291872e+01
3.665514117115004922e+01
3.665526051906898886e+01
3.665539257957770047e+01
3.665553733563879035e+01
3.665569477086005179e+01
3.665586486956539147e+01
3.665604761681596813e+01
3.665624299838659539e+01
3.665645100069237827e+01
3.665667161067344892e+01
3.665690481566316095e+01
3.665715060326209596e+01
3.665740896123148929e+01
3.665767987741200784e+01
3.665796333966004283e+01
3.665825933578982188e+01
3.665856785352325886e+01
3.665888888045834193e+01
3.665922240405210175e+01
3.665956841159475488e+01
3.665992689016731987e+01
3.666029782661087211e+01
3.666068120752792936e+01
3.666107701929846030e+01
3.666148524808801312e+01
3.666190587984517890e+01
3.666233890029413089e+01
3.666278429493006996e+01
3.666324204902925743e+01
3.666371214767756470e+01
3.666419457580285268e+01
3.666468931819569121e+01
3.666519635951929956e+01
3.666571568431659500e+01
3.666624727701815800e+01
3.666679112194727708e+01
3.666734720330740771e+01
3.666791550515015530e+01
3.666849601134813952e+01
3.666908870558530964e+01
3.666969357135314311e+01
3.667031059195456066e+01
3.667093975053224142e+01
3.667158103011827563e+01
3.667223441368387427e+01
3.667289988417342528e+01
3.667357742452196590e+01
3.667426701766390806e+01
3.667496864653585931e+01
3.667568229406582248e+01
3.667640794314776542e+01
3.667714557661612673e+01
3.667789517722910375e+01
3.667865672765485385e+01
3.667943021045472562e+01
3.668021560805674852e+01
3.668101290270379167e+01
3.668182207637438808e+01
3.668264311070746686e+01
3.668347598695920198e+01
3.668432068597935825e+01
3.668517718818460338e+01
3.668604547355141676e+01
3.668692552167608767e+01
3.668781731189219641e+01
3.668872082337152563e+01
3.668963603515192062e+01
3.669056292609690928e+01
3.669150147483871649e+01
3.669245165975249989e+01
3.669341345896169315e+01
3.669438685035115810e+01
3.669537181157246408e+01
3.669636832002876048e+01
3.669737635283623689e+01
3.669839588677383801e+01
3.669942689823201931e+01
3.670046936316929731e+01
3.670152325708625796e+01
3.670258855501518269e+01
3.670366523151352567e+01
3.670475326065641042e+01
3.670585261602910521e+01
3.670696327071267717e+01
3.670808519725400743e+01
3.670921836762902046e+01
3.671036275321753806e+01
3.671151832479373667e+01
3.671268505252140102e+01
3.671386290594438151e+01
3.671505185397987958e+01
3.671625186493510995e+01
3.671746290653470624e+01
3.671868494591297605e+01
3.671991794956136346e+01
3.672116188327102293e+01
3.672241671211044434e+01
3.672368240044495025e+01
3.672495891197465312e+01
3.672624620976856136e+01
3.672754425628691166e+01
3.672885301338405384e+01
3.673017244228792322e+01
3.673150250356971469e+01
3.673284315712336934e+01
3.673419436216151013e+01
3.673555607722019545e+01
3.673692826015485480e+01
3.673831086811674140e+01
3.673970385752741663e+01
3.674110718407658993e+01
3.674252080274040111e+01
3.674394466780459112e+01
3.674537873288756629e+01
3.674682295095867346e+01
3.674827727434669811e+01
3.674974165474925059e+01
3.675121604325782698e+01
3.675270039038374392e+01
3.675419464605390374e+01
3.675569875957729238e+01
3.675721267961540661e+01
3.675873635418670204e+01
3.676026973071977721e+01
3.676181275615715549e+01
3.676336537708734653e+01
3.676492753986223505e+01
3.676649919068915295e+01
3.676808027572683102e+01
3.676967074118427092e+01
3.677127053337571994e+01
3.677287959870947986e+01
3.677449788364248207e+01
3.677612533463106814e+01
3.677776189807197937e+01
3.677940752023840787e+01
3.678106214724728318e+01
3.678272572507033544e+01
3.678439819955978152e+01
3.678607951645835072e+01
3.678776962138211815e+01
3.678946845978765623e+01
3.679117597695188380e+01
3.679289211796938730e+01
3.679461682773909104e+01
3.679635005091380862e+01
3.679809173181186566e+01
3.679984181431697721e+01
3.680160024179662059e+01
3.680336695704768601e+01
3.680514190226841720e+01
3.680692501904592007e+01
3.680871624832316513e+01
3.681051553032320811e+01
3.681232280445964733e+01
3.681413800927832369e+01
3.681596108244867338e+01
3.681779196079203587e+01
3.681963058030901692e+01
3.682147687617178633e+01
3.682333078268612070e+01
3.682519223325249413e+01
3.682706116033592991e+01
3.682893749542995465e+01
3.683082116900693848e+01
3.683271211046646698e+01
3.683461024811096962e+01
3.683651550917395667e+01
3.683842781987451787e+01
3.684034710544649727e+01
3.684227329014429841e+01
3.684420629727689089e+01
3.684614604931586967e+01
3.684809246806874228e+01
3.685004547484736293e+01
3.685200499056716694e+01
3.685397093577140026e+01
3.685594323063001809e+01
3.685792179498144350e+01
3.685990654843272551e+01
3.686189741048116275e+01
3.686389430063782413e+01
3.686589713854426975e+01
3.686790584407464877e+01
3.686992033744847674e+01
3.687194053935706961e+01
3.687396637105685215e+01
3.687599775442367189e+01
3.687803461201100674e+01
3.688007686712278854e+01
3.688212444388036459e+01
3.688417726726995483e+01
3.688623526316478518e+01
3.688829835832385839e+01
3.689036648037021848e+01
3.689243955775560835e+01
3.689451751973677318e+01
3.689660029638490357e+01
3.689868781863108893e+01
3.690078001833809651e+01
3.690287682835943883e+01
3.690497818253614781e+01
3.690708401562039143e+01
3.690919426316802543e+01
3.691130886147779933e+01
3.691342774761636036e+01
3.691555085947920389e+01
3.691767813584195324e+01
3.691980951642034370e+01
3.692194494195751275e+01
3.692408435432783875e+01
3.692622769663683613e+01
3.692837491328116073e+01
3.693052594993746851e+01
3.693268075350258073e+01
3.693483927204239592e+01
3.693700145477489372e+01
3.693916725206774032e+01
3.694133661543103386e+01
3.694350949750904078e+01
3.694568585205442446e+01
3.694786563380795741e+01
3.695004879824284671e+01
3.695223530127492495e+01
3.695442509906544615e+01
3.695661814793874811e+01
3.695881440443336885e+01
3.696101382553050030e+01
3.696321636895155649e+01
3.696542199333007517e+01
3.696763065824725203e+01
3.696984232425577233e+01
3.697205695293775563e+01
3.697427450694998186e+01
3.697649495000683828e+01
3.697871824680670017e+01
3.698094436295250631e+01
3.698317326489861046e+01
3.698540491992003609e+01
3.698763929611094881e+01
3.698987636243279553e+01
3.699211608878878366e+01
3.699435844607490509e+01
3.699660340620958721e+01
3.699885094217695780e+01
3.700110102807690993e+01
3.700335363913233522e+01
3.700560875161642826e+01
3.700786634272058961e+01
3.701012639041554309e+01
3.701238887332017669e+01
3.701465377056947403e+01
3.701692106169310392e+01
3.701919072650471776e+01
3.702146274499227019e+01
3.702373709723945439e+01
3.702601376342021666e+01
3.702829272383711867e+01
3.703057395892069792e+01
3.703285744917038613e+01
3.703514317509250020e+01
3.703743111718112857e+01
3.703972125595057463e+01
3.704201357199026035e+01
3.704430804599427063e+01
3.704660465874705011e+01
3.704890339107797814e+01
3.705120422380611700e+01
3.705350713769283999e+01
3.705581211340898307e+01
3.705811913152738413e+01
3.706042817254946442e+01
3.706273921693671269e+01
3.706505224509637486e+01
3.706736723730383432e+01
3.706968417358793033e+01
3.707200303362800753e+01
3.707432379669867828e+01
3.707664644165840429e+01
3.707897094696050999e+01
3.708129729067778868e+01
3.708362545054369974e+01
3.708595540400719415e+01
3.708828712827877183e+01
3.709062060033848951e+01
3.709295579688662770e+01
3.709529269424256626e+01
3.709763126823987989e+01
3.709997149416813755e+01
3.710231334675658843e+01
3.710465680015006029e+01
3.710700182784103163e+01
3.710934840257245071e+01
3.711169649625129097e+01
3.711404607989130255e+01
3.711639712358112320e+01
3.711874959647086314e+01
3.712110346677330597e+01
3.712345870177973239e+01
3.712581526789035280e+01
3.712817313065934144e+01
3.713053225485251829e+01
3.713289260450310536e+01
3.713525414294893778e+01
3.713761683285025583e+01
3.713998063619282419e+01
3.714234551427644959e+01
3.714471142768598355e+01
3.714707833624281363e+01
3.714944619894662736e+01
3.715181497392692478e+01
3.715418461841204589e+01
3.715655508870892021e+01
3.715892634018964458e+01
3.716129832728874760e+01
3.716367100351117614e+01
3.716604432143837045e+01
3.716841823271771972e+01
3.717079268803645675e+01
3.717316763709361993e+01
3.717554302858467707e+01
3.717791881020752243e+01
3.718029492868122077e+01
3.718267132976077249e+01
3.718504795825002418e+01
3.718742475801546021e+01
3.718980167198247955e+01
3.719217864210934010e+01
3.719455560936783201e+01
3.719693251375419862e+01
3.719930929432438660e+01
3.720168588924099851e+01
3.720406223582999417e+01
3.720643827065196518e+01
3.720881392959587686e+01
3.721118914799806987e+01
3.721356386076131884e+01
3.721593800244074401e+01
3.721831150730340454e+01
3.722068430937139283e+01
3.722305634242296435e+01
3.722542753996550147e+01
3.722779783526100061e+01
3.723016716142956994e+01
3.723253545156063637e+01
3.723490263879013185e+01
3.723726865636596273e+01
3.723963343771347212e+01
3.724199691646583688e+01
3.724435902640488649e+01
3.724671970131712584e+01
3.724907887486828884e+01
3.725143648059870571e+01
3.725379245202676515e+01
3.725614672276405770e+01
3.725849922656630042e+01
3.726084989730821206e+01
3.726319866891456201e+01
3.726554547528835570e+01
3.726789025024969959e+01
3.727023292746390837e+01
3.727257344034246955e+01
3.727491172192826241e+01
3.727724770478576488e+01
3.727958132090780907e+01
3.728191250163790471e+01
3.728424117759546874e+01
3.728656727858942332e+01
3.728889073352199546e+01
3.729121147031400341e+01
3.729352941590414616e+01
3.729584449635741805e+01
3.729815663704461315e+01
3.730046576280141579e+01
3.730277179801537102e+01
3.730507466664665372e+01
3.730737429220691581e+01
3.730967059774499006e+01
3.731196350589203803e+01
3.731425293897288498e+01
3.731653881914758841e+01
3.731882106853452541e+01
3.732109960928668357e+01
3.732337436363098959e+01
3.732564525390465349e+01
3.732791220262279808e+01
3.733017513256933739e+01
3.733243396684803628e+01
3.733468862884488715e+01
3.733693904214274539e+01
3.733918513047596832e+01
3.734142681774633132e+01
3.734366402805365937e+01
3.734589668571961596e+01
3.734812471532703881e+01
3.735034804179247914e+01
3.735256659046206806e+01
3.735478028720060450e+01
3.735698905845333684e+01
3.735919283128345825e+01
3.736139153337350649e+01
3.736358509296252350e+01
3.736577343873547363e+01
3.736795649972533795e+01
3.737013420525613583e+01
3.737230648491514273e+01
3.737447326854076834e+01
3.737663448618113193e+01
3.737879006795047587e+01
3.738093994378417051e+01
3.738308404320548561e+01
3.738522229523845652e+01
3.738735462851269631e+01
3.738948097147235927e+01
3.739160125255115474e+01
3.739371540024787777e+01
3.739582334314454215e+01
3.739792500997130276e+01
3.740002032976581603e+01
3.740210923205701476e+01
3.740419164697676280e+01
3.740626750526148925e+01
3.740833673817880367e+01
3.741039927746093952e+01
3.741245505531419013e+01
3.741450400450823111e+01
3.741654605847617887e+01
3.741858115136498952e+01
3.742060921805076390e+01
3.742263019415017311e+01
3.742464401602804713e+01
3.742665062078834382e+01
3.742864994623501218e+01
3.743064193080258661e+01
3.743262651347322389e+01
3.743460363369659660e+01
3.743657323133718506e+01
3.743853524667213151e+01
3.744048962041544826e+01
3.744243629369645987e+01
3.744437520794569707e+01
3.744630630475942468e+01
3.744822952590337195e+01
3.745014481350460045e+01
3.745205211029200854e+01
3.745395135974237633e+01
3.745584250610955479e+01
3.745772549438155608e+01
3.745960027021624938e+01
3.746146677985855433e+01
3.746332497001767337e+01
3.746517478780186394e+01
3.746701618083340435e+01
3.746884909745806880e+01
3.747067348688447197e+01
3.747248929922408678e+01
3.747429648547766590e+01
3.747609499750124229e+01
3.747788478798384659e+01
3.747966581046514989e+01
3.748143801938331166e+01
3.748320137011413777e+01
3.748495581897605433e+01
3.748670132320110326e+01
3.748843784089125819e+01
3.749016533098065906e+01
3.749188375320076716e+01
3.749359306804841907e+01
3.749529323678902415e+01
3.749698422151234212e+01
3.749866598520386418e+01
3.750033849178500844e+01
3.750200170611054773e+01
3.750365559393771520e+01
3.750530012188173146e+01
3.750693525735967171e+01
3.750856096853723187e+01
3.751017722430767520e+01
3.751178399430489208e+01
3.751338124893300829e+01
3.751496895940872633e+01
3.751654709782112462e+01
3.751811563719838460e+01
3.751967455155207176e+01
3.752122381588834799e+01
3.752276340619869188e+01
3.752429329943608138e+01
3.752581347348433383e+01
3.752732390711967270e+01
3.752882457993141685e+01
3.753031547219397623e+01
3.753179656474952708e+01
3.753326783896093843e+01
3.753472927672206083e+01
3.753618086047594460e+01
3.753762257322814833e+01
3.753905439856779225e+01
3.754047632070043505e+01
3.754188832449941771e+01
3.754329039557959646e+01
3.754468252037505493e+01
3.754606468619144266e+01
3.754743688122132994e+01
3.754879909453819664e+01
3.755015131609425794e+01
3.755149353673198931e+01
3.755282574819760555e+01
3.755414794315358051e+01
3.755546011520873151e+01
3.755676225895997078e+01
3.755805437000001490e+01
3.755933644486370326e+01
3.756060848093932236e+01
3.756187047638866972e+01
3.756312243010120255e+01
3.756436434168921323e+01
3.756559621150725548e+01
3.756681804065802055e+01
3.756802983095730042e+01
3.756923158486389980e+01
3.757042330539686503e+01
3.757160499603430992e+01
3.757277666057024845e+01
3.757393830297252890e+01
3.757508992732644515e+01
3.757623153787771741e+01
3.757736313913886050e+01
3.757848473603640826e+01
3.757959633406697009e+01
3.758069793940944692e+01
3.758178955895544959e+01
3.758287120027541306e+01
3.758394287155653757e+01
3.758500458148128587e+01
3.758605633901332510e+01
3.758709815318741931e+01
3.758813003304548062e+01
3.758915198773816968e+01
3.759016402670060586e+01
3.759116615979198173e+01
3.759215839733394660e+01
3.759314075006131617e+01
3.759411322903575581e+01
3.759507584553030313e+01
3.759602861083885728e+01
3.759697153600585295e+01
3.759790463156466700e+01
3.759882790738127056e+01
3.759974137264789817e+01
3.760064503602288255e+01
3.760153890584154368e+01
3.760242299031060753e+01
3.760329729767824603e+01
3.760416183638658794e+01
3.760501661517169936e+01
3.760586164312162083e+01
3.760669692973838352e+01
3.760752248497270500e+01
3.760833831917303627e+01
3.760914444298684600e+01
3.760994086729894548e+01
3.761072760321955144e+01
3.761150466207717358e+01
3.761227205538816776e+01
3.761302979480780095e+01
3.761377789208132327e+01
3.761451635901646995e+01
3.761524520750083411e+01
3.761596444955330298e+01
3.761667409735309064e+01
3.761737416321819438e+01
3.761806465955851309e+01
3.761874559882991775e+01
3.761941699350105495e+01
3.762007885603181023e+01
3.762073119883721262e+01
3.762137403420551607e+01
3.762200737416476670e+01
3.762263123032978740e+01
3.762324561381938537e+01
3.762385053533719770e+01
3.762444600540063533e+01
3.762503203460097723e+01
3.762560863377098741e+01
3.762617581400347433e+01
3.762673358658316403e+01
3.762728196294980876e+01
3.762782095472942956e+01
3.762835057378413239e+01
3.762887083223757401e+01
3.762938174249455869e+01
3.762988331730553426e+01
3.763037556985539567e+01
3.763085851378704660e+01
3.763133216314609086e+01
3.763179653231969013e+01
3.763225163599393852e+01
3.763269748908395940e+01
3.763313410661537262e+01
3.763356150360666419e+01
3.763397969502271678e+01
3.763438869578686052e+01
3.763478852077432890e+01
3.763517918479995217e+01
3.763556070267303966e+01
3.763593308928250281e+01
3.763629635963038567e+01
3.763665052884876161e+01
3.763699561226350454e+01
3.763733162547357125e+01
3.763765858440504530e+01
3.763797650534471018e+01
3.763828540495509856e+01
3.763858530027402338e+01
3.763887620871310702e+01
3.763915814806121318e+01
3.763943113649860095e+01
3.763969519263643093e+01
3.763995033557576164e+01
3.764019658494608933e+01
3.764043396090301741e+01
3.764066248412493110e+01
3.764088217584383500e+01
3.764109305788099391e+01
3.764129515265343429e+01
3.764148848316971652e+01
3.764167307304520449e+01
3.764184894653293867e+01
3.764201612854672874e+01
3.764217464466086227e+01
3.764232452108551286e+01
3.764246578462849158e+01
3.764259846265603926e+01
3.764272258305658170e+01
3.764283817420447775e+01
3.764294526490333226e+01
3.764304388427475345e+01
3.764313406161890185e+01
3.764321582633834851e+01
3.764328920795449562e+01
3.764335423614350873e+01
3.764341094071571092e+01
3.764345935152589107e+01
3.764349949834753772e+01
3.764353141075395115e+01
3.764355511804021859e+01
3.764357064919398255e+01
3.764357803288755377e+01
3.764357729745553627e+01
3.764356847084608404e+01
3.764355158056148554e+01
3.764352665360654271e+01
3.764349371644480158e+01
3.764345279495177721e+01
3.764340391436243038e+01
3.764334709921472921e+01
3.764328237328935245e+01
3.764320975955422455e+01
3.764312928012955695e+01
3.764304095627629465e+01
3.764294480839816259e+01
3.764284085604570862e+01
3.764272911791351817e+01
3.764260961183453702e+01
3.764248235478125082e+01
3.764234736286972804e+01
3.764220465135887395e+01
3.764205423464477462e+01
3.764189612624728198e+01
3.764173033878980590e+01
3.764155688398592048e+01
3.764137577263765877e+01
3.764118701463385008e+01
3.764099061894065557e+01
3.764078659358823131e+01
3.764057494566031892e+01
3.764035568128578291e+01
3.764012880561752183e+01
3.763989432278996361e+01
3.763965223587749165e+01
3.763940254688219511e+01
3.763914525673907718e+01
3.763888036530477876e+01
3.763860787132873043e+01
3.763832777243607808e+01
3.763804006512319233e+01
3.763774474473279952e+01
3.763744180541836926e+01
3.763713124016701528e+01
3.763681304090124513e+01
3.763648719860314884e+01
3.763615370343767097e+01
3.763581254488945405e+01
3.763546371188805750e+01
3.763510719289713080e+01
3.763474297598119733e+01
3.763437104884323503e+01
3.763399139881646249e+01
3.763360401284253953e+01
3.763320887747697441e+01
3.763280597892681101e+01
3.763239530312523584e+01
3.763197683584131426e+01
3.763155056277706478e+01
3.763111646960513212e+01
3.763067454195387285e+01
3.763022476538169769e+01
3.762976712538267776e+01
3.762930160743884755e+01
3.762882819709689386e+01
3.762834688002441652e+01
3.762785764201845495e+01
3.762736046899455999e+01
3.762685534701188317e+01
3.762634226233632262e+01
3.762582120148901765e+01
3.762529215124521897e+01
3.762475509858636968e+01
3.762421003063376190e+01
3.762365693458309579e+01
3.762309579760793099e+01
3.762252660672611881e+01
3.762194934875782337e+01
3.762136401051439805e+01
3.762077057912757994e+01
3.762016904227344583e+01
3.761955938820064205e+01
3.761894160566407663e+01
3.761831568386354263e+01
3.761768161240085107e+01
3.761703938122917634e+01
3.761638898059070613e+01
3.761573040097969312e+01
3.761506363317265311e+01
3.761438866832487804e+01
3.761370549809907970e+01
3.761301411478332568e+01
3.761231451133790671e+01
3.761160668133987883e+01
3.761089061889065022e+01
3.761016631858594650e+01
3.760943377557047995e+01
3.760869298562673180e+01
3.760794394522289252e+01
3.760718665147403783e+01
3.760642110206636346e+01
3.760564729522523209e+01
3.760486522969104328e+01
3.760407490457628654e+01
3.760327631908035784e+01
3.760246947222974256e+01
3.760165436285100071e+01
3.760083098977852956e+01
3.759999935208185207e+01
3.759915944915065467e+01
3.759831128067074246e+01
3.759745484659322301e+01
3.759659014714362257e+01
3.759571718284173159e+01
3.759483595446981496e+01
3.759394646298145659e+01
3.759304870943081056e+01
3.759214269499545935e+01
3.759122842105572460e+01
3.759030588923600646e+01
3.758937510138090943e+01
3.758843605952353073e+01
3.758748876592784427e+01
3.758653322321678303e+01
3.758556943447212007e+01
3.758459740317552189e+01
3.758361713298605622e+01
3.758262862747867672e+01
3.758163189002009119e+01
3.758062692388719483e+01
3.757961373252967263e+01
3.757859231975474046e+01
3.757756268973742664e+01
3.757652484692870587e+01
3.757547879593919049e+01
3.757442454141318677e+01
3.757336208791146248e+01
3.757229143984663011e+01
3.757121260148387165e+01
3.757012557701269628e+01
3.756903037072498108e+01
3.756792698726599866e+01
3.756681543183973560e+01
3.756569571030802734e+01
3.756456782924094995e+01
3.756343179600921189e+01
3.756228761891446055e+01
3.756113530725437499e+01
3.755997487124849243e+01
3.755880632182371670e+01
3.755762967035119004e+01
3.755644492851759253e+01
3.755525210840781369e+01
3.755405122267435303e+01
3.755284228466481267e+01
3.755162530850271452e+01
3.755040030916533311e+01
3.754916730255867208e+01
3.754792630554270971e+01
3.754667733587492506e+01
3.754542041208654979e+01
3.754415555334619370e+01
3.754288277936439044e+01
3.754160211034394479e+01
3.754031356696048505e+01
3.753901717038394992e+01
3.753771294235654921e+01
3.753640090530684148e+01
3.753508108245305408e+01
3.753375349786259108e+01
3.753241817646776468e+01
3.753107514405321865e+01
3.752972442724144742e+01
3.752836605352899824e+01
3.752700005135093164e+01
3.752562645005075836e+01
3.752424527973356305e+01
3.752285657110545714e+01
3.752146035538708446e+01
3.752005666432941666e+01
3.751864553027048999e+01
3.751722698612979912e+01
3.751580106532770742e+01
3.751436780170580221e+01
3.751292722950577030e+01
3.751147938340280064e+01
3.751002429855943632e+01
3.750856201067556839e+01
3.750709255603651116e+01
3.750561597158343119e+01
3.750413229502380119e+01
3.750264156495737211e+01
3.750114382097299881e+01
3.749963910367824127e+01
3.749812745463934505e+01
3.749660891629396531e+01
3.749508353194671884e+01
3.749355134582997096e+01
3.749201240313254857e+01
3.749046674999530637e+01
3.748891443350667885e+01
3.748735550166321673e+01
3.748579000326581934e+01
3.748421798778387171e+01
3.748263950524465571e+01
3.748105460619879636e+01
3.747946334176656080e+01
3.747786576370265266e+01
3.747626192441724413e+01
3.747465187696673894e+01
3.747303567506209987e+01
3.747141337308795528e+01
3.746978502609537998e+01
3.746815068977223717e+01
3.746651042041752078e+01
3.746486427492729376e+01
3.746321231079046044e+01
3.746155458608740219e+01
3.745989115948091097e+01
3.745822209022164628e+01
3.745654743821503985e+01
3.745486726413885492e+01
3.745318162952272445e+01
3.745149059668942471e+01
3.744979422853051432e+01
3.744809258821869236e+01
3.744638573903316825e+01
3.744467374440224461e+01
3.744295666810372580e+01
3.744123457448770864e+01
3.743950752866631149e+01
3.743777559666149557e+01
3.743603884546232052e+01
3.743429734296915967e+01
3.743255115788343801e+01
3.743080035962852037e+01
3.742904501833878328e+01
3.742728520488865485e+01
3.742552099092166173e+01
3.742375244887165309e+01
3.742197965198700160e+01
3.742020267434406122e+01
3.741842159080903230e+01
3.741663647693842876e+01
3.741484740887472071e+01
3.741305446331892881e+01
3.741125771761032581e+01
3.740945724985007814e+01
3.740765313897704658e+01
3.740584546476770811e+01
3.740403430777370630e+01
3.740221974923596804e+01
3.740040187107202030e+01
3.739858075598103682e+01
3.739675648757431503e+01
3.739492915044141341e+01
3.739309883014812641e+01
3.739126561317701203e+01
3.738942958682304862e+01
3.738759083907574166e+01
3.738574945850215414e+01
3.738390553413580619e+01
3.738205915541330171e+01
3.738021041219960949e+01
3.737835939487569448e+01
3.737650619442905509e+01
3.737465090251409094e+01
3.737279361147738399e+01
3.737093441435476393e+01
3.736907340484690820e+01
3.736721067727744838e+01
3.736534632653156507e+01
3.736348044798099721e+01
3.736161313744108980e+01
3.735974449118742058e+01
3.735787460598397303e+01
3.735600357909486746e+01
3.735413150829601392e+01
3.735225849186342373e+01
3.735038462851182572e+01
3.734851001731772158e+01
3.734663475766485163e+01
3.734475894921589401e+01
3.734288269191738863e+01
3.734100608603379357e+01
3.733912923216602309e+01
3.733725223122707604e+01
3.733537518440407155e+01
3.733349819313387030e+01
3.733162135907874557e+01
3.732974478408351615e+01
3.732786857012976611e+01
3.732599281932125024e+01
3.732411763389752224e+01
3.732224311622906754e+01
3.732036936877541677e+01
3.731849649402960978e+01
3.731662459444709867e+01
3.731475377234151836e+01
3.731288412976679325e+01
3.731101576841584944e+01
3.730914878953681324e+01
3.730728329385995323e+01
3.730541938154119208e+01
3.730355715211625522e+01
3.730169670443834917e+01
3.729983813658071767e+01
3.729798154571681579e+01
3.729612702800534407e+01
3.729427467849571087e+01
3.729242459105884677e+01
3.729057685834625602e+01
3.728873157177341824e+01
3.728688882152073347e+01
3.728504869655099441e+01
3.728321128463661438e+01
3.728137667238296160e+01
3.727954494524776408e+01
3.727771618757125083e+01
3.727589048262967708e+01
3.727406791270728803e+01
3.727224855916546886e+01
3.727043250249521833e+01
3.726861982235507753e+01
3.726681059758562498e+01
3.726500490616946593e+01
3.726320282513662363e+01
3.726140443048552697e+01
3.725960979717511634e+01
3.725781899915687490e+01
3.725603210939611643e+01
3.725424919987185746e+01
3.725247034155914605e+01
3.725069560439484917e+01
3.724892505722778679e+01
3.724715876775528045e+01
3.724539680246550688e+01
3.724363922661785153e+01
3.724188610426612200e+01
3.724013749829925501e+01
3.723839347048011206e+01
3.723665408147742539e+01
3.723491939088214764e+01
3.723318945719552175e+01
3.723146433779189834e+01
3.722974408887561992e+01
3.722802876545059547e+01
3.722631842130642355e+01
3.722461310900936837e+01
3.722291287989041564e+01
3.722121778404210346e+01
3.721952787033575305e+01
3.721784318644460399e+01
3.721616377884642901e+01
3.721448969280179142e+01
3.721282097232550257e+01
3.721115766016295368e+01
3.720949979776735006e+01
3.720784742527602873e+01
3.720620058151110499e+01
3.720455930404824585e+01
3.720292362934689123e+01
3.720129359286868009e+01
3.719966922913751972e+01
3.719805057175086205e+01
3.719643765335788999e+01
3.719483050561725435e+01
3.719322915915181937e+01
3.719163364351221901e+01
3.719004398714429271e+01
3.718846021734482576e+01
3.718688236020942384e+01
3.718531044059609059e+01
3.718374448211300631e+01
3.718218450712591050e+01
3.718063053678094576e+01
3.717908259103536750e+01
3.717754068868431716e+01
3.717600484737490518e+01
3.717447508361156139e+01
3.717295141276914450e+01
3.717143384911965143e+01
3.716992240585604890e+01
3.716841709509753144e+01
3.716691792789093540e+01
3.716542491424812056e+01
3.716393806323992521e+01
3.716245738312214542e+01
3.716098288144697648e+01
3.715951456512085826e+01
3.715805244040674182e+01
3.715659651292055798e+01
3.715514678766856349e+01
3.715370326909635423e+01
3.715226596109699386e+01
3.715083486700056170e+01
3.714940998959686169e+01
3.714799133119223029e+01
3.714657889367505561e+01
3.714517267857640803e+01
3.714377268712877367e+01
3.714237892032864607e+01
3.714099137899519576e+01
3.713961006382696439e+01
3.713823497547420516e+01
3.713686611461210418e+01
3.713550348196927331e+01
3.713414707830061445e+01
3.713279690435539493e+01
3.713145296089489733e+01
3.713011524875300040e+01
3.712878376888795628e+01
3.712745852239127231e+01
3.712613951045473470e+01
3.712482673430817925e+01
3.712352019514069923e+01
3.712221989401989930e+01
3.712092583181598826e+01
3.711963800912586464e+01
3.711835642620016529e+01
3.711708108288875252e+01
3.711581197860861892e+01
3.711454911232056020e+01
3.711329248250872581e+01
3.711204208717774122e+01
3.711079792388483867e+01
3.710955998979638082e+01
3.710832828173167286e+01
3.710710279617073581e+01
3.710588352921921995e+01
3.710467047652555550e+01
3.710346363316889295e+01
3.710226299355674939e+01
3.710106855135288129e+01
3.709988029943042420e+01
3.709869822984065024e+01
3.709752233378949882e+01
3.709635260161699932e+01
3.709518902278061603e+01
3.709403158584437676e+01
3.709288027847194513e+01
3.709173508742161118e+01
3.709059599854415268e+01
3.708946299678175507e+01
3.708833606615706202e+01
3.708721518974381581e+01
3.708610034964619473e+01
3.708499152704339963e+01
3.708388870230051282e+01
3.708279185507640818e+01
3.708170096438487207e+01
3.708061600861386609e+01
3.707953696551065548e+01
3.707846381215136233e+01
3.707739652492704607e+01
3.707633507955026886e+01
3.707527945105673695e+01
3.707422961377871218e+01
3.707318554128043786e+01
3.707214720627793270e+01
3.707111458058702880e+01
3.707008763509774241e+01
3.706906633972619147e+01
3.706805066333340903e+01
3.706704057365190863e+01
3.706603603724636287e+01
3.706503701949861806e+01
3.706404348460147702e+01
3.706305539555927453e+01
3.706207271420306881e+01
3.706109540122234591e+01
3.706012341619971551e+01
3.705915671763678176e+01
3.705819526298193267e+01
3.705723900867277365e+01
3.705628791018340706e+01
3.705534192206684452e+01
3.705440099799834996e+01
3.705346509081590511e+01
3.705253415253919513e+01
3.705160813436036449e+01
3.705068698662207538e+01
3.704977065880532194e+01
3.704885909953476641e+01
3.704795225659282920e+01
3.704705007693181074e+01
3.704615250667921345e+01
3.704525949113329375e+01
3.704437097474595930e+01
3.704348690110469988e+01
3.704260721293976388e+01
3.704173185215774566e+01
3.704086075987019200e+01
3.703999387639985486e+01
3.703913114127227857e+01
3.703827249320549697e+01
3.703741787011038156e+01
3.703656720910758082e+01
3.703572044655123108e+01
3.703487751804492945e+01
3.703403835844107306e+01
3.703320290181881802e+01
3.703237108145518164e+01
3.703154282983315682e+01
3.703071807870827570e+01
3.702989675920049706e+01
3.702907880187927958e+01
3.702826413684957885e+01
3.702745269385736293e+01
3.702664440240582877e+01
3.702583919184435501e+01
3.702503699141159643e+01
3.702423773027283715e+01
3.702344133759816458e+01
3.702264774266308223e+01
3.702185687492377753e+01
3.702106866406415975e+01
3.702028304003602699e+01
3.701949993309442277e+01
3.701871927383096050e+01
3.701794099322379594e+01
3.701716502270603115e+01
3.701639129422538588e+01
3.701561974027266899e+01
3.701485029389371562e+01
3.701408288872758590e+01
3.701331745909935478e+01
3.701255394014986422e+01
3.701179226795187560e+01
3.701103237956092329e+01
3.701027421295710695e+01
3.700951770688066489e+01
3.700876280068510482e+01
3.700800943433932133e+01
3.700725754852425808e+01
3.700650708468377559e+01
3.700575798500631208e+01
3.700501019242022949e+01
3.700426365066608270e+01
3.700351830440494183e+01
3.700277409927506511e+01
3.700203098187945017e+01
3.700128889974118351e+01
3.700054780125005749e+01
3.699980763563257113e+01
3.699906835299690044e+01
3.699832990444022585e+01
3.699759224213173070e+01
3.699685531932640004e+01
3.699611909033792756e+01
3.699538351050381380e+01
3.699464853615730675e+01
3.699391412461294237e+01
3.699318023416673640e+01
3.699244682411096363e+01
3.699171385477033880e+01
3.699098128756652670e+01
3.699024908509715459e+01
3.698951721119642855e+01
3.698878563095864536e+01
3.698805431073739669e+01
3.698732321814281931e+01
3.698659232206221503e+01
3.698586159272644380e+01
3.698513100180458224e+01
3.698440052248494680e+01
3.698367012952783028e+01
3.698293979928324404e+01
3.698220950966280895e+01
3.698147924009316512e+01
3.698074897149860618e+01
3.698001868632461253e+01
3.697928836857795432e+01
3.697855800385218572e+01
3.697782757931905451e+01
3.697709708369456649e+01
3.697636650720892959e+01
3.697563584159701833e+01
3.697490508010143628e+01
3.697417421745416277e+01
3.697344324979199115e+01
3.697271217451640268e+01
3.697198099017879969e+01
3.697124969645534520e+01
3.697051829419390145e+01
3.696978678546578578e+01
3.696905517357571824e+01
3.696832346302493022e+01
3.696759165945096015e+01
3.696685976957912345e+01
3.696612780119635744e+01
3.696539576312022035e+01
3.696466366514450641e+01
3.696393151798682908e+01
3.696319933327026064e+01
3.696246712352742492e+01
3.696173490218503588e+01
3.696100268351246854e+01
3.696027048255078995e+01
3.695953831503405951e+01
3.695880619729985739e+01
3.695807414618424502e+01
3.695734217890601059e+01
3.695661031295971100e+01
3.695587856602910648e+01
3.695514695591236176e+01
3.695441550045300971e+01
3.695368421747876653e+01
3.695295312474132032e+01
3.695222223986291255e+01
3.695149158032185710e+01
3.695076116348003126e+01
3.695003100661126183e+01
3.694930112691414337e+01
3.694857154152489187e+01
3.694784226752528156e+01
3.694711332193016062e+01
3.694638472166811738e+01
3.694565648358456400e+01
3.694492862447405912e+01
3.694420116112330277e+01
3.694347411035029438e+01
3.694274748903466588e+01
3.694202131412272649e+01
3.694129560259350598e+01
3.694057037140243693e+01
3.693984563742596805e+01
3.693912141741304822e+01
3.693839772794627407e+01
3.693767458541382354e+01
3.693695200597841932e+01
3.693623000553075286e+01
3.693550859963115585e+01
3.693478780345036938e+01
3.693406763171802965e+01
3.693334809868387225e+01
3.693262921809840549e+01
3.693191100322960807e+01
3.693119346691565852e+01
3.693047662161772138e+01
3.692976047944247142e+01
3.692904505214223576e+01
3.692833035111222273e+01
3.692761638738479490e+01
3.692690317159750890e+01
3.692619071391626306e+01
3.692547902394289139e+01
3.692476811066371312e+01
3.692405798244571713e+01
3.692334864703576613e+01
3.692264011153829983e+01
3.692193238238236574e+01
3.692122546528861449e+01
3.692051936524311628e+01
3.691981408648388907e+01
3.691910963249319622e+01
3.691840600598309408e+01
3.691770320887408730e+01
3.691700124228261615e+01
3.691630010652406213e+01
3.691559980109929029e+01
3.691490032463627813e+01
3.691420167484056947e+01
3.691350384852947997e+01
3.691280684172573245e+01
3.691211064973450817e+01
3.691141526719616905e+01
3.691072068815261531e+01
3.691002690611460224e+01
3.690933391408035646e+01
3.690864170449964377e+01
3.690795026921639277e+01
3.690725959941524792e+01
3.690656968558461415e+01
3.690588051749538323e+01
3.690519208418248098e+01
3.690450437392941296e+01
3.690381737426932318e+01
3.690313107200944387e+01
3.690244545328282300e+01
3.690176050362829585e+01
3.690107620807435040e+01
3.690039255119084061e+01
3.689970951710078850e+01
3.689902708946778631e+01
3.689834525147275457e+01
3.689766398578863971e+01
3.689698327455619875e+01
3.689630309936069352e+01
3.689562344121640081e+01
3.689494428056375597e+01
3.689426559727237276e+01
3.689358737065182936e+01
3.689290957948879424e+01
3.689223220210846677e+01
3.689155521644186564e+01
3.689087860009605180e+01
3.689020233039706653e+01
3.688952638437638143e+01
3.688885073880116039e+01
3.688817537038768535e+01
3.688750025614527317e+01
3.688682537367056113e+01
3.688615070133557339e+01
3.688547621844656987e+01
3.688480190541069703e+01
3.688412774387343518e+01
3.688345371680339468e+01
3.688277980852747362e+01
3.688210600471339973e+01
3.688143229230162490e+01
3.688075865940602682e+01
3.688008509522730805e+01
3.687941159003648295e+01
3.687873813524804234e+01
3.687806472356515286e+01
3.687739134917749340e+01
3.687671800794443300e+01
3.687604469745261326e+01
3.687537141690885534e+01
3.687469816693470648e+01
3.687402494936581121e+01
3.687335176713223461e+01
3.687267862422828557e+01
3.687200552573112589e+01
3.687133247781255818e+01
3.687065948769618728e+01
3.686998656357179982e+01
3.686931371451850481e+01
3.686864095045314116e+01
3.686796828210894716e+01
3.686729572105122088e+01
3.686662327967836461e+01
3.686595097114013697e+01
3.686527880919646094e+01
3.686460680809088331e+01
3.686393498245909939e+01
3.686326334727638709e+01
3.686259191787914347e+01
3.686192071005258697e+01
3.686124974010199651e+01
3.686057902474167491e+01
3.685990858070931608e+01
3.685923842443876453e+01
3.685856857213703108e+01
3.685789904001232742e+01
3.685722984434620031e+01
3.685656100149166292e+01
3.685589252790247627e+01
3.685522444017316701e+01
3.685455675505368589e+01
3.685388948942905074e+01
3.685322266028236271e+01
3.685255628466568112e+01
3.685189037968643788e+01
3.685122496250652091e+01
3.685056005035207960e+01
3.684989566052431087e+01
3.684923181039757623e+01
3.684856851740094896e+01
3.684790579898223939e+01
3.684724367255250854e+01
3.684658215541698922e+01
3.684592126470499807e+01
3.684526101731056968e+01
3.684460142984966069e+01
3.684394251862611469e+01
3.684328429957812290e+01
3.684262678817700021e+01
3.684196999929178418e+01
3.684131394706757590e+01
3.684065864484471575e+01
3.684000410512279444e+01
3.683935033958115213e+01
3.683869735915880739e+01
3.683804517416066204e+01
3.683739379434621242e+01
3.683674322898411191e+01
3.683609348687951979e+01
3.683544457639265346e+01
3.683479650546897233e+01
3.683414928167238855e+01
3.683350291218819450e+01
3.683285740378902062e+01
3.683221276279491718e+01
3.683156899505781467e+01
3.683092610597030614e+01
3.683028410047835166e+01
3.682964298307838646e+01
3.682900275778712285e+01
3.682836342809096664e+01
3.682772499690118195e+01
3.682708746653155174e+01
3.682645083868961677e+01
3.682581511446402089e+01
3.682518029430605111e+01
3.682454637802668174e+01
3.682391336482586297e+01
3.682328125333243918e+01
3.682265004161879318e+01
3.682201972718915783e+01
3.682139030696210114e+01
3.682076177724812283e+01
3.682013413371360144e+01
3.681950737133116291e+01
3.681888148432025076e+01
3.681825646608864133e+01
3.681763230919256813e+01
3.681700900532108989e+01
3.681638654529415788e+01
3.681576491906650261e+01
3.681514411575201962e+01
3.681452412369481664e+01
3.681390493057736535e+01
3.681328652351983521e+01
3.681266888915221358e+01
3.681205201366683610e+01
3.681143588284665924e+01
3.681082048207107249e+01
3.681020579631786660e+01
3.680959181016318382e+01
3.680897850776883473e+01
3.680836587289206108e+01
3.680775388900626410e+01
3.680714253957280846e+01
3.680653180838383065e+01
3.680592167987203567e+01
3.680531213937850765e+01
3.680470317342351194e+01
3.680409476997435547e+01
3.680348691865476241e+01
3.680287961086470006e+01
3.680227283982415543e+01
3.680166660055756722e+01
3.680106088983041701e+01
3.680045570606063166e+01
3.679985104921715333e+01
3.679924692071383419e+01
3.679864332333237087e+01
3.679804026120575600e+01
3.679743773985425292e+01
3.679683576624481844e+01
3.679623434884851463e+01
3.679563349768430669e+01
3.679503322433267698e+01
3.679443354189078264e+01
3.679383446488571252e+01
3.679323600921111392e+01
3.679263819211355724e+01
3.679204103219244359e+01
3.679144454937272712e+01
3.679084876484642308e+01
3.679025370099946457e+01
3.678965938132697033e+01
3.678906583034839883e+01
3.678847307355006535e+01
3.678788113733635612e+01
3.678729004893619248e+01
3.678669983627827378e+01
3.678611052790824232e+01
3.678552215296523542e+01
3.678493474118475604e+01
3.678434832292784051e+01
3.678376292924821911e+01
3.678317859197019857e+01
3.678259534373237472e+01
3.678201321796523615e+01
3.678143224879949003e+01
3.678085247094034571e+01
3.678027391953984448e+01
3.677969663006138745e+01
3.677912063812964760e+01
3.677854597938340220e+01
3.677797268934786246e+01
3.677740080332937822e+01
3.677683035632868069e+01
3.677626138296771074e+01
3.677569391742916594e+01
3.677512799341159422e+01
3.677456364410495127e+01
3.677400090218952755e+01
3.677343979985145239e+01
3.677288036880207756e+01
3.677232264029540687e+01
3.677176664514358606e+01
3.677121241372751115e+01
3.677065997599864033e+01
3.677010936147406284e+01
3.676956059923050191e+01
3.676901371790130924e+01
3.676846874567436885e+01
3.676792571028516932e+01
3.676738463900500875e+01
3.676684555862912163e+01
3.676630849546396007e+01
3.676577347531432594e+01
3.676524052349107308e+01
3.676470966486159853e+01
3.676418092392469816e+01
3.676365432485916784e+01
3.676312989152067701e+01
3.676260764740560916e+01
3.676208761561485261e+01
3.676156981883610797e+01
3.676105427933884329e+01
3.676054101896732362e+01
3.676003005913069188e+01
3.675952142081253982e+01
3.675901512462528586e+01
3.675851119088398633e+01
3.675800963963737900e+01
3.675751049064427889e+01
3.675701376333832826e+01
3.675651947681026854e+01
3.675602764980092019e+01
3.675553830068539440e+01
3.675505144744366248e+01
3.675456710762721713e+01
3.675408529832867544e+01
3.675360603615913391e+01
3.675312933724406861e+01
3.675265521723867579e+01
3.675218369133449414e+01
3.675171477422502164e+01
3.675124848004220013e+01
3.675078482230747312e+01
3.675032381391396541e+01
3.674986546711944868e+01
3.674940979353728920e+01
3.674895680413524701e+01
3.674850650925174733e+01
3.674805891862873608e+01
3.674761404145136368e+01
3.674717188638858545e+01
3.674673246163576579e+01
3.674629577494071242e+01
3.674586183358678682e+01
3.674543064434101325e+01
3.674500221339237527e+01
3.674457654629506465e+01
3.674415364793112815e+01
3.674373352250433555e+01
3.674331617356029511e+01
3.674290160402022565e+01
3.674248981621961718e+01
3.674208081195173747e+01
3.674167459252475965e+01
3.674127115883449335e+01
3.674087051143805382e+01
3.674047265061102507e+01
3.674007757638117511e+01
3.673968528853980331e+01
3.673929578661896045e+01
3.673890906981221605e+01
3.673852513685444876e+01
3.673814398592212171e+01
3.673776561459395396e+01
3.673739001985540398e+01
3.673701719810996735e+01
3.673664714517199315e+01
3.673627985623021175e+01
3.673591532578990382e+01
3.673555354761305125e+01
3.673519451467799968e+01
3.673483821918489411e+01
3.673448465260689488e+01
3.673413380574235276e+01
3.673378566873291362e+01
3.673344023105331502e+01
3.673309748148859200e+01
3.673275740810050394e+01
3.673241999817835790e+01
3.673208523818017568e+01
3.673175311368642326e+01
3.673142360938690132e+01
3.673109670910465496e+01
3.673077239585493459e+01
3.673045065192554404e+01
3.673013145894557141e+01
3.672981479792096593e+01
3.672950064924182101e+01
3.672918899267509119e+01
3.672887980735340108e+01
3.672857307176089137e+01
3.672826876370937299e+01
3.672796686030568480e+01
3.672766733793073257e+01
3.672737017225749412e+01
3.672707533831188442e+01
3.672678281054626126e+01
3.672649256289250275e+01
3.672620456879168671e+01
3.672591880120913288e+01
3.672563523262805774e+01
3.672535383501688955e+01
3.672507457978491630e+01
3.672479743773983074e+01
3.672452237903755901e+01
3.672424937310957915e+01
3.672397838858449859e+01
3.672370939324459016e+01
3.672344235403894430e+01
3.672317723713351967e+01
3.672291400795930372e+01
3.672265263123026102e+01
3.672239307092524996e+01
3.672213529026404188e+01
3.672187925173308543e+01
3.672162491716966315e+01
3.672137224784996334e+01
3.672112120453721928e+01
3.672087174748013894e+01
3.672062383636752969e+01
3.672037743026729117e+01
3.672013248759371606e+01
3.671988896613219566e+01
3.671964682311465111e+01
3.671940601532310922e+01
3.671916649921286790e+01
3.671892823104336401e+01
3.671869116699838287e+01
3.671845526329553167e+01
3.671822047629863306e+01
3.671798676264176464e+01
3.671775407935826507e+01
3.671752238400088686e+01
3.671729163475805535e+01
3.671706179057699160e+01
3.671683281126927767e+01
3.671660465754820990e+01
3.671637729099119696e+01
3.671615067399431354e+01
3.671592476979017050e+01
3.671569954253597956e+01
3.671547495742883171e+01
3.671525098079076344e+01
3.671502758009059164e+01
3.671480472393155736e+01
3.671458238204000679e+01
3.671436052524332894e+01
3.671413912544009150e+01
3.671391815559844929e+01
3.671369758979645326e+01
3.671347740327787079e+01
3.671325757247885946e+01
3.671303807499908345e+01
3.671281888954458594e+01
3.671259999591254086e+01
3.671238137505684307e+01
3.671216300920635689e+01
3.671194488199866868e+01
3.671172697861779000e+01
3.671150928592602014e+01
3.671129179256654140e+01
3.671107448900955461e+01
3.671085736753995121e+01
3.671064042221089352e+01
3.671042364877888531e+01
3.671020704462130624e+01
3.670999060864910035e+01
3.670977434124280592e+01
3.670955824422953384e+01
3.670934232088327320e+01
3.670912657589019545e+01
3.670891101521355182e+01
3.670869564588850409e+01
3.670848047589875307e+01
3.670826551420508821e+01
3.670805077080031253e+01
3.670783625667252892e+01
3.670762198370029239e+01
3.670740796454772692e+01
3.670719421258598913e+01
3.670698074182050163e+01
3.670676756679876718e+01
3.670655470250451913e+01
3.670634216425384011e+01
3.670612996758150359e+01
3.670591812808642374e+01
3.670570666124400816e+01
3.670549558225060593e+01
3.670528490594297466e+01
3.670507464677040588e+01
3.670486481878819518e+01
3.670465543566479738e+01
3.670444651070360464e+01
3.670423805688123764e+01
3.670403008688782620e+01
3.670382261312829542e+01
3.670361564765352824e+01
3.670340920203990009e+01
3.670320328728052317e+01
3.670299791373782483e+01
3.670279309113703192e+01
3.670258882854410842e+01
3.670238513431735328e+01
3.670218201607364961e+01
3.670197948070726568e+01
3.670177753447200786e+01
3.670157618309646352e+01
3.670137543187299656e+01
3.670117528569794274e+01
3.670097574908269422e+01
3.670077682614910941e+01
3.670057852062107173e+01
3.670038083582479516e+01
3.670018377469497040e+01
3.669998733978190586e+01
3.669979153337845190e+01
3.669959635800540809e+01
3.669940181715315219e+01
3.669920791581083819e+01
3.669901466062065509e+01
3.669882205985373247e+01
3.669863012335983399e+01
3.669843886254327003e+01
3.669824829036708991e+01
3.669805842137775898e+01
3.669786927174927627e+01
3.669768085931755763e+01
3.669749320358658906e+01
3.669730632572967721e+01
3.669712024860536559e+01
3.669693499678396620e+01
3.669675059657906502e+01
3.669656707609358648e+01
3.669638446529898346e+01
3.669620279612902891e+01
3.669602210253854224e+01
3.669584242051733014e+01
3.669566378809044949e+01
3.669548624531655179e+01
3.669530983424431980e+01
3.669513459878221084e+01
3.669496058453119502e+01
3.669478783868760985e+01
3.669461641002785512e+01
3.669444634889794798e+01
3.669427770717771864e+01
3.669411053825287183e+01
3.669394489701910800e+01
3.669378083992526740e+01
3.669361842505150406e+01
3.669345771219040842e+01
3.669329876288328762e+01
3.669314164038241444e+01
3.669298640956071722e+01
3.669283313682529268e+01
3.669268189005629921e+01
3.669253273854486963e+01
3.669238575292122562e+01
3.669224100509163122e+01
3.669209856817818149e+01
3.669195851644796136e+01
3.669182092525382899e+01
3.669168587102198131e+01
3.669155343128525004e+01
3.669142368469896098e+01
3.669129671096608547e+01
3.669117259067966330e+01
3.669105140516320773e+01
3.669093323639010151e+01
3.669081816698084708e+01
3.669070628018569380e+01
3.669059765980788512e+01
3.669049239012784369e+01
3.669039055587509068e+01
3.669029224222452257e+01
3.669019753478389845e+01
3.669010651956963898e+01
3.669001928297775805e+01
3.668993591174795199e+01
3.668985649291504103e+01
3.668978111374286755e+01
3.668970986164063675e+01
3.668964282406756894e+01
3.668958008843267038e+01
3.668952174199938554e+01
3.668946787181166513e+01
3.668941856464827111e+01
3.668937390699559131e+01
3.668933398503406806e+01
3.668929888463242150e+01
3.668926869132921809e+01
3.668924349029298781e+01
3.668922336627744585e+01
3.668920840359329105e+01
3.668919868609654600e+01
3.668919429716326164e+01
3.668919531963789638e+01
3.668920183579825789e+01
3.668921392737401277e+01
3.668923167559439236e+01
3.668925516122130404e+01
3.668928446455321790e+01
3.668931966541048695e+01
3.668936084311681611e+01
3.668940807648361613e+01
3.668946144380017671e+01
3.668952102283849825e+01
3.668958689089019742e+01
3.668965912484047465e+01
3.668973780124104422e+01
3.668982299632853028e+01
3.668991478597565248e+01
3.669001324560439059e+01
3.669011845009718797e+01
3.669023047372376567e+01
3.669034939008444240e+01
3.669047527206709702e+01
3.669060819180413091e+01
3.669074822061383401e+01
3.669089542893293299e+01
3.669104988626573771e+01
3.669121166118588206e+01
3.669138082141593316e+01
3.669155743395085523e+01
3.669174156515806828e+01
3.669193328083467520e+01
3.669213264624513471e+01
3.669233972615604245e+01
3.669255458486406951e+01
3.669277728620342316e+01
3.669300789353481207e+01
3.669324646973439030e+01
3.669349307719143383e+01
3.669374777781185060e+01
3.669401063302561283e+01
3.669428170379902099e+01
3.669456105064792695e+01
3.669484873363437316e+01
3.669514481233112235e+01
3.669544934576371986e+01
3.669576239235060910e+01
3.669608400983739216e+01
3.669641425520380551e+01
3.669675318454536495e+01
3.669710085296469515e+01
3.669745731451745030e+01
3.669782262222830127e+01
3.669819682814011230e+01
3.669857998335132265e+01
3.669897213804070191e+01
3.669937334150083075e+01
3.669978364217940481e+01
3.670020308770974538e+01
3.670063172492090331e+01
3.670106959982335582e+01
3.670151675757230691e+01
3.670197324242217718e+01
3.670243909767820156e+01
3.670291436564017573e+01
3.670339908754718294e+01
3.670389330354275614e+01
3.670439705267217789e+01
3.670491037291484560e+01
3.670543330123800274e+01
3.670596587364661900e+01
3.670650812522250561e+01
3.670706009016049620e+01
3.670762180180170731e+01
3.670819329265992792e+01
3.670877459444123758e+01
3.670936573805867198e+01
3.670996675364010287e+01
3.671057767052143106e+01
3.671119851722428962e+01
3.671182932143555888e+01
3.671247011000833993e+01
3.671312090897951208e+01
3.671378174357749913e+01
3.671445263820271521e+01
3.671513361638955075e+01
3.671582470076732818e+01
3.671652591303487156e+01
3.671723727395946213e+01
3.671795880338738982e+01
3.671869052024288038e+01
3.671943244252307181e+01
3.672018458731049861e+01
3.672094697078655656e+01
3.672171960821474102e+01
3.672250251392190989e+01
3.672329570134386501e+01
3.672409918313027788e+01
3.672491297123212917e+01
3.672573707693355516e+01
3.672657151085349625e+01
3.672741628295028704e+01
3.672827140254468503e+01
3.672913687835556118e+01
3.673001271853366489e+01
3.673089893068459588e+01
3.673179552187622932e+01
3.673270249863927006e+01
3.673361986699605808e+01
3.673454763255265476e+01
3.673548580063188496e+01
3.673643437637410614e+01
3.673739336477279949e+01
3.673836277068964762e+01
3.673934259890954479e+01
3.674033285424526696e+01
3.674133354165864773e+01
3.674234466637596341e+01
3.674336623399739921e+01
3.674439825059972264e+01
3.674544072283111262e+01
3.674649365799819378e+01
3.674755706413552758e+01
3.674863095004779012e+01
3.674971532531692731e+01
3.675081020026632928e+01
3.675191558591144059e+01
3.675303149395804070e+01
3.675415793686093480e+01
3.675529492789233643e+01
3.675644248117615831e+01
3.675760061168428905e+01
3.675876933521044521e+01
3.675994866833234909e+01
3.676113862835531876e+01
3.676233923321888852e+01
3.676355050136540825e+01
3.676477245159202312e+01
3.676600510289005541e+01
3.676724847425212772e+01
3.676850258445401920e+01
3.676976745185594098e+01
3.677104309427007678e+01
3.677232952892936169e+01
3.677362677255369050e+01
3.677493484144824976e+01
3.677625375157163035e+01
3.677758351856301999e+01
3.677892415773622048e+01
3.678027568405423864e+01
3.678163811211643974e+01
3.678301145617792400e+01
3.678439573018142283e+01
3.678579094777764169e+01
3.678719712233277761e+01
3.678861426692543546e+01
3.679004239432000389e+01
3.679148151690802138e+01
3.679293164663675952e+01
3.679439279495631610e+01
3.679586497278523183e+01
3.679734819046533545e+01
3.679884245769321183e+01
3.680034778344484181e+01
3.680186417591093573e+01
3.680339164244488614e+01
3.680493018951659678e+01
3.680647982267013418e+01
3.680804054648920243e+01
3.680961236457134333e+01
3.681119527951283743e+01
3.681278929291892865e+01
3.681439440545980091e+01
3.681601061696355259e+01
3.681763792650721001e+01
3.681927633248628950e+01
3.682092583266876318e+01
3.682258642423342110e+01
3.682425810378677511e+01
3.682594086735558392e+01
3.682763471035700320e+01
3.682933962756379742e+01
3.683105561310075160e+01
3.683278266049556748e+01
3.683452076275508347e+01
3.683626991241325754e+01
3.683803010153818036e+01
3.683980132172060706e+01
3.684158356406145174e+01
3.684337681916708362e+01
3.684518107715823731e+01
3.684699632769255828e+01
3.684882255999487199e+01
3.685065976288167633e+01
3.685250792475925152e+01
3.685436703358573851e+01
3.685623707679906147e+01
3.685811804121373569e+01
3.686000991291273721e+01
3.686191267718221809e+01
3.686382631850369052e+01
3.686575082057641595e+01
3.686768616634751083e+01
3.686963233804694084e+01
3.687158931721861421e+01
3.687355708472414761e+01
3.687553562070866775e+01
3.687752490455095966e+01
3.687952491483215312e+01
3.688153562933067064e+01
3.688355702502008171e+01
3.688558907805719400e+01
3.688763176377892705e+01
3.688968505671471831e+01
3.689174893059209381e+01
3.689382335832275572e+01
3.689590831197992316e+01
3.689800376277846539e+01
3.690010968105517009e+01
3.690222603623716680e+01
3.690435279679680036e+01
3.690648993020739965e+01
3.690863740291366923e+01
3.691079518030984019e+01
3.691296322671100683e+01
3.691514150531956773e+01
3.691732997819651985e+01
3.691952860623662502e+01
3.692173734914552341e+01
3.692395616542655290e+01
3.692618501238025885e+01
3.692842384610771944e+01
3.693067262152656838e+01
3.693293129244154471e+01
3.693519981169489341e+01
3.693747813136254621e+01
3.693976620293270940e+01
3.694206397742411241e+01
3.694437140545644382e+01
3.694668843732959118e+01
3.694901502313499009e+01
3.695135111286889895e+01
3.695369665653591085e+01
3.695605160426222824e+01
3.695841590641471441e+01
3.696078951371902832e+01
3.696317237739713590e+01
3.696556444929710494e+01
3.696796568194001509e+01
3.697037602849386673e+01
3.697279544276685925e+01
3.697522387925334897e+01
3.697766129317586348e+01
3.698010764048714094e+01
3.698256287787414465e+01
3.698502696279124535e+01
3.698749985348270997e+01
3.698998150898275838e+01
3.699247188912243445e+01
3.699497095452375106e+01
3.699747866655201278e+01
3.699999498725345859e+01
3.700251987930264619e+01
3.700505330594983633e+01
3.700759523096737524e+01
3.701014561860385754e+01
3.701270443353632089e+01
3.701527164079711696e+01
3.701784720567251696e+01
3.702043109360030826e+01
3.702302327008789007e+01
3.702562370064683961e+01
3.702823235072752084e+01
3.703084918563126138e+01
3.703347417038937550e+01
3.703610726962759969e+01
3.703874844744218109e+01
3.704139766729836225e+01
3.704405489195126933e+01
3.704672008338820177e+01
3.704939320279135018e+01
3.705207421051127170e+01
3.705476306604126790e+01
3.705745972800541210e+01
3.706016415417095544e+01
3.706287630146162115e+01
3.706559612594462294e+01
3.706832358279334017e+01
3.707105862624214865e+01
3.707380120954712055e+01
3.707655128496615760e+01
3.707930880376348171e+01
3.708207371622095394e+01
3.708484597162791374e+01
3.708762551823110698e+01
3.709041230315046533e+01
3.709320627229099898e+01
3.709600737028490869e+01
3.709881554047648677e+01
3.710163072494115966e+01
3.710445286453172997e+01
3.710728189893245599e+01
3.711011776667996998e+01
3.711296040514427119e+01
3.711580975050188869e+01
3.711866573771295919e+01
3.712152830049141983e+01
3.712439737127137818e+01
3.712727288118316693e+01
3.713015476004299842e+01
3.713304293635433595e+01
3.713593733731900670e+01
3.713883788884533033e+01
3.714174451554364964e+01
3.714465714072373004e+01
3.714757568640582264e+01
3.715050007333267956e+01
3.715343022097086134e+01
3.715636604750617522e+01
3.715930746985370092e+01
3.716225440370390487e+01
3.716520676359010622e+01
3.716816446293552190e+01
3.717112741406329945e+01
3.717409552818600815e+01
3.717706871539328972e+01
3.718004688463648932e+01
3.718302994369771142e+01
3.718601779914914829e+01
3.718901035632895713e+01
3.719200751934923943e+01
3.719500919112257975e+01
3.719801527336321101e+01
3.720102566652094822e+01
3.720404026966451028e+01
3.720705898037840598e+01
3.721008169470955806e+01
3.721310830714799067e+01
3.721613871062990597e+01
3.721917279658264022e+01
3.722221045500857173e+01
3.722525157456126976e+01
3.722829604258360092e+01
3.723134374512054734e+01
3.723439456692710081e+01
3.723744839148007202e+01
3.724050510099964839e+01
3.724356457648554652e+01
3.724662669775607782e+01
3.724969134345117538e+01
3.725275839096429564e+01
3.725582771633246892e+01
3.725889919415843110e+01
3.726197269758539221e+01
3.726504809828639253e+01
3.726812526645856138e+01
3.727120407084755271e+01
3.727428437879336087e+01
3.727736605625090505e+01
3.728044896776179229e+01
3.728353297639500852e+01
3.728661794368071725e+01
3.728970372954604784e+01
3.729279019228008707e+01
3.729587718859921353e+01
3.729896457384489139e+01
3.730205220224868867e+01
3.730513992716804239e+01
3.730822760124612358e+01
3.731131507652388990e+01
3.731440220455313295e+01
3.731748883652414150e+01
3.732057482340703558e+01
3.732366001610081696e+01
3.732674426555815472e+01
3.732982742284389843e+01
3.733290933913607290e+01
3.733598986574155987e+01
3.733906885415460408e+01
3.734214615609391075e+01
3.734522162348321928e+01
3.734829510842021705e+01
3.735136646316296805e+01
3.735443554012610434e+01
3.735750219191598376e+01
3.736056627144667175e+01
3.736362763210762239e+01
3.736668612793321387e+01
3.736974161377335690e+01
3.737279394546501265e+01
3.737584297999306671e+01
3.737888857565307177e+01
3.738193059222186321e+01
3.738496889111060284e+01
3.738800333547888499e+01
3.739103379031084984e+01
3.739406012246209343e+01
3.739708220068610700e+01
3.740009989565487558e+01
3.740311307999119350e+01
3.740612162831949661e+01
3.740912541732641472e+01
3.741212432581551894e+01
3.741511823473866372e+01
3.741810702717963011e+01
3.742109058827152523e+01
3.742406880506941036e+01
3.742704156644139601e+01
3.743000876302018298e+01
3.743297028719452868e+01
3.743592603310558076e+01
3.743887589663352600e+01
3.744181977535981787e+01
3.744475756849541881e+01
3.744768917680117681e+01
3.745061450254818425e+01
3.745353344952975760e+01
3.745644592308708809e+01
3.745935183011150826e+01
3.746225107902729690e+01
3.746514357977544307e+01
3.746802924379647237e+01
3.747090798400843425e+01
3.747377971479649972e+01
3.747664435202411681e+01
3.747950181306453743e+01
3.748235201685482565e+01
3.748519488395471200e+01
3.748803033657525674e+01
3.749085829857445162e+01
3.749367869545471166e+01
3.749649145437506093e+01
3.749929650414865989e+01
3.750209377521114362e+01
3.750488319958607519e+01
3.750766471086790688e+01
3.751043824419816275e+01
3.751320373619192594e+01
3.751596112481080070e+01
3.751871034923974690e+01
3.752145134983699393e+01
3.752418406816776297e+01
3.752690844707888118e+01
3.752962443076857824e+01
3.753233196482506884e+01
3.753503099623011963e+01
3.753772147333926057e+01
3.754040334585516092e+01
3.754307656478448507e+01
3.754574108231875584e+01
3.754839685163342722e+01
3.755104382673371077e+01
3.755368196245142087e+01
3.755631121454604937e+01
3.755893153981752874e+01
3.756154289617814612e+01
3.756414524265525756e+01
3.756673853932097273e+01
3.756932274717998865e+01
3.757189782807397904e+01
3.757446374465710193e+01
3.757702046045238831e+01
3.757956793994615197e+01
3.758210614866577970e+01
3.758463505322448839e+01
3.758715462135243968e+01
3.758966482191424063e+01
3.759216562487382163e+01
3.759465700119800857e+01
3.759713892275811276e+01
3.759961136228903911e+01
3.760207429340881902e+01
3.760452769066342427e+01
3.760697152956289813e+01
3.760940578659309352e+01
3.761183043920604518e+01
3.761424546580252581e+01
3.761665084570974926e+01
3.761904655914644025e+01
3.762143258718305106e+01
3.762380891171368091e+01
3.762617551544744288e+01
3.762853238191944172e+01
3.763087949549872491e+01
3.763321684135344469e+01
3.763554440537028256e+01
3.763786217408450341e+01
3.764017013467053374e+01
3.764246827497048287e+01
3.764475658348663245e+01
3.764703504929214972e+01
3.764930366192135835e+01
3.765156241134275916e+01
3.765381128799743493e+01
3.765605028283446387e+01
3.765827938737657377e+01
3.766049859383259246e+01
3.766270789518454620e+01
3.766490728522317966e+01
3.766709675856008488e+01
3.766927631062915793e+01
3.767144593768999528e+01
3.767360563685078745e+01
3.767575540610392437e+01
3.767789524434404314e+01
3.768002515135592745e+01
3.768214512779555037e+01
3.768425517517317047e+01
3.768635529580808452e+01
3.768844549275916478e+01
3.769052576977865954e+01
3.769259613129339925e+01
3.769465658238593875e+01
3.769670712876600049e+01
3.769874777669228649e+01
3.770077853279978086e+01
3.770279940391340290e+01
3.770481039700397474e+01
3.770681151929706942e+01
3.770880277839261652e+01
3.771078418230659679e+01
3.771275573946793003e+01
3.771471745870957903e+01
3.771666934924397907e+01
3.771861142062496697e+01
3.772054368269115088e+01
3.772246614543818310e+01
3.772437881883944755e+01
3.772628171274369890e+01
3.772817483691105167e+01
3.773005820112204134e+01
3.773193181528279183e+01
3.773379568949318497e+01
3.773564983405564277e+01
3.773749425940207658e+01
3.773932897597020997e+01
3.774115399411303429e+01
3.774296932406478078e+01
3.774477497589521136e+01
3.774657095940548857e+01
3.774835728400164925e+01
3.775013395860801779e+01
3.775190099163619806e+01
3.775365839095697851e+01
3.775540616382155434e+01
3.775714431679163141e+01
3.775887285581069364e+01
3.776059178642048408e+01
3.776230111398820100e+01
3.776400084386940392e+01
3.776569098152518933e+01
3.776737153260912550e+01
3.776904250302017374e+01
3.777070389891757429e+01
3.777235572669878394e+01
3.777399799290921578e+01
3.777563070402921852e+01
3.777725386619689374e+01
3.777886748502525904e+01
3.778047156556861808e+01
3.778206611234532630e+01
3.778365112931584235e+01
3.778522661982272979e+01
3.778679258658141293e+01
3.778834903175073379e+01
3.778989595703185245e+01
3.779143336377977391e+01
3.779296125315583765e+01
3.779447962628603364e+01
3.779598848433849412e+01
3.779748782851237365e+01
3.779897766001504777e+01
3.780045798007045477e+01
3.780192878993336336e+01
3.780339009088219626e+01
3.780484188420795277e+01
3.780628417122461116e+01
3.780771695327855042e+01
3.780914023172194760e+01
3.781055400786183185e+01
3.781195828292671024e+01
3.781335305808091363e+01
3.781473833449840072e+01
3.781611411349499718e+01
3.781748039668696748e+01
3.781883718611451428e+01
3.782018448428254942e+01
3.782152229410107225e+01
3.782285061875936805e+01
3.782416946163723992e+01
3.782547882632824354e+01
3.782677871673018899e+01
3.782806913712295227e+01
3.782935009221811384e+01
3.783062158717545032e+01
3.783188362755316803e+01
3.783313621919393199e+01
3.783437936808358870e+01
3.783561308021771907e+01
3.783683736152860178e+01
3.783805221790955642e+01
3.783925765530268848e+01
3.784045367979242513e+01
3.784164029768355419e+01
3.784281751556263629e+01
3.784398534033805817e+01
3.784514377926451800e+01
3.784629283997624327e+01
3.784743253053586187e+01
3.784856285947446963e+01
3.784968383579961682e+01
3.785079546895944702e+01
3.785189776876692491e+01
3.785299074531529584e+01
3.785407440892278430e+01
3.785514877013090995e+01
3.785621383975831122e+01
3.785726962897896186e+01
3.785831614938672374e+01
3.785935341303561330e+01
3.786038143246347687e+01
3.786140022070109268e+01
3.786240979124719530e+01
3.786341015798605980e+01
3.786440133506704342e+01
3.786538333680272217e+01
3.786635617761766071e+01
3.786731987203908290e+01
3.786827443470998844e+01
3.786921988040516140e+01
3.787015622403455239e+01
3.787108348063110697e+01
3.787200166532105072e+01
3.787291079325910914e+01
3.787381087951801106e+01
3.787470193897112125e+01
3.787558398621995082e+01
3.787645703555281074e+01
3.787732110089086035e+01
3.787817619574579453e+01
3.787902233326335732e+01
3.787985952634664955e+01
3.788068778777856238e+01
3.788150713034024619e+01
3.788231756699004649e+01
3.788311911109798302e+01
3.788391177666458987e+01
3.788469557846385527e+01
3.788547053209263993e+01
3.788623665395972751e+01
3.788699396125633712e+01
3.788774247191015832e+01
3.788848220451301785e+01
3.788921317823307078e+01
3.788993541272981957e+01
3.789064892809260954e+01
3.789135374481418239e+01
3.789204988378955363e+01
3.789273736632172529e+01
3.789341621412158645e+01
3.789408644930391290e+01
3.789474809438436154e+01
3.789540117226479055e+01
3.789604570619424351e+01
3.789668171972798660e+01
3.789730923672748730e+01
3.789792828140227243e+01
3.789853887835277391e+01
3.789914105259083499e+01
3.789973482953480044e+01
3.790032023497065694e+01
3.790089729496045834e+01
3.790146603569826311e+01
3.790202648337965030e+01
3.790257866414532373e+01
3.790312260405684697e+01
3.790365832905878563e+01
3.790418586493790087e+01
3.790470523727946528e+01
3.790521647144696260e+01
3.790571959263971280e+01
3.790621462601287561e+01
3.790670159679451956e+01
3.790718053035988078e+01
3.790765145226369270e+01
3.790811438826672486e+01
3.790856936438670033e+01
3.790901640695985719e+01
3.790945554267343454e+01
3.790988679853862209e+01
3.791031020181100075e+01
3.791072577989829284e+01
3.791113356028373005e+01
3.791153357046206196e+01
3.791192583788927095e+01
3.791231038996929215e+01
3.791268725409329932e+01
3.791305645770441402e+01
3.791341802832922525e+01
3.791377199353924965e+01
3.791411838085394947e+01
3.791445721763005849e+01
3.791478853099093271e+01
3.791511234782603168e+01
3.791542869483811273e+01
3.791573759859632275e+01
3.791603908558730751e+01
3.791633318226833183e+01
3.791661991510964924e+01
3.791689931063399399e+01
3.791717139548725157e+01
3.791743619652955744e+01
3.791769374088945455e+01
3.791794405597809003e+01
3.791818716950828616e+01
3.791842310950094941e+01
3.791865190421458465e+01
3.791887358201537950e+01
3.791908817130958909e+01
3.791929570060850097e+01
3.791949619864790577e+01
3.791968969445886728e+01
3.791987621737131064e+01
3.792005579697769946e+01
3.792022846307330752e+01
3.792039424556338645e+01
3.792055317433921147e+01
3.792070527913558209e+01
3.792085058932409680e+01
3.792098913363329871e+01
3.792112093991860178e+01
3.792124603507048874e+01
3.792136444504060933e+01
3.792147619495167277e+01
3.792158130922095438e+01
3.792167981158741696e+01
3.792177172502971416e+01
3.792185707169393538e+01
3.792193587291394863e+01
3.792200814927260666e+01
3.792207392062989868e+01
3.792213320610333227e+01
3.792218602401038652e+01
3.792223239179046601e+01
3.792227232592397712e+01
3.792230584184458309e+01
3.792233295383590530e+01
3.792235367492916964e+01
3.792236801683301906e+01
3.792237598991501102e+01
3.792237760323175166e+01
3.792237286457761769e+01
3.792236178051688000e+01
3.792234435639346657e+01
3.792232059633292351e+01
3.792229050324828421e+01
3.792225407885568700e+01
3.792221132369878944e+01
3.792216223717218782e+01
3.792210681753220314e+01
3.792204506189112578e+01
3.792197696619683711e+01
3.792190252519880289e+01
3.792182173240825449e+01
3.792173458006907794e+01
3.792164105913942507e+01
3.792154115925970359e+01
3.792143486870110536e+01
3.792132217432581598e+01
3.792120306157941911e+01
3.792107751450269149e+01
3.792094551575036832e+01
3.792080704662538437e+01
3.792066208714827980e+01
3.792051061616258778e+01
3.792035261143734459e+01
3.792018804971799284e+01
3.792001690672174874e+01
3.791983915711059439e+01
3.791965477446230182e+01
3.791946373124443426e+01
3.791926599879221271e+01
3.791906154726301992e+01
3.791885034554711353e+01
3.791863236122214431e+01
3.791840756068307883e+01
3.791817590942497418e+01
3.791793737233948747e+01
3.791769191395096783e+01
3.791743949857267637e+01
3.791718009035978554e+01
3.791691365327273644e+01
3.791664015100656115e+01
3.791635954694352506e+01
3.791607180416137624e+01
3.791577688548152736e+01
3.791547475351037377e+01
3.791516537065830050e+01
3.791484869916058642e+01
3.791452470111784123e+01
3.791419333855979090e+01
3.791385457350912702e+01
3.791350836799174573e+01
3.791315468399054112e+01
3.791279348342350630e+01
3.791242472822322185e+01
3.791204838049031878e+01
3.791166440262558268e+01
3.791127275739870583e+01
3.791087340796256200e+01
3.791046631781773613e+01
3.791005145073231830e+01
3.790962877060324132e+01
3.790919824126305571e+01
3.790875982633352237e+01
3.790831348922336019e+01
3.790785919322048159e+01
3.790739690157550967e+01
3.790692657757357154e+01
3.790644818464217281e+01
3.790596168645130604e+01
3.790546704691515600e+01
3.790496423011493476e+01
3.790445320022660525e+01
3.790393392146808083e+01
3.790340635803668334e+01
3.790287047401550069e+01
3.790232623325047712e+01
3.790177359926261147e+01
3.790121253527216538e+01
3.790064300432425171e+01
3.790006496943968273e+01
3.789947839374347183e+01
3.789888324058264146e+01
3.789827947365182581e+01
3.789766705710132300e+01
3.789704595558968947e+01
3.789641613428467792e+01
3.789577755884473476e+01
3.789513019538391347e+01
3.789447401041837082e+01
3.789380897083128730e+01
3.789313504386125686e+01
3.789245219706141654e+01
3.789176039820601005e+01
3.789105961521158861e+01
3.789034981617509601e+01
3.788963096951232501e+01
3.788890304406809406e+01
3.788816600914563537e+01
3.788741983451551931e+01
3.788666449045869200e+01
3.788589994783484372e+01
3.788512617812548200e+01
3.788434315339614500e+01
3.788355084615737667e+01
3.788274922919347176e+01
3.788193827550628612e+01
3.788111795842165463e+01
3.788028825172413150e+01
3.787944912971768474e+01
3.787860056726886882e+01
3.787774253990069440e+01
3.787687502391371197e+01
3.787599799646143595e+01
3.787511143553609827e+01
3.787421531990278112e+01
3.787330962904919573e+01
3.787239434316854414e+01
3.787146944315998809e+01
3.787053491064173727e+01
3.786959072797298376e+01
3.786863687825530889e+01
3.786767334528938989e+01
3.786670011351898779e+01
3.786571716802077958e+01
3.786472449452241307e+01
3.786372207936508971e+01
3.786270990940086989e+01
3.786168797188710045e+01
3.786065625441588622e+01
3.785961474491377032e+01
3.785856343174656757e+01
3.785750230389827209e+01
3.785643135111884305e+01
3.785535056393946007e+01
3.785425993356120244e+01
3.785315945172232688e+01
3.785204911062592004e+01
3.785092890289780598e+01
3.784979882146841135e+01
3.784865885934270580e+01
3.784750900936331419e+01
3.784634926410221567e+01
3.784517961592973023e+01
3.784400005720045357e+01
3.784281058043625023e+01
3.784161117843232347e+01
3.784040184431849951e+01
3.783918257167311339e+01
3.783795335472456856e+01
3.783671418852764390e+01
3.783546506897411632e+01
3.783420599264960771e+01
3.783293695668548651e+01
3.783165795872965731e+01
3.783036899703622424e+01
3.782907007056781623e+01
3.782776117900148449e+01
3.782644232264402717e+01
3.782511350232493896e+01
3.782377471928450063e+01
3.782242597507647730e+01
3.782106727153710324e+01
3.781969861081153539e+01
3.781831999537931921e+01
3.781693142805557528e+01
3.781553291197561606e+01
3.781412445057760863e+01
3.781270604759990306e+01
3.781127770709002789e+01
3.780983943340595488e+01
3.780839123121245393e+01
3.780693310549796138e+01
3.780546506159825526e+01
3.780398710517341243e+01
3.780249924213116941e+01
3.780100147855523574e+01
3.779949382069882091e+01
3.779797627506003010e+01
3.779644884850596753e+01
3.779491154840857092e+01
3.779336438278139809e+01
3.779180736039698729e+01
3.779024049084478776e+01
3.778866378451311903e+01
3.778707725253122618e+01
3.778548090671328907e+01
3.778387475951026175e+01
3.778225882400843005e+01
3.778063311403421665e+01
3.777899764432035568e+01
3.777735243061262338e+01
3.777569748966462271e+01
3.777403283917897170e+01
3.777235849776897680e+01
3.777067448494076274e+01
3.776898082104229104e+01
3.776727752713355102e+01
3.776556462479724274e+01
3.776384213598854700e+01
3.776211008301440586e+01
3.776036848863845563e+01
3.775861737622015113e+01
3.775685676978854133e+01
3.775508669403335915e+01
3.775330717426288629e+01
3.775151823635125936e+01
3.774971990666621480e+01
3.774791221201828506e+01
3.774609517969964401e+01
3.774426883760384044e+01
3.774243321435427845e+01
3.774058833938887858e+01
3.773873424298632528e+01
3.773687095624848098e+01
3.773499851106724634e+01
3.773311694008849315e+01
3.773122627668185203e+01
3.772932655495630883e+01
3.772741780983137261e+01
3.772550007706141173e+01
3.772357339312665658e+01
3.772163779506960424e+01
3.771969332038403877e+01
3.771774000697227081e+01
3.771577789318907037e+01
3.771380701795382606e+01
3.771182742080522132e+01
3.770983914183126018e+01
3.770784222154277643e+01
3.770583670077232341e+01
3.770382262063345280e+01
3.770180002252576656e+01
3.769976894813709123e+01
3.769772943943202392e+01
3.769568153867945881e+01
3.769362528855609185e+01
3.769156073227817672e+01
3.768948791368268303e+01
3.768740687724609018e+01
3.768531766809051220e+01
3.768322033200843180e+01
3.768111491547273317e+01
3.767900146558639562e+01
3.767688002999908292e+01
3.767475065682278057e+01
3.767261339449969171e+01
3.767046829162826072e+01
3.766831539684087460e+01
3.766615475873898333e+01
3.766398642583025236e+01
3.766181044651143139e+01
3.765962686917210078e+01
3.765743574238507563e+01
3.765523711506859428e+01
3.765303103652674110e+01
3.765081755637398686e+01
3.764859672444508476e+01
3.764636859077030806e+01
3.764413320560419862e+01
3.764189061947193693e+01
3.763964088322148882e+01
3.763738404806514382e+01
3.763512016559856477e+01
3.763284928782771033e+01
3.763057146723954816e+01
3.762828675689036828e+01
3.762599521043853912e+01
3.762369688209451368e+01
3.762139182653768188e+01
3.761908009886150950e+01
3.761676175456545934e+01
3.761443684957317402e+01
3.761210544025755809e+01
3.760976758348529358e+01
3.760742333669547577e+01
3.760507275798119764e+01
3.760271590612143910e+01
3.760035284054286109e+01
3.759798362122410964e+01
3.759560830857480340e+01
3.759322696335059533e+01
3.759083964666661615e+01
3.758844642009273684e+01
3.758604734574596051e+01
3.758364248635743365e+01
3.758123190538142921e+01
3.757881566716564237e+01
3.757639383709228298e+01
3.757396648161888919e+01
3.757153366825870933e+01
3.756909546553284684e+01
3.756665194285425002e+01
3.756420317038343626e+01
3.756174921899238228e+01
3.755929016034428969e+01
3.755682606693350323e+01
3.755435701201720633e+01
3.755188306954427446e+01
3.754940431415231217e+01
3.754692082116858387e+01
3.754443266654762112e+01
3.754193992676114533e+01
3.753944267867335327e+01
3.753694099939286133e+01
3.753443496611972563e+01
3.753192465608898942e+01
3.752941014664858699e+01
3.752689151534997336e+01
3.752436883993351557e+01
3.752184219823113409e+01
3.751931166811372265e+01
3.751677732758861339e+01
3.751423925499734935e+01
3.751169752917746081e+01
3.750915222953945261e+01
3.750660343610682190e+01
3.750405122957165815e+01
3.750149569135800931e+01
3.749893690362004861e+01
3.749637494911844016e+01
3.749380991101390492e+01
3.749124187269394781e+01
3.748867091773495019e+01
3.748609712999677157e+01
3.748352059375632450e+01
3.748094139381676371e+01
3.747835961559528783e+01
3.747577534518659093e+01
3.747318866938246629e+01
3.747059967565537875e+01
3.746800845213421383e+01
3.746541508758498651e+01
3.746281967138853730e+01
3.746022229350661803e+01
3.745762304444206592e+01
3.745502201521366459e+01
3.745241929735724540e+01
3.744981498293658007e+01
3.744720916453865556e+01
3.744460193524754743e+01
3.744199338860269677e+01
3.743938361853866326e+01
3.743677271931321826e+01
3.743416078545202907e+01
3.743154791172929663e+01
3.742893419318743753e+01
3.742631972517818184e+01
3.742370460338415228e+01
3.742108892380251461e+01
3.741847278270810051e+01
3.741585627660492719e+01
3.741323950215622318e+01
3.741062255610083298e+01
3.740800553519398619e+01
3.740538853619091242e+01
3.740277165583047037e+01
3.740015499077590988e+01
3.739753863755172603e+01
3.739492269254093060e+01
3.739230725202224903e+01
3.738969241218782003e+01
3.738707826914535559e+01
3.738446491893581936e+01
3.738185245756869080e+01
3.737924098106500281e+01
3.737663058548865536e+01
3.737402136693885524e+01
3.737141342150543721e+01
3.736880684522424190e+01
3.736620173405876244e+01
3.736359818389154697e+01
3.736099629048055704e+01
3.735839614933848907e+01
3.735579785552744170e+01
3.735320150341549805e+01
3.735060718649088329e+01
3.734801499731824492e+01
3.734542502762355554e+01
3.734283736842186130e+01
3.734025211013625523e+01
3.733766934269349491e+01
3.733508915557963093e+01
3.733251163784991178e+01
3.732993687809283756e+01
3.732736496434458928e+01
3.732479598397026166e+01
3.732223002355490848e+01
3.731966716883545843e+01
3.731710750465894222e+01
3.731455111493092858e+01
3.731199808255816919e+01
3.730944848943504155e+01
3.730690241649234906e+01
3.730435994376070141e+01
3.730182115040371826e+01
3.729928611472587363e+01
3.729675491418034028e+01
3.729422762538954572e+01
3.729170432417048886e+01
3.728918508555041456e+01
3.728666998376878894e+01
3.728415909226950475e+01
3.728165248368632945e+01
3.727915022982732296e+01
3.727665240167095817e+01
3.727415906938363577e+01
3.727167030235283818e+01
3.726918616922019822e+01
3.726670673790684418e+01
3.726423207563381368e+01
3.726176224894147992e+01
3.725929732371001535e+01
3.725683736518171685e+01
3.725438243797947280e+01
3.725193260611156632e+01
3.724948793296575644e+01
3.724704848130531332e+01
3.724461431326892580e+01
3.724218549036672954e+01
3.723976207347332945e+01
3.723734412283262429e+01
3.723493169808785552e+01
3.723252485833211978e+01
3.723012366215793634e+01
3.722772816768923576e+01
3.722533843259581943e+01
3.722295451409904388e+01
3.722057646897457062e+01
3.721820435355022738e+01
3.721583822369608896e+01
3.721347813481354905e+01
3.721112414183415495e+01
3.720877629922522800e+01
3.720643466098669450e+01
3.720409928063043026e+01
3.720177021115076599e+01
3.719944750500668107e+01
3.719713121413619206e+01
3.719482139002226972e+01
3.719251808382506397e+01
3.719022134655011769e+01
3.718793122917565341e+01
3.718564778269222160e+01
3.718337105806337917e+01
3.718110110612992969e+01
3.717883797748191910e+01
3.717658172232681579e+01
3.717433239037415404e+01
3.717209003074655271e+01
3.716985469191891411e+01
3.716762642168003339e+01
3.716540526710878822e+01
3.716319127456790028e+01
3.716098448972783785e+01
3.715878495761994316e+01
3.715659272269834190e+01
3.715440782889204030e+01
3.715223031963757450e+01
3.715006023789315037e+01
3.714789762615664870e+01
3.714574252651476627e+01
3.714359498071847554e+01
3.714145503024874273e+01
3.713932271634129734e+01
3.713719807996073996e+01
3.713508116173762375e+01
3.713297200189384739e+01
3.713087064016022509e+01
3.712877711567849559e+01
3.712669146690419097e+01
3.712461373153693245e+01
3.712254394648466160e+01
3.712048214785812661e+01
3.711842837099943182e+01
3.711638265053395003e+01
3.711434502040567907e+01
3.711231551387751892e+01
3.711029416352271681e+01
3.710828100123296736e+01
3.710627605823999886e+01
3.710427936513726621e+01
3.710229095189280457e+01
3.710031084785329369e+01
3.709833908176180017e+01
3.709637568182612455e+01
3.709442067583875513e+01
3.709247409128807504e+01
3.709053595538182435e+01
3.708860629494592587e+01
3.708668513623854324e+01
3.708477250477871223e+01
3.708286842525385651e+01
3.708097292147313340e+01
3.707908601631483236e+01
3.707720773168941975e+01
3.707533808856290847e+01
3.707347710701533572e+01
3.707162480627287948e+01
3.706978120470397897e+01
3.706794631981048838e+01
3.706612016823250855e+01
3.706430276576099203e+01
3.706249412734254634e+01
3.706069426706960712e+01
3.705890319816082012e+01
3.705712093293757903e+01
3.705534748280245338e+01
3.705358285822443065e+01
3.705182706872608378e+01
3.705008012286101859e+01
3.704834202817665556e+01
3.704661279117311068e+01
3.704489241727377191e+01
3.704318091080949671e+01
3.704147827502420398e+01
3.703978451212915957e+01
3.703809962339721551e+01
3.703642360924433063e+01
3.703475646927702059e+01
3.703309820231833527e+01
3.703144880641146131e+01
3.702980827879888892e+01
3.702817661589578790e+01
3.702655381327404172e+01
3.702493986565700368e+01
3.702333476692493974e+01
3.702173851013508710e+01
3.702015108754947903e+01
3.701857249065498223e+01
3.701700271016964905e+01
3.701544173604516885e+01
3.701388955747518850e+01
3.701234616290744839e+01
3.701081154005500906e+01
3.700928567590545271e+01
3.700776855672717858e+01
3.700626016807176910e+01
3.700476049476954898e+01
3.700326952091828758e+01
3.700178722988361102e+01
3.700031360432760152e+01
3.699884862624911364e+01
3.699739227701625310e+01
3.699594453739594258e+01
3.699450538757956508e+01
3.699307480718719177e+01
3.699165277524446083e+01
3.699023927014879831e+01
3.698883426964044219e+01
3.698743775077348772e+01
3.698604968988396990e+01
3.698467006258132983e+01
3.698329884379833032e+01
3.698193600788863478e+01
3.698058152870786586e+01
3.697923537964497598e+01
3.697789753364669707e+01
3.697656796329081175e+01
3.697524664092650681e+01
3.697393353885087919e+01
3.697262862945313344e+01
3.697133188527807590e+01
3.697004327902029530e+01
3.696876278351451361e+01
3.696749037178339847e+01
3.696622601712719103e+01
3.696496969317832537e+01
3.696372137388195256e+01
3.696248103344627367e+01
3.696124864632500362e+01
3.696002418723974614e+01
3.695880763120337065e+01
3.695759895350729352e+01
3.695639812966396676e+01
3.695520513532592588e+01
3.695401994620686992e+01
3.695284253800455332e+01
3.695167288632086411e+01
3.695051096659350520e+01
3.694935675405201891e+01
3.694821022369427510e+01
3.694707135027660172e+01
3.694594010831457354e+01
3.694481647209064334e+01
3.694370041566566698e+01
3.694259191289619793e+01
3.694149093745671308e+01
3.694039746285982773e+01
3.693931146246972475e+01
3.693823290950675187e+01
3.693716177704329340e+01
3.693609803799767377e+01
3.693504166513284304e+01
3.693399263105323627e+01
3.693295090818591575e+01
3.693191646874132061e+01
3.693088928466128351e+01
3.692986932757781915e+01
3.692885656881372825e+01
3.692785097942412875e+01
3.692685253023115877e+01
3.692586119181190440e+01
3.692487693445124108e+01
3.692389972809566245e+01
3.692292954232364366e+01
3.692196634633155838e+01
3.692101010893814106e+01
3.692006079860155410e+01
3.691911838343452246e+01
3.691818283121847344e+01
3.691725410943325159e+01
3.691633218532191307e+01
3.691541702599735686e+01
3.691450859856649913e+01
3.691360687022132936e+01
3.691271180823834897e+01
3.691182337987385864e+01
3.691094155225130891e+01
3.691006629235690895e+01
3.690919756712764155e+01
3.690833534353447476e+01
3.690747958863145328e+01
3.690663026963498083e+01
3.690578735407999034e+01
3.690495080999567534e+01
3.690412060600615263e+01
3.690329671134345091e+01
3.690247909585172437e+01
3.690166773003236500e+01
3.690086258509109030e+01
3.690006363295768921e+01
3.689927084630286203e+01
3.689848419856966899e+01
3.689770366400982482e+01
3.689692921771514733e+01
3.689616083564798288e+01
3.689539849467746535e+01
3.689464217261873102e+01
3.689389184826914914e+01
3.689314750144848176e+01
3.689240911303510018e+01
3.689167666496329900e+01
3.689095014017958363e+01
3.689022952258342514e+01
3.688951479695245439e+01
3.688880594887047693e+01
3.688810296471400108e+01
3.688740583171566811e+01
3.688671453805986999e+01
3.688602907295783240e+01
3.688534942669059546e+01
3.688467559062761580e+01
3.688400755721809077e+01
3.688334531996275700e+01
3.688268887338963253e+01
3.688203821304725949e+01
3.688139333552712174e+01
3.688075423854360935e+01
3.688012092107428685e+01
3.687949338348170158e+01
3.687887162751434289e+01
3.687825565618587831e+01
3.687764547363194367e+01
3.687704108502442324e+01
3.687644249654703543e+01
3.687584971539438072e+01
3.687526274975530782e+01
3.687468160877293855e+01
3.687410630249393506e+01
3.687353684180416735e+01
3.687297323835264962e+01
3.687241550448908356e+01
3.687186365322580883e+01
3.687131769820651073e+01
3.687077765365641113e+01
3.687024353429158197e+01
3.686971535518730292e+01
3.686919313163470946e+01
3.686867687901109747e+01
3.686816661266483663e+01
3.686766234781092777e+01
3.686716409945390893e+01
3.686667188237304771e+01
3.686618571118641796e+01
3.686570560045689149e+01
3.686523156477080931e+01
3.686476361874943564e+01
3.686430177700784583e+01
3.686384605409816118e+01
3.686339646445863849e+01
3.686295302237152072e+01
3.686251574192672109e+01
3.686208463698746129e+01
3.686165972116071998e+01
3.686124100778237533e+01
3.686082850991585502e+01
3.686042224034895298e+01
3.686002221157883696e+01
3.685962843579810766e+01
3.685924092490026283e+01
3.685885969049786581e+01
3.685848474393092999e+01
3.685811609625876883e+01
3.685775375823618560e+01
3.685739774027026527e+01
3.685704805237119785e+01
3.685670470412367195e+01
3.685636770468056511e+01
3.685603706276349101e+01
3.685571278666331096e+01
3.685539488423871290e+01
3.685508336290600795e+01
3.685477822961623673e+01
3.685447949083031460e+01
3.685418715250591504e+01
3.685390122009593483e+01
3.685362169855483216e+01
3.685334859235463512e+01
3.685308190550876617e+01
3.685282164158903129e+01
3.685256780371822316e+01
3.685232039454034947e+01
3.685207941618107697e+01
3.685184487018969435e+01
3.685161675745470689e+01
3.685139507812045423e+01
3.685117983153389787e+01
3.685097101622056925e+01
3.685076862987424562e+01
3.685057266935723419e+01
3.685038313074161920e+01
3.685020000942840568e+01
3.685002330032119744e+01
3.684985299798137248e+01
3.684968909672286230e+01
3.684953159065329942e+01
3.684938047368791558e+01
3.684923573956246656e+01
3.684909738185001515e+01
3.684896539396603998e+01
3.684883976915207171e+01
3.684872050044183567e+01
3.684860758061562791e+01
3.684850100214889324e+01
3.684840075716272167e+01
3.684830683738115198e+01
3.684821923409625555e+01
3.684813793813517435e+01
3.684806293981251457e+01
3.684799422886035813e+01
3.684793179435529709e+01
3.684787562466594579e+01
3.684782570741407426e+01
3.684778202942111847e+01
3.684774457663229441e+01
3.684771333404066951e+01
3.684768828563560561e+01
3.684766941438429200e+01
3.684765670223567469e+01
3.684765013012828661e+01
3.684764967799416979e+01
3.684765532475594085e+01
3.684766704832194506e+01
3.684768482560378544e+01
3.684770863256302675e+01
3.684773844425113509e+01
3.684777423480846892e+01
3.684781597744180459e+01
3.684786364444377682e+01
3.684791720726978070e+01
3.684797663659828260e+01
3.684804190231514553e+01
3.684811297345508052e+01
3.684818981816162875e+01
3.684827240367437895e+01
3.684836069631616340e+01
3.684845466147154269e+01
3.684855426356715213e+01
3.684865946605401632e+01
3.684877023137919849e+01
3.684888652094951311e+01
3.684900829511388309e+01
3.684913551317385583e+01
3.684926813339898644e+01
3.684940611303542113e+01
3.684954940832223969e+01
3.684969797451852003e+01
3.684985176592456213e+01
3.685001073588746578e+01
3.685017483679313699e+01
3.685034402005137366e+01
3.685051823608984733e+01
3.685069743437519207e+01
3.685088156347413957e+01
3.685107057115551044e+01
3.685126440450294183e+01
3.685146300999637958e+01
3.685166633358195298e+01
3.685187432079925429e+01
3.685208691697095418e+01
3.685230406737785813e+01
3.685252571736373994e+01
3.685275181238859687e+01
3.685298229807602155e+01
3.685321712025477581e+01
3.685345622497104046e+01
3.685369955851243873e+01
3.685394706750309979e+01
3.685419869904551859e+01
3.685445440082246193e+01
3.685471412107315814e+01
3.685497780845266647e+01
3.685524541194670434e+01
3.685551688097351786e+01
3.685579216557148641e+01
3.685607121652628138e+01
3.685635398541525376e+01
3.685664042460116008e+01
3.685693048722393428e+01
3.685722412725866803e+01
3.685752129965447921e+01
3.685782196048015180e+01
3.685812606702791783e+01
3.685843357791525676e+01
3.685874445320812498e+01
3.685905865452472341e+01
3.685937614509053617e+01
3.685969688976411618e+01
3.686002085506098069e+01
3.686034800917646237e+01
3.686067832199984196e+01
3.686101176511476751e+01
3.686134831177444227e+01
3.686168793685722278e+01
3.686203061683496429e+01
3.686237632976465761e+01
3.686272505528110344e+01
3.686307677458273702e+01
3.686343147041548463e+01
3.686378912703812460e+01
3.686414973017500074e+01
3.686451326699010167e+01
3.686487972606801122e+01
3.686524909736463229e+01
3.686562137214038160e+01
3.686599654290701267e+01
3.686637460339098027e+01
3.686675554850462078e+01
3.686713937432313770e+01
3.686752607803144599e+01
3.686791565775404678e+01
3.686830811226221272e+01
3.686870344073081185e+01
3.686910164272503465e+01
3.686950271839558724e+01
3.686990666870210021e+01
3.687031349551867976e+01
3.687072320160795869e+01
3.687113579052306278e+01
3.687155126649980019e+01
3.687196963439954089e+01
3.687239089972997874e+01
3.687281506870293413e+01
3.687324214829313007e+01
3.687367214632323709e+01
3.687410507155573924e+01
3.687454093369909458e+01
3.687497974332135442e+01
3.687542151176567984e+01
3.687586625112921013e+01
3.687631397430818936e+01
3.687676469507613319e+01
3.687721842813478901e+01
3.687767518910660414e+01
3.687813499450184196e+01
3.687859786171794241e+01
3.687906380909132764e+01
3.687953285596590547e+01
3.688000502273905568e+01
3.688048033089305733e+01
3.688095880302747531e+01
3.688144046287791156e+01
3.688192533531135098e+01
3.688241344631470042e+01
3.688290482298623374e+01
3.688339949350562819e+01
3.688389748705133542e+01
3.688439883366735472e+01
3.688490356409784710e+01
3.688541170960419180e+01
3.688592330179662326e+01
3.688643837253605540e+01
3.688695695394108043e+01
3.688747907846214957e+01
3.688800477893631324e+01
3.688853408856984828e+01
3.688906704087116850e+01
3.688960366958671244e+01
3.689014400863678134e+01
3.689068809200366417e+01
3.689123595357590091e+01
3.689178762700620950e+01
3.689234314561514338e+01
3.689290254233083743e+01
3.689346584964525277e+01
3.689403309957632615e+01
3.689460432363880216e+01
3.689517955284240713e+01
3.689575881774258193e+01
3.689634214853307981e+01
3.689692957512593807e+01
3.689752112719048682e+01
3.689811683417580923e+01
3.689871672534491154e+01
3.689932082983419548e+01
3.689992917675669304e+01
3.690054179534439527e+01
3.690115871504951883e+01
3.690177996551728512e+01
3.690240557647099706e+01
3.690303557764286069e+01
3.690366999879931598e+01
3.690430886979461178e+01
3.690495222059904279e+01
3.690560008131254222e+01
3.690625248218417198e+01
3.690690945363348163e+01
3.690757102625536135e+01
3.690823723079562768e+01
3.690890809811298112e+01
3.690958365915653161e+01
3.691026394495988683e+01
3.691094898663425283e+01
3.691163881535763380e+01
3.691233346236402468e+01
3.691303295892965508e+01
3.691373733635344223e+01
3.691444662593443127e+01
3.691516085895220556e+01
3.691588006665505617e+01
3.691660428025789287e+01
3.691733353094505077e+01
3.691806784986716394e+01
3.691880726812544822e+01
3.691955181674717323e+01
3.692030152666502829e+01
3.692105642871305093e+01
3.692181655364296233e+01
3.692258193215614170e+01
3.692335259494332433e+01
3.692412857272045557e+01
3.692490989624597830e+01
3.692569659631573131e+01
3.692648870374029713e+01
3.692728624930482084e+01
3.692808926371711209e+01
3.692889777756354164e+01
3.692971182128345475e+01
3.693053142514938259e+01
3.693135661923557933e+01
3.693218743337779841e+01
3.693302389714276046e+01
3.693386603981518590e+01
3.693471389039550701e+01
3.693556747760245429e+01
3.693642682987660208e+01
3.693729197537515319e+01
3.693816294195013938e+01
3.693903975711880605e+01
3.693992244803987290e+01
3.694081104149169903e+01
3.694170556384266035e+01
3.694260604101957313e+01
3.694351249848584473e+01
3.694442496122837838e+01
3.694534345374739104e+01
3.694626800005595157e+01
3.694719862369805696e+01
3.694813534777443920e+01
3.694907819494991230e+01
3.695002718742558301e+01
3.695098234689551475e+01
3.695194369452186578e+01
3.695291125092948903e+01
3.695388503620835507e+01
3.695486506993054121e+01
3.695585137118572305e+01
3.695684395862835459e+01
3.695784285051997387e+01
3.695884806474420969e+01
3.695985961879645743e+01
3.696087752977160079e+01
3.696190181435755306e+01
3.696293248882296467e+01
3.696396956899030783e+01
3.696501307019627802e+01
3.696606300724145910e+01
3.696711939435557781e+01
3.696818224524457719e+01
3.696925157321270206e+01
3.697032739124068002e+01
3.697140971195682368e+01
3.697249854755055765e+01
3.697359390969089787e+01
3.697469580948577317e+01
3.697580425748907373e+01
3.697691926372623783e+01
3.697804083770515149e+01
3.697916898840860256e+01
3.698030372428469548e+01
3.698144505324808051e+01
3.698259298268494177e+01
3.698374751944150773e+01
3.698490866979398106e+01
3.698607643942634127e+01
3.698725083344212550e+01
3.698843185641911901e+01
3.698961951249519586e+01
3.699081380545610642e+01
3.699201473879400481e+01
3.699322231571337483e+01
3.699443653907852791e+01
3.699565741133376662e+01
3.699688493446450366e+01
3.699811911005084397e+01
3.699935993937774015e+01
3.700060742351291765e+01
3.700186156331664478e+01
3.700312235940762662e+01
3.700438981211625844e+01
3.700566392143586825e+01
3.700694468695553496e+01
3.700823210777330274e+01
3.700952618243867676e+01
3.701082690896233629e+01
3.701213428488614454e+01
3.701344830739807179e+01
3.701476897344701200e+01
3.701609627978459116e+01
3.701743022291438479e+01
3.701877079899926315e+01
3.702011800379406026e+01
3.702147183263468122e+01
3.702283228045456553e+01
3.702419934178157490e+01
3.702557301069396800e+01
3.702695328073357217e+01
3.702834014480324498e+01
3.702973359509853424e+01
3.703113362308601353e+01
3.703254021949332753e+01
3.703395337428457879e+01
3.703537307662213607e+01
3.703679931481375576e+01
3.703823207624413527e+01
3.703967134732104682e+01
3.704111711350915925e+01
3.704256935950702001e+01
3.704402806950003679e+01
3.704549322735692840e+01
3.704696481673457953e+01
3.704844282114105880e+01
3.704992722399369143e+01
3.705141800867811952e+01
3.705291515860152884e+01
3.705441865723804540e+01
3.705592848817610019e+01
3.705744463518425391e+01
3.705896708228970482e+01
3.706049581383046387e+01
3.706203081445786296e+01
3.706357206911663837e+01
3.706511956305518396e+01
3.706667328188747490e+01
3.706823321168122476e+01
3.706979933904799651e+01
3.707137165123139511e+01
3.707295013618542612e+01
3.707453478262079472e+01
3.707612557999366487e+01
3.707772251843500300e+01
3.707932558864288097e+01
3.708093478175823066e+01
3.708255008924157181e+01
3.708417150278284424e+01
3.708579901427546588e+01
3.708743261583722273e+01
3.708907229982232678e+01
3.709071805879647599e+01
3.709236988547974079e+01
3.709402777266704021e+01
3.709569171313987113e+01
3.709736169957992047e+01
3.709903772448466697e+01
3.710071978008684823e+01
3.710240785828462151e+01
3.710410195058343419e+01
3.710580204805344096e+01
3.710750814131421293e+01
3.710922022053890856e+01
3.711093827544867452e+01
3.711266229528563088e+01
3.711439226877513420e+01
3.711612818407924408e+01
3.711787002872976871e+01
3.711961778954271551e+01
3.712137145254936144e+01
3.712313100297988910e+01
3.712489642528695555e+01
3.712666770316729270e+01
3.712844481956674514e+01
3.713022775668630260e+01
3.713201649600561183e+01
3.713381101832110431e+01
3.713561130377441089e+01
3.713741733183880456e+01
3.713922908126187394e+01
3.714104653001205492e+01
3.714286965528065565e+01
3.714469843353263201e+01
3.714653284056704763e+01
3.714837285159604363e+01
3.715021844136861517e+01
3.715206958428951367e+01
3.715392625445434760e+01
3.715578842560773865e+01
3.715765607108589563e+01
3.715952916376692627e+01
3.716140767602800565e+01
3.716329157971516395e+01
3.716518084612089723e+01
3.716707544595882240e+01
3.716897534933150382e+01
3.717088052568173140e+01
3.717279094371064474e+01
3.717470657127346101e+01
3.717662737531901485e+01
3.717855332196081974e+01
3.718048437668836925e+01
3.718242050459498671e+01
3.718436167049758723e+01
3.718630783896382752e+01
3.718825897432661520e+01
3.719021504071811535e+01
3.719217600212121511e+01
3.719414182243568234e+01
3.719611246556178230e+01
3.719808789551118622e+01
3.720006807653150815e+01
3.720205297317533422e+01
3.720404255022303630e+01
3.720603677245280494e+01
3.720803560440756996e+01
3.721003901033447647e+01
3.721204695427334030e+01
3.721405940011874236e+01
3.721607631157700524e+01
3.721809765209486187e+01
3.722012338484264404e+01
3.722215347272288000e+01
3.722418787831836084e+01
3.722622656377797767e+01
3.722826949071613711e+01
3.723031662016474996e+01
3.723236791255838085e+01
3.723442332772714991e+01
3.723648282488866812e+01
3.723854636263216378e+01
3.724061389888217377e+01
3.724268539083782770e+01
3.724476079490538183e+01
3.724684006665206937e+01
3.724892316079217380e+01
3.725101003118185616e+01
3.725310063078082123e+01
3.725519491156044438e+01
3.725729282438456380e+01
3.725939431891174536e+01
3.726149934354235427e+01
3.726360784539478743e+01
3.726571977028759619e+01
3.726783506272548152e+01
3.726995366589697767e+01
3.727207552167993043e+01
3.727420057065572934e+01
3.727632875214884933e+01
3.727846000428198892e+01
3.728059426400490395e+01
3.728273146708718144e+01
3.728487154811199389e+01
3.728701444049810476e+01
3.728916007653742781e+01
3.729130838742288034e+01
3.729345930328008762e+01
3.729561275326534542e+01
3.729776866574638916e+01
3.729992696846849753e+01
3.730208758860280938e+01
3.730425045267958950e+01
3.730641548646802619e+01
3.730858261485004590e+01
3.731075176175273356e+01
3.731292285022770017e+01
3.731509580267566406e+01
3.731727054109436637e+01
3.731944698724566223e+01
3.732162506272909042e+01
3.732380468898823267e+01
3.732598578726541660e+01
3.732816827853596209e+01
3.733035208349896550e+01
3.733253712267519830e+01
3.733472331656149379e+01
3.733691058574424915e+01
3.733909885093496683e+01
3.734128803300000499e+01
3.734347805308470925e+01
3.734566883278929339e+01
3.734786029424430609e+01
3.735005236005654439e+01
3.735224495323360827e+01
3.735443799716776425e+01
3.735663141568028323e+01
3.735882513307549146e+01
3.736101907415099532e+01
3.736321316416308491e+01
3.736540732877656978e+01
3.736760149402140030e+01
3.736979558629607823e+01
3.737198953243631649e+01
3.737418325980902978e+01
3.737637669640049864e+01
3.737856977088209476e+01
3.738076241262633914e+01
3.738295455168499615e+01
3.738514611878270699e+01
3.738733704535451352e+01
3.738952726360768963e+01
3.739171670657969315e+01
3.739390530817568248e+01
3.739609300315145646e+01
3.739827972699898595e+01
3.740046541578229267e+01
3.740265000605317169e+01
3.740483343487412071e+01
3.740701563985482636e+01
3.740919655915367059e+01
3.741137613145385643e+01
3.741355429591325787e+01
3.741573099210938835e+01
3.741790616002626990e+01
3.742007974007830740e+01
3.742225167311763556e+01
3.742442190040050320e+01
3.742659036352254986e+01
3.742875700433551600e+01
3.743092176488057987e+01
3.743308458737131872e+01
3.743524541420786989e+01
3.743740418799502123e+01
3.743956085156119684e+01
3.744171534798336864e+01
3.744386762063631124e+01
3.744601761327007239e+01
3.744816527008651974e+01
3.745031053580122204e+01
3.745245335569854461e+01
3.745459367567315923e+01
3.745673144223543716e+01
3.745886660246040378e+01
3.746099910388697651e+01
3.746312889441820460e+01
3.746525592227897761e+01
3.746738013604195316e+01
3.746950148469726827e+01
3.747161991773398881e+01
3.747373538519526903e+01
3.747584783770228967e+01
3.747795722649286887e+01
3.748006350347660742e+01
3.748216662124720244e+01
3.748426653305089928e+01
3.748636319275885853e+01
3.748845655484928585e+01
3.749054657439830152e+01
3.749263320711079217e+01
3.749471640941358430e+01
3.749679613858369009e+01
3.749887235282981379e+01
3.750094501125889224e+01
3.750301407376281304e+01
3.750507950093433607e+01
3.750714125408330091e+01
3.750919929532602026e+01
3.751125358766383755e+01
3.751330409500721430e+01
3.751535078215596286e+01
3.751739361474150058e+01
3.751943255914184761e+01
3.752146758242778901e+01
3.752349865238111448e+01
3.752552573753040832e+01
3.752754880715178132e+01
3.752956783127741858e+01
3.753158278074793230e+01
3.753359362725986159e+01
3.753560034335575324e+01
3.753760290237422481e+01
3.753960127840401384e+01
3.754159544624185685e+01
3.754358538132998291e+01
3.754557105968673625e+01
3.754755245787136175e+01
3.754952955296336370e+01
3.755150232246980835e+01
3.755347074415175967e+01
3.755543479589747591e+01
3.755739445573109236e+01
3.755934970190008926e+01
3.756130051296870676e+01
3.756324686789962897e+01
3.756518874610939918e+01
3.756712612748876268e+01
3.756905899239574609e+01
3.757098732161367849e+01
3.757291109626635262e+01
3.757483029772244976e+01
3.757674490753315411e+01
3.757865490740578451e+01
3.758056027918033948e+01
3.758246100478075391e+01
3.758435706614174876e+01
3.758624844512800678e+01
3.758813512344934082e+01
3.759001708256621299e+01
3.759189430359032968e+01
3.759376676719406873e+01
3.759563445353252575e+01
3.759749734217047745e+01
3.759935541202683851e+01
3.760120864137373786e+01
3.760305700788718752e+01
3.760490048869679214e+01
3.760673906040430126e+01
3.760857269907684497e+01
3.761040138022262624e+01
3.761222507875593379e+01
3.761404376896408763e+01
3.761585742448996683e+01
3.761766601833115686e+01
3.761946952284100121e+01
3.762126790971894508e+01
3.762306114999314843e+01
3.762484921401085103e+01
3.762663207144628075e+01
3.762840969131834612e+01
3.763018204200926675e+01
3.763194909128129240e+01
3.763371080628466814e+01
3.763546715355095529e+01
3.763721809896984638e+01
3.763896360775139271e+01
3.764070364438326521e+01
3.764243817259788472e+01
3.764416715536774660e+01
3.764589055494170111e+01
3.764760833291043696e+01
3.764932045028366048e+01
3.765102686759556150e+01
3.765272754505602393e+01
3.765442244270092687e+01
3.765611152047421939e+01
3.765779473823406676e+01
3.765947205572977197e+01
3.766114343261276787e+01
3.766280882850997358e+01
3.766446820311571031e+01
3.766612151624362781e+01
3.766776872783874808e+01
3.766940979799043987e+01
3.767104468697665709e+01
3.767267335533052375e+01
3.767429576388355628e+01
3.767591187375630568e+01
3.767752164631395573e+01
3.767912504310827870e+01
3.768072202581863195e+01
3.768231255620951003e+01
3.768389659611344200e+01
3.768547410744995574e+01
3.768704505229518986e+01
3.768860939298657797e+01
3.769016709222267991e+01
3.769171811312895670e+01
3.769326241928550303e+01
3.769479997474704902e+01
3.769633074409804152e+01
3.769785469253107379e+01
3.769937178588543247e+01
3.770088199062426071e+01
3.770238527378542415e+01
3.770388160291975055e+01
3.770537094601075268e+01
3.770685327141969623e+01
3.770832854790177890e+01
3.770979674465252884e+01
3.771125783132794140e+01
3.771271177805869002e+01
3.771415855548394092e+01
3.771559813476368106e+01
3.771703048754626764e+01
3.771845558593793157e+01
3.771987340250151988e+01
3.772128391024843097e+01
3.772268708259841219e+01
3.772408289332963705e+01
3.772547131653269759e+01
3.772685232654410470e+01
3.772822589784964009e+01
3.772959200498678456e+01
3.773095062247140419e+01
3.773230172475962974e+01
3.773364528625545944e+01
3.773498128135250340e+01
3.773630968446887834e+01
3.773763047004126037e+01
3.773894361247310059e+01
3.774024908606831019e+01
3.774154686499898048e+01
3.774283692329850481e+01
3.774411923482449538e+01
3.774539377320218136e+01
3.774666051180297899e+01
3.774791942375806286e+01
3.774917048198074809e+01
3.775041365919374670e+01
3.775164892795353921e+01
3.775287626065424718e+01
3.775409562950529363e+01
3.775530700647975380e+01
3.775651036325796639e+01
3.775770567125483979e+01
3.775889290178162128e+01
3.776007202624664671e+01
3.776124301626553859e+01
3.776240584365836384e+01
3.776356048038256574e+01
3.776470689844832407e+01
3.776584506986418432e+01
3.776697496665278209e+01
3.776809656092604683e+01
3.776920982497011892e+01
3.777031473128159433e+01
3.777141125251222320e+01
3.777249936136587394e+01
3.777357903055296617e+01
3.777465023281706635e+01
3.777571294096142651e+01
3.777676712785998347e+01
3.777781276648688902e+01
3.777884982996550178e+01
3.777987829163883049e+01
3.778089812516926571e+01
3.778190930460610275e+01
3.778291180436448826e+01
3.778390559916928026e+01
3.778489066402720198e+01
3.778586697422039009e+01
3.778683450530879639e+01
3.778779323313838745e+01
3.778874313384352490e+01
3.778968418384646100e+01
3.779061635985389955e+01
3.779153963883118905e+01
3.779245399795312466e+01
3.779335941456062642e+01
3.779425586616030586e+01
3.779514333044835439e+01
3.779602178527311906e+01
3.779689120852071227e+01
3.779775157803378249e+01
3.779860287165788435e+01
3.779944506737747645e+01
3.780027814343441861e+01
3.780110207836075631e+01
3.780191685090338893e+01
3.780272243989127645e+01
3.780351882416499620e+01
3.780430598261837360e+01
3.780508389431120264e+01
3.780585253860925121e+01
3.780661189527950938e+01
3.780736194448115839e+01
3.780810266671377917e+01
3.780883404280740478e+01
3.780955605394763808e+01
3.781026868170182098e+01
3.781097190803443908e+01
3.781166571530019382e+01
3.781235008620100047e+01
3.781302500372257214e+01
3.781369045109146754e+01
3.781434641175845712e+01
3.781499286936727344e+01
3.781562980765913551e+01
3.781625721031681309e+01
3.781687506086625916e+01
3.781748334272820955e+01
3.781808203932146029e+01
3.781867113408335257e+01
3.781925061041720681e+01
3.781982045166996897e+01
3.782038064122289711e+01
3.782093116264843502e+01
3.782147199981459806e+01
3.782200313693471116e+01
3.782252455862116136e+01
3.782303624992838564e+01
3.782353819637347669e+01
3.782403038395683836e+01
3.782451279917698628e+01
3.782498542902780514e+01
3.782544826098322233e+01
3.782590128297698584e+01
3.782634448339702971e+01
3.782677785110332280e+01
3.782720137544468031e+01
3.782761504625616311e+01
3.782801885385451612e+01
3.782841278906673921e+01
3.782879684329959247e+01
3.782917100860816362e+01
3.782953527770011704e+01
3.782988964383770281e+01
3.783023410068133785e+01
3.783056864218481508e+01
3.783089326259089091e+01
3.783120795647166545e+01
3.783151271876996447e+01
3.783180754484948949e+01
3.783209243047487291e+01
3.783236737159399610e+01
3.783263236404335572e+01
3.783288740345706458e+01
3.783313248539887752e+01
3.783336760552938216e+01
3.783359275972540559e+01
3.783380794416343917e+01
3.783401315536310250e+01
3.783420839017512094e+01
3.783439364570212859e+01
3.783456891919311715e+01
3.783473420803930765e+01
3.783488950992091304e+01
3.783503482295691356e+01
3.783517014572528581e+01
3.783529547720235797e+01
3.783541081671390316e+01
3.783551616389988226e+01
3.783561151865094985e+01
3.783569688101963635e+01
3.783577225115200804e+01
3.783583762926610916e+01
3.783589301564212093e+01
3.783593841056377727e+01
3.783597381423160755e+01
3.783599922675118421e+01
3.783601464821096982e+01
3.783602007873878392e+01
3.783601551851057110e+01
3.783600096781076161e+01
3.783597642716768661e+01
3.783594189749288716e+01
3.783589738016981840e+01
3.783584287705679117e+01
3.783577839041402768e+01
3.783570392282285155e+01
3.783561947714296281e+01
3.783552505649305431e+01
3.783542066423633798e+01
3.783530630399140193e+01
3.783518197968205499e+01
3.783504769560568803e+01
3.783490345649970976e+01
3.783474926758852774e+01
3.783458513459252259e+01
3.783441106368152163e+01
3.783422706136305180e+01
3.783403313435402993e+01
3.783382928950214819e+01
3.783361553374037811e+01
3.783339187403078796e+01
3.783315831729475320e+01
3.783291487033539369e+01
3.783266153977555746e+01
3.783239833205821867e+01
3.783212525354039713e+01
3.783184231067376402e+01
3.783154951018723011e+01
3.783124685915750973e+01
3.783093436496965012e+01
3.783061203526003879e+01
3.783027987789252933e+01
3.782993790094334230e+01
3.782958611264415083e+01
3.782922452129976421e+01
3.782885313525267179e+01
3.782847196288847158e+01
3.782808101261890243e+01
3.782768029284736855e+01
3.782726981196081084e+01
3.782684957835075323e+01
3.782641960045197038e+01
3.782597988681224876e+01
3.782553044619147897e+01
3.782507128762760118e+01
3.782460242041491227e+01
3.782412385402390242e+01
3.782363559801922293e+01
3.782313766201266247e+01
3.782263005569510739e+01
3.782211278894347828e+01
3.782158587192186872e+01
3.782104931512714785e+01
3.782050312938687142e+01
3.781994732581919294e+01
3.781938191578988295e+01
3.781880691091613045e+01
3.781822232311707666e+01
3.781762816467706756e+01
3.781702444829919330e+01
3.781641118714222216e+01
3.781578839485952415e+01
3.781515608567799092e+01
3.781451427449641045e+01
3.781386297691467746e+01
3.781320220916077091e+01
3.781253198797779191e+01
3.781185233052565309e+01
3.781116325428860137e+01
3.781046477698568964e+01
3.780975691652801629e+01
3.780903969102856621e+01
3.780831311878773704e+01
3.780757721818634565e+01
3.780683200751042961e+01
3.780607750480140083e+01
3.780531372782899524e+01
3.780454069422778929e+01
3.780375842171958567e+01
3.780296692828306959e+01
3.780216623225832251e+01
3.780135635249514081e+01
3.780053730852376503e+01
3.779970912057855514e+01
3.779887180945511460e+01
3.779802539637225323e+01
3.779716990294213019e+01
3.779630535121932411e+01
3.779543176379662839e+01
3.779454916390869812e+01
3.779365757547333970e+01
3.779275702306562579e+01
3.779184753187347212e+01
3.779092912764745904e+01
3.779000183661939616e+01
3.778906568535768429e+01
3.778812070059632333e+01
3.778716690918279397e+01
3.778620433822077729e+01
3.778523301527231126e+01
3.778425296845572490e+01
3.778326422644422422e+01
3.778226681846160062e+01
3.778126077431392815e+01
3.778024612442330010e+01
3.777922289983814608e+01
3.777819113224649783e+01
3.777715085401752759e+01
3.777610209824408116e+01
3.777504489874233684e+01
3.777397928999888421e+01
3.777290530706718386e+01
3.777182298542116001e+01
3.777073236082438257e+01
3.776963346927041698e+01
3.776852634695917033e+01
3.776741103025476320e+01
3.776628755565025841e+01
3.776515595978499817e+01
3.776401627948918360e+01
3.776286855179052537e+01
3.776171281386341150e+01
3.776054910297127520e+01
3.775937745645087773e+01
3.775819791170241757e+01
3.775701050612804721e+01
3.775581527708985163e+01
3.775461226202376963e+01
3.775340149865863992e+01
3.775218302513205515e+01
3.775095687993091786e+01
3.774972310175690637e+01
3.774848172940956914e+01
3.774723280172494810e+01
3.774597635758333070e+01
3.774471243596967440e+01
3.774344107604371601e+01
3.774216231717994674e+01
3.774087619898129731e+01
3.773958276130643696e+01
3.773828204431563194e+01
3.773697408849221802e+01
3.773565893461153564e+01
3.773433662367379071e+01
3.773300719683891202e+01
3.773167069537401375e+01
3.773032716056395941e+01
3.772897663352832609e+01
3.772761915501699548e+01
3.772625476538012634e+01
3.772488350477190266e+01
3.772350541342052566e+01
3.772212053182909841e+01
3.772072890091217090e+01
3.771933056206416524e+01
3.771792555712450223e+01
3.771651392828335503e+01
3.771509571802928207e+01
3.771367096916993233e+01
3.771223972486838250e+01
3.771080202863753783e+01
3.770935792430240951e+01
3.770790745599361315e+01
3.770645066819248115e+01
3.770498760578689001e+01
3.770351831411932153e+01
3.770204283902710785e+01
3.770056122686812472e+01
3.769907352453769533e+01
3.769757977947870842e+01
3.769608003967708498e+01
3.769457435363587194e+01
3.769306277031622443e+01
3.769154533904526261e+01
3.769002210941612674e+01
3.768849313119684297e+01
3.768695845424308288e+01
3.768541812842551764e+01
3.768387220358842171e+01
3.768232072952864087e+01
3.768076375598440109e+01
3.767920133262990134e+01
3.767763350903783248e+01
3.767606033454933367e+01
3.767448185805140071e+01
3.767289812777381286e+01
3.767130919122534038e+01
3.766971509525565409e+01
3.766811588614351081e+01
3.766651160965962220e+01
3.766490231111494325e+01
3.766328803540310588e+01
3.766166882702535190e+01
3.766004473008815978e+01
3.765841578827068759e+01
3.765678204477082858e+01
3.765514354226876748e+01
3.765350032295585692e+01
3.765185242861797121e+01
3.765019990070728539e+01
3.764854278037304880e+01
3.764688110848270952e+01
3.764521492565174299e+01
3.764354427226766830e+01
3.764186918850824526e+01
3.764018971435186245e+01
3.763850588955093457e+01
3.763681775359165016e+01
3.763512534571706425e+01
3.763342870501055160e+01
3.763172787046083556e+01
3.763002288097529657e+01
3.762831377536414834e+01
3.762660059231579623e+01
3.762488337036737107e+01
3.762316214787136204e+01
3.762143696296127615e+01
3.761970785351923752e+01
3.761797485716018485e+01
3.761623801125694655e+01
3.761449735301311392e+01
3.761275291955143274e+01
3.761100474797790127e+01
3.760925287543321360e+01
3.760749733915973536e+01
3.760573817656564444e+01
3.760397542525782200e+01
3.760220912304072982e+01
3.760043930790648403e+01
3.759866601806877640e+01
3.759688929204064323e+01
3.759510916867422736e+01
3.759332568712657263e+01
3.759153888680973665e+01
3.758974880737024904e+01
3.758795548868115333e+01
3.758615897082725610e+01
3.758435929410309484e+01
3.758255649906243434e+01
3.758075062662241095e+01
3.757894171816570861e+01
3.757712981557257592e+01
3.757531496116034475e+01
3.757349719755960393e+01
3.757167656757287233e+01
3.756985311404883987e+01
3.756802687978392186e+01
3.756619790744520060e+01
3.756436623953236875e+01
3.756253191842831285e+01
3.756069498652567518e+01
3.755885548634270776e+01
3.755701346057680468e+01
3.755516895209857609e+01
3.755332200391477215e+01
3.755147265915463350e+01
3.754962096112051029e+01
3.754776695338227199e+01
3.754591067986689268e+01
3.754405218493441510e+01
3.754219151345485983e+01
3.754032871086374001e+01
3.753846382315812491e+01
3.753659689684015177e+01
3.753472797883807743e+01
3.753285711641665756e+01
3.753098435709044622e+01
3.752910974855462456e+01
3.752723333863337984e+01
3.752535517525260644e+01
3.752347530643701390e+01
3.752159378030133752e+01
3.751971064500458652e+01
3.751782594865361631e+01
3.751593973916966007e+01
3.751405206418220217e+01
3.751216297101826314e+01
3.751027250676573033e+01
3.750838071832112774e+01
3.750648765238670990e+01
3.750459335546171502e+01
3.750269787386577747e+01
3.750080125377987628e+01
3.749890354127069259e+01
3.749700478228582057e+01
3.749510502262744893e+01
3.749320430791249237e+01
3.749130268352394069e+01
3.748940019456604489e+01
3.748749688583906448e+01
3.748559280183440734e+01
3.748368798674154334e+01
3.748178248448306960e+01
3.747987633882973313e+01
3.747796959359916968e+01
3.747606229284494361e+01
3.747415448094524493e+01
3.747224620258734973e+01
3.747033750270435348e+01
3.746842842642260507e+01
3.746651901903256032e+01
3.746460932595473281e+01
3.746269939269883764e+01
3.746078926486676863e+01
3.745887898821497686e+01
3.745696860871105116e+01
3.745505817253666692e+01
3.745314772606135989e+01
3.745123731581823989e+01
3.744932698848160868e+01
3.744741679084852848e+01
3.744550676984376025e+01
3.744359697254900254e+01
3.744168744622927392e+01
3.743977823833881757e+01
3.743786939650944845e+01
3.743596096852724742e+01
3.743405300230336508e+01
3.743214554585364340e+01
3.743023864731032546e+01
3.742833235497766964e+01
3.742642671741477045e+01
3.742452178351548753e+01
3.742261760256401004e+01
3.742071422425732408e+01
3.741881169869356683e+01
3.741691007633212962e+01
3.741500940794207963e+01
3.741310974455931415e+01
3.741121113745837334e+01
3.740931363813204058e+01
3.740741729827379913e+01
3.740552216976134758e+01
3.740362830464101762e+01
3.740173575510932125e+01
3.739984457347887314e+01
3.739795481212486550e+01
3.739606652342271786e+01
3.739417975968381569e+01
3.739229457309222937e+01
3.739041101565407388e+01
3.738852913917413900e+01
3.738664899526565222e+01
3.738477063538923062e+01
3.738289411090552505e+01
3.738101947311224649e+01
3.737914677323728796e+01
3.737727606237938005e+01
3.737540739140867885e+01
3.737354081085377544e+01
3.737167637080817428e+01
3.736981412089521370e+01
3.736795411032161951e+01
3.736609638799635036e+01
3.736424100264935788e+01
3.736238800293683227e+01
3.736053743758917989e+01
3.735868935562339033e+01
3.735684380654361547e+01
3.735500084045123259e+01
3.735316050808278021e+01
3.735132286083815956e+01
3.734948795081467665e+01
3.734765583081087925e+01
3.734582655425731446e+01
3.734400017507428515e+01
3.734217674750515670e+01
3.734035632596531684e+01
3.733853896490671787e+01
3.733672471869111575e+01
3.733491364147702285e+01
3.733310578712510619e+01
3.733130120912306182e+01
3.732949996052709452e+01
3.732770209391019023e+01
3.732590766131813353e+01
3.732411671426355326e+01
3.732232930377548996e+01
3.732054548046743037e+01
3.731876529457907310e+01
3.731698879599176877e+01
3.731521603424005917e+01
3.731344705852710320e+01
3.731168191773915055e+01
3.730992066045411804e+01
3.730816333493948633e+01
3.730640998913848705e+01
3.730466067064846669e+01
3.730291542669051807e+01
3.730117430406253476e+01
3.729943734906204611e+01
3.729770460737299231e+01
3.729597612394768191e+01
3.729425194293152401e+01
3.729253210765017457e+01
3.729081666066381473e+01
3.728910564387507520e+01
3.728739909863198676e+01
3.728569706578527132e+01
3.728399958572306616e+01
3.728230669840869638e+01
3.728061844341545594e+01
3.727893485995944189e+01
3.727725598693920261e+01
3.727558186297051179e+01
3.727391252640064323e+01
3.727224801530906717e+01
3.727058836751102433e+01
3.726893362056887327e+01
3.726728381180148375e+01
3.726563897827612948e+01
3.726399915677402674e+01
3.726236438373349813e+01
3.726073469518136960e+01
3.725911012666642819e+01
3.725749071321026662e+01
3.725587648928357254e+01
3.725426748879884542e+01
3.725266374509835288e+01
3.725106529090110996e+01
3.724947215817970658e+01
3.724788437802155272e+01
3.724630198058557795e+01
3.724472499516316049e+01
3.724315345024098178e+01
3.724158737349277004e+01
3.724002679170772723e+01
3.723847173070527816e+01
3.723692221527712576e+01
3.723537826916240334e+01
3.723383991504423562e+01
3.723230717455409433e+01
3.723078006827224584e+01
3.722925861572624484e+01
3.722774283540110929e+01
3.722623274478457489e+01
3.722472836046291178e+01
3.722322969823146366e+01
3.722173677316418150e+01
3.722024959963835045e+01
3.721876819133986203e+01
3.721729256125090757e+01
3.721582272160554794e+01
3.721435868383547785e+01
3.721290045858210505e+01
3.721144805580983217e+01
3.721000148495448911e+01
3.720856075502882732e+01
3.720712587466959320e+01
3.720569685214461941e+01
3.720427369533756234e+01
3.720285641171990676e+01
3.720144500832105905e+01
3.720003949171105262e+01
3.719863986799788336e+01
3.719724614282970521e+01
3.719585832139117798e+01
3.719447640837638858e+01
3.719310040792967698e+01
3.719173032357762310e+01
3.719036615818250624e+01
3.718900791391912009e+01
3.718765559226226713e+01
3.718630919398206913e+01
3.718496871915483126e+01
3.718363416719925851e+01
3.718230553691940798e+01
3.718098282650392861e+01
3.717966603346277310e+01
3.717835515454360973e+01
3.717705018568903341e+01
3.717575112207074284e+01
3.717445795817538823e+01
3.717317068787767198e+01
3.717188930447062489e+01
3.717061380066954968e+01
3.716934416861207069e+01
3.716808039986793233e+01
3.716682248547215295e+01
3.716557041598542099e+01
3.716432418155936546e+01
3.716308377197944424e+01
3.716184917668440590e+01
3.716062038477213036e+01
3.715939738498302347e+01
3.715818016564449522e+01
3.715696871458125372e+01
3.715576301902177647e+01
3.715456306553199539e+01
3.715336883998699591e+01
3.715218032756993694e+01
3.715099751277683993e+01
3.714982037941458515e+01
3.714864891059782792e+01
3.714748308875186211e+01
3.714632289561731682e+01
3.714516831226173821e+01
3.714401931912038179e+01
3.714287589606518480e+01
3.714173802245625211e+01
3.714060567714268046e+01
3.713947883843315623e+01
3.713835748406943793e+01
3.713724159121355228e+01
3.713613113644949237e+01
3.713502609579473557e+01
3.713392644470876292e+01
3.713283215809091331e+01
3.713174321026650659e+01
3.713065957496224456e+01
3.712958122527476235e+01
3.712850813363826319e+01
3.712744027179110162e+01
3.712637761073559517e+01
3.712532012069583942e+01
3.712426777108916554e+01
3.712322053051416759e+01
3.712217836673477223e+01
3.712114124663808212e+01
3.712010913617946528e+01
3.711908200035497174e+01
3.711805980322044718e+01
3.711704250796039162e+01
3.711603007700058754e+01
3.711502247212848715e+01
3.711401965458541241e+01
3.711302158512754801e+01
3.711202822405672208e+01
3.711103953121515531e+01
3.711005546595873739e+01
3.710907598713421152e+01
3.710810105306418905e+01
3.710713062153109831e+01
3.710616464975924345e+01
3.710520309439586129e+01
3.710424591149117646e+01
3.710329305648532738e+01
3.710234448421665832e+01
3.710140014895435456e+01
3.710046000443695391e+01
3.709952400389915539e+01
3.709859210008496433e+01
3.709766424525010819e+01
3.709674039115865440e+01
3.709582048908150398e+01
3.709490448980952948e+01
3.709399234370663834e+01
3.709308400081056334e+01
3.709217941093462656e+01
3.709127852372560596e+01
3.709038128870612638e+01
3.708948765535296133e+01
3.708859757320755790e+01
3.708771099197872445e+01
3.708682786162196265e+01
3.708594813241974464e+01
3.708507175508612619e+01
3.708419868086848226e+01
3.708332886160632569e+01
3.708246224976382877e+01
3.708159879846821383e+01
3.708073846154810838e+01
3.707988119356510737e+01
3.707902694984237257e+01
3.707817568648057716e+01
3.707732736036119547e+01
3.707648192915659280e+01
3.707563935135472377e+01
3.707479958629064498e+01
3.707396259417900808e+01
3.707312833614557945e+01
3.707229677425187475e+01
3.707146787150429645e+01
3.707064159186030849e+01
3.706981790027351309e+01
3.706899676279141431e+01
3.706817814665507171e+01
3.706736202034909411e+01
3.706654835360971845e+01
3.706573711742414901e+01
3.706492828402598150e+01
3.706412182688183776e+01
3.706331772068971731e+01
3.706251594141144068e+01
3.706171646633135452e+01
3.706091927411895171e+01
3.706012434488370388e+01
3.705933166021816305e+01
3.705854120322845091e+01
3.705775295854522966e+01
3.705696691228206419e+01
3.705618305191197948e+01
3.705540136610211732e+01
3.705462184459218378e+01
3.705384447815578142e+01
3.705306925861619760e+01
3.705229617887879101e+01
3.705152523297412159e+01
3.705075641611950488e+01
3.704998972478452401e+01
3.704922515674093120e+01
3.704846271110574207e+01
3.704770238839110164e+01
3.704694419055129373e+01
3.704618812100826375e+01
3.704543418464302817e+01
3.704468238774722266e+01
3.704393273793656505e+01
3.704318524404004620e+01
3.704243991599001617e+01
3.704169676473668460e+01
3.704095580221320461e+01
3.704021704137873883e+01
3.703948049631509321e+01
3.703874618230869231e+01
3.703801411589068948e+01
3.703728431485954786e+01
3.703655679830850289e+01
3.703583158665005470e+01
3.703510870161028379e+01
3.703438816619296858e+01
3.703367000465636494e+01
3.703295424252796408e+01
3.703224090662898504e+01
3.703153002508037162e+01
3.703082162730682825e+01
3.703011574406128403e+01
3.702941240744939932e+01
3.702871165091602990e+01
3.702801350919180834e+01
3.702731801822407931e+01
3.702662521510200122e+01
3.702593513797969393e+01
3.702524782601209807e+01
3.702456331931021793e+01
3.702388165891495220e+01
3.702320288678936322e+01
3.702252704581783860e+01
3.702185417980513904e+01
3.702118433348528015e+01
3.702051755252258403e+01
3.701985388346887618e+01
3.701919337369342600e+01
3.701853607134209767e+01
3.701788202536075545e+01
3.701723128558690945e+01
3.701658390287347089e+01
3.701593992917935338e+01
3.701529941759681464e+01
3.701466242233492920e+01
3.701402899867768070e+01
3.701339920291975716e+01
3.701277309229831047e+01
3.701215072494430558e+01
3.701153215982405698e+01
3.701091745659799415e+01
3.701030667540243968e+01
3.700969987668982242e+01
3.700909712121699613e+01
3.700849847011241422e+01
3.700790398493842304e+01
3.700731372775747730e+01
3.700672776123730046e+01
3.700614614877162012e+01
3.700556895454533191e+01
3.700499624350331374e+01
3.700442808124123673e+01
3.700386453387685748e+01
3.700330566796622378e+01
3.700275155048990428e+01
3.700220224889476839e+01
3.700165783115917151e+01
3.700111836583662495e+01
3.700058392204694258e+01
3.700005456942056981e+01
3.699953037801076761e+01
3.699901141818047989e+01
3.699849776048429106e+01
3.699798947557086848e+01
3.699748663411070737e+01
3.699698930674139064e+01
3.699649756402160250e+01
3.699601147638321663e+01
3.699553111407945494e+01
3.699505654714278080e+01
3.699458784536032852e+01
3.699412507825711316e+01
3.699366831508018549e+01
3.699321762478572850e+01
3.699277307602710607e+01
3.699233473713995579e+01
3.699190267612344485e+01
3.699147696062043877e+01
3.699105765790362454e+01
3.699064483486931465e+01
3.699023855803227434e+01
3.698983889351759302e+01
3.698944590705740865e+01
3.698905966400128165e+01
3.698868022933630328e+01
3.698830766770520739e+01
3.698794204341282921e+01
3.698758342041691805e+01
3.698723186230924398e+01
3.698688743229569553e+01
3.698655019317540393e+01
3.698622020731400539e+01
3.698589753660517943e+01
3.698558224240982639e+01
3.698527438547179003e+01
3.698497402583851112e+01
3.698468122282152848e+01
3.698439603499405592e+01
3.698411852019337687e+01
3.698384873551739815e+01
3.698358673732797541e+01
3.698333258126306333e+01
3.698308632224782855e+01
3.698284801449891290e+01
3.698261771152096600e+01
3.698239546609723760e+01
3.698218133028020560e+01
3.698197535538609060e+01
3.698177759198933501e+01
3.698158808991318125e+01
3.698140689822024285e+01
3.698123406520891621e+01
3.698106963841558326e+01
3.698091366461684260e+01
3.698076618983365904e+01
3.698062725935401573e+01
3.698049691777699621e+01
3.698037520905581488e+01
3.698026217652438419e+01
3.698015786291302476e+01
3.698006231036622182e+01
3.697997556046517076e+01
3.697989765424253505e+01
3.697982863217480087e+01
3.697976853414928655e+01
3.697971739941357328e+01
3.697967526652593762e+01
3.697964217333202441e+01
3.697961815697566834e+01
3.697960325392521241e+01
3.697959749999890278e+01
3.697960093038631157e+01
3.697961357966299545e+01
3.697963548179628646e+01
3.697966667014530628e+01
3.697970717745604929e+01
3.697975703585159124e+01
3.697981627682521832e+01
3.697988493124618259e+01
3.697996302936742552e+01
3.698005060080789974e+01
3.698014767450474949e+01
3.698025427866248549e+01
3.698037044072559354e+01
3.698049618737739053e+01
3.698063154455054047e+01
3.698077653743367676e+01
3.698093119047217670e+01
3.698109552737280836e+01
3.698126957111128377e+01
3.698145334392712158e+01
3.698164686729997896e+01
3.698185016191532526e+01
3.698206324763195596e+01
3.698228614346803766e+01
3.698251886760858298e+01
3.698276143741775002e+01
3.698301386944531544e+01
3.698327617943117218e+01
3.698354838231172437e+01
3.698383049222827879e+01
3.698412252254120602e+01
3.698442448585582554e+01
3.698473639405407454e+01
3.698505825831644955e+01
3.698539008913127901e+01
3.698573189630197788e+01
3.698608368895435206e+01
3.698644547553799811e+01
3.698681726382382351e+01
3.698719906090249054e+01
3.698759087318483552e+01
3.698799270640805759e+01
3.698840456565267232e+01
3.698882645536816227e+01
3.698925837940937811e+01
3.698970034109331806e+01
3.699015234328616941e+01
3.699061438853213701e+01
3.699108647920665760e+01
3.699156861763258064e+01
3.699206080612324854e+01
3.699256304697787812e+01
3.699307534246811713e+01
3.699359769482847327e+01
3.699413010624190434e+01
3.699467257882730564e+01
3.699522511466887664e+01
3.699578771590490334e+01
3.699636038483014744e+01
3.699694312396313478e+01
3.699753593608232194e+01
3.699813882425435452e+01
3.699875179185170992e+01
3.699937484253905495e+01
3.700000798022067983e+01
3.700065120895769155e+01
3.700130453287547994e+01
3.700196795608865585e+01
3.700264148266110453e+01
3.700332511660393919e+01
3.700401886189882106e+01
3.700472272251442973e+01
3.700543670238589300e+01
3.700616080535429830e+01
3.700689503508662881e+01
3.700763939499772448e+01
3.700839388817896491e+01
3.700915851732310813e+01
3.700993328464031151e+01
3.701071819178385169e+01
3.701151323980611352e+01
3.701231842913977488e+01
3.701313375958780938e+01
3.701395923031350321e+01
3.701479483981870544e+01
3.701564058588895989e+01
3.701649646551622652e+01
3.701736247485860076e+01
3.701823860925651388e+01
3.701912486324501828e+01
3.702002123051930482e+01
3.702092770387291409e+01
3.702184427513306275e+01
3.702277093509781025e+01
3.702370767347524350e+01
3.702465447882454441e+01
3.702561133851461506e+01
3.702657823873229859e+01
3.702755516453548523e+01
3.702854209989834544e+01
3.702953902772051009e+01
3.703054592981677473e+01
3.703156278690385506e+01
3.703258957859103617e+01
3.703362628338149420e+01
3.703467287869115410e+01
3.703572934089579149e+01
3.703679564539757507e+01
3.703787176667602665e+01
3.703895767832143804e+01
3.704005335308868041e+01
3.704115876297836252e+01
3.704227387931496907e+01
3.704339867280455678e+01
3.704453311356908074e+01
3.704567717115531877e+01
3.704683081452632365e+01
3.704799401204889620e+01
3.704916673148206741e+01
3.705034893996163703e+01
3.705154060397497062e+01
3.705274168933187440e+01
3.705395216115007884e+01
3.705517198385921063e+01
3.705640112120378404e+01
3.705763953623448970e+01
3.705888719129649900e+01
3.706014404802465378e+01
3.706141006735027332e+01
3.706268520951964973e+01
3.706396943411544243e+01
3.706526270006932577e+01
3.706656496566093040e+01
3.706787618850906085e+01
3.706919632557350042e+01
3.707052533318516652e+01
3.707186316709368867e+01
3.707320978249946108e+01
3.707456513405446685e+01
3.707592917585335357e+01
3.707730186144789286e+01
3.707868314388772291e+01
3.708007297575812089e+01
3.708147130919151380e+01
3.708287809585459627e+01
3.708429328692078997e+01
3.708571683302621835e+01
3.708714868420802446e+01
3.708858878983986074e+01
3.709003709857505982e+01
3.709149355829377726e+01
3.709295811605395699e+01
3.709443071805497993e+01
3.709591130961588590e+01
3.709739983516041661e+01
3.709889623820496496e+01
3.710040046135237901e+01
3.710191244629251628e+01
3.710343213380578220e+01
3.710495946376661891e+01
3.710649437515861848e+01
3.710803680612967526e+01
3.710958669410838695e+01
3.711114397596629999e+01
3.711270858815284868e+01
3.711428046672506298e+01
3.711585954729543602e+01
3.711744576498760750e+01
3.711903905443099205e+01
3.712063934977970092e+01
3.712224658475878414e+01
3.712386069274358391e+01
3.712548160686142040e+01
3.712710926009332013e+01
3.712874358535037800e+01
3.713038451551605590e+01
3.713203198346994327e+01
3.713368592212118102e+01
3.713534626447903264e+01
3.713701294376031825e+01
3.713868589348621896e+01
3.714036504751668133e+01
3.714205034003514072e+01
3.714374170553423937e+01
3.714543907881414242e+01
3.714714239497603643e+01
3.714885158941847720e+01
3.715056659786496596e+01
3.715228735643236746e+01
3.715401380171885393e+01
3.715574587088204339e+01
3.715748350169770475e+01
3.715922663259795655e+01
3.716097520267247489e+01
3.716272915161507484e+01
3.716448841961680927e+01
3.716625294720540040e+01
3.716802267504769475e+01
3.716979754379884326e+01
3.717157749408687550e+01
3.717336246661902521e+01
3.717515240231730189e+01
3.717694724240043769e+01
3.717874692837719408e+01
3.718055140196079833e+01
3.718236060493656225e+01
3.718417447901001083e+01
3.718599296565214019e+01
3.718781600595533376e+01
3.718964354050776677e+01
3.719147550928440893e+01
3.719331185155456865e+01
3.719515250582349353e+01
3.719699740983245562e+01
3.719884650061040077e+01
3.720069971453928304e+01
3.720255698740280792e+01
3.720441825440592254e+01
3.720628345017197347e+01
3.720815250874752422e+01
3.721002536363363333e+01
3.721190194782767691e+01
3.721378219385650254e+01
3.721566603379589111e+01
3.721755339927543105e+01
3.721944422146682285e+01
3.722133843105464734e+01
3.722323595819538156e+01
3.722513673247942023e+01
3.722704068290765633e+01
3.722894773788070211e+01
3.723085782518329268e+01
3.723277087193159929e+01
3.723468680446606527e+01
3.723660554822857449e+01
3.723852702768446932e+01
3.724045116630299646e+01
3.724237788657381287e+01
3.724430711003416405e+01
3.724623875728146061e+01
3.724817274795861266e+01
3.725010900072177122e+01
3.725204743321492629e+01
3.725398796207563379e+01
3.725593050297000275e+01
3.725787497062961506e+01
3.725982127888159567e+01
3.726176934068845270e+01
3.726371906819861834e+01
3.726567037279213679e+01
3.726762316512337492e+01
3.726957735517255088e+01
3.727153285229628210e+01
3.727348956525177925e+01
3.727544740218309727e+01
3.727740627058204836e+01
3.727936607724326734e+01
3.728132672822121663e+01
3.728328812878814347e+01
3.728525018339990282e+01
3.728721279569871427e+01
3.728917586857927091e+01
3.729113930428697188e+01
3.729310300447529158e+01
3.729506687018903932e+01
3.729703080180679109e+01
3.729899469897936370e+01
3.730095846055757391e+01
3.730292198450641195e+01
3.730488516784252795e+01
3.730684790661465655e+01
3.730881009589855779e+01
3.731077162977645401e+01
3.731273240130670388e+01
3.731469230251487801e+01
3.731665122442090876e+01
3.731860905708085596e+01
3.732056568963643883e+01
3.732252101041914472e+01
3.732447490713516203e+01
3.732642726709227077e+01
3.732837797742176633e+01
3.733032692524980689e+01
3.733227399776643551e+01
3.733421908219236940e+01
3.733616206571554130e+01
3.733810283546863218e+01
3.734004127854937849e+01
3.734197728205263189e+01
3.734391073311604714e+01
3.734584151899985471e+01
3.734776952720172716e+01
3.734969464558914609e+01
3.735161676251038898e+01
3.735353576684313737e+01
3.735545154801002354e+01
3.735736399604282099e+01
3.735927300169637277e+01
3.736117845652545810e+01
3.736308025287697632e+01
3.736497828382363906e+01
3.736687244309087674e+01
3.736876262500908297e+01
3.737064872449215613e+01
3.737253063704719125e+01
3.737440825882611506e+01
3.737628148670066253e+01
3.737815021832570750e+01
3.738001435217432800e+01
3.738187378755630874e+01
3.738372842464644208e+01
3.738557816453030114e+01
3.738742290924616185e+01
3.738926256181136409e+01
3.739109702625252396e+01
3.739292620765336039e+01
3.739475001220246497e+01
3.739656834721284895e+01
3.739838112109768531e+01
3.740018824331584568e+01
3.740198962432330632e+01
3.740378517554008653e+01
3.740557480929975043e+01
3.740735843876575473e+01
3.740913597786629907e+01
3.741090734130813189e+01
3.741267244463609387e+01
3.741443120424401769e+01
3.741618353730963520e+01
3.741792936171874828e+01
3.741966859606349516e+01
3.742140115974094527e+01
3.742312697307992408e+01
3.742484595739677644e+01
3.742655803496928257e+01
3.742826312899600083e+01
3.742996116358092706e+01
3.743165206372695053e+01
3.743333575534001056e+01
3.743501216528396469e+01
3.743668122147632005e+01
3.743834285295574915e+01
3.743999698988633895e+01
3.744164356352087708e+01
3.744328250616030118e+01
3.744491375114138521e+01
3.744653723286536717e+01
3.744815288684313259e+01
3.744976064972287588e+01
3.745136045929731239e+01
3.745295225449925880e+01
3.745453597537279933e+01
3.745611156299192857e+01
3.745767895931488312e+01
3.745923810703266099e+01
3.746078894950906601e+01
3.746233143081727945e+01
3.746386549579101910e+01
3.746539109005815504e+01
3.746690816008801761e+01
3.746841665326498827e+01
3.746991651796503930e+01
3.747140770362256035e+01
3.747289016080299717e+01
3.747436384128335618e+01
3.747582869811706985e+01
3.747728468565705384e+01
3.747873175952128122e+01
3.748016987652233212e+01
3.748159899459107436e+01
3.748301907267509847e+01
3.748443007059228194e+01
3.748583194889029357e+01
3.748722466877229920e+01
3.748860819207917672e+01
3.748998248128736321e+01
3.749134749949013212e+01
3.749270321031654163e+01
3.749404957778028802e+01
3.749538656614605969e+01
3.749671413989532454e+01
3.749803226376222653e+01
3.749934090276265408e+01
3.750064002219321679e+01
3.750192958762527695e+01
3.750320956492436153e+01
3.750447992033387123e+01
3.750574062063574843e+01
3.750699163331510277e+01
3.750823292665076281e+01
3.750946446974157311e+01
3.751068623251323686e+01
3.751189818573293167e+01
3.751310030103277171e+01
3.751429255092055115e+01
3.751547490877690905e+01
3.751664734883690500e+01
3.751780984610539349e+01
3.751896237621101449e+01
3.752010491532450942e+01
3.752123744021050555e+01
3.752235992834357603e+01
3.752347235802729841e+01
3.752457470847431864e+01
3.752566695975881572e+01
3.752674909263070191e+01
3.752782108834638564e+01
3.752888292865144138e+01
3.752993459586181046e+01
3.753097607291079640e+01
3.753200734331237953e+01
3.753302839109628053e+01
3.753403920080635459e+01
3.753503975760028766e+01
3.753603004741948723e+01
3.753701005716186501e+01
3.753797977478065206e+01
3.753893918926921458e+01
3.753988829057089305e+01
3.754082706950642034e+01
3.754175551777144904e+01
3.754267362797504148e+01
3.754358139367718650e+01
3.754447880941560101e+01
3.754536587070238340e+01
3.754624257395051501e+01
3.754710891632734615e+01
3.754796489559054606e+01
3.754881050997378367e+01
3.754964575814347683e+01
3.755047063919163719e+01
3.755128515261996114e+01
3.755208929829763775e+01
3.755288307641915679e+01
3.755366648753228276e+01
3.755443953266929213e+01
3.755520221351621757e+01
3.755595453253732074e+01
3.755669649304012836e+01
3.755742809920445779e+01
3.755814935607054394e+01
3.755886026945801603e+01
3.755956084582744836e+01
3.756025109214286317e+01
3.756093101579367044e+01
3.756160062461796656e+01
3.756225992700666438e+01
3.756290893199207659e+01
3.756354764927123568e+01
3.756417608918735596e+01
3.756479426267817701e+01
3.756540218120971275e+01
3.756599985673634023e+01
3.756658730170958194e+01
3.756716452914926663e+01
3.756773155275169529e+01
3.756828838697155248e+01
3.756883504706973298e+01
3.756937154916214183e+01
3.756989791025490177e+01
3.757041414822791126e+01
3.757092028177950027e+01
3.757141633037493023e+01
3.757190231423005145e+01
3.757237825433585954e+01
3.757284417246649610e+01
3.757330009108594737e+01
3.757374603315447814e+01
3.757418202192041434e+01
3.757460808078600678e+01
3.757502423327947838e+01
3.757543050308455435e+01
3.757582691403882791e+01
3.757621349005619749e+01
3.757659025506777084e+01
3.757695723313721459e+01
3.757731444871926385e+01
3.757766192687246587e+01
3.757799969333558465e+01
3.757832777450857265e+01
3.757864619739746814e+01
3.757895498957005742e+01
3.757925417914855615e+01
3.757954379482765006e+01
3.757982386589348778e+01
3.758009442223301022e+01
3.758035549433444089e+01
3.758060711329956405e+01
3.758084931089394587e+01
3.758108211962448308e+01
3.758130557280038886e+01
3.758151970454744628e+01
3.758172454978526389e+01
3.758192014419185512e+01
3.758210652416143915e+01
3.758228372677004359e+01
3.758245178977132639e+01
3.758261075160796594e+01
3.758276065141922118e+01
3.758290152903871473e+01
3.758303342495915444e+01
3.758315638025998595e+01
3.758327043653319777e+01
3.758337563582564655e+01
3.758347202059405134e+01
3.758355963368440200e+01
3.758363851835127889e+01
3.758370871830641846e+01
3.758377027775852497e+01
3.758382324141901876e+01
3.758386765450973144e+01
3.758390356281735478e+01
3.758393101277327020e+01
3.758395005151971446e+01
3.758396072695357759e+01
3.758396308774585037e+01
3.758395718333969171e+01
3.758394306393674356e+01
3.758392078047182849e+01
3.758389038458473408e+01
3.758385192861925361e+01
3.758380546566125702e+01
3.758375104959910118e+01
3.758368873516854336e+01
3.758361857790897886e+01
3.758354063400182810e+01
3.758345496009242481e+01
3.758336161321311408e+01
3.758326065077858402e+01
3.758315213054213899e+01
3.758303611049456094e+01
3.758291264876881854e+01
3.758278180357108056e+01
3.758264363311077716e+01
3.758249819551603821e+01
3.758234554873165933e+01
3.758218575039170872e+01
3.758201885767655881e+01
3.758184492719334457e+01
3.758166401490995412e+01
3.758147617612218028e+01
3.758128146540340708e+01
3.758107993650937573e+01
3.758087164225187138e+01
3.758065663436754988e+01
3.758043496338869716e+01
3.758020667850718155e+01
3.757997182743453379e+01
3.757973045628151709e+01
3.757948260948154484e+01
3.757922832975791039e+01
3.757896765810861694e+01
3.757870063378630476e+01
3.757842729427335371e+01
3.757814767525692901e+01
3.757786181060508568e+01
3.757756973236037368e+01
3.757727147078803398e+01
3.757696705449525609e+01
3.757665651058169232e+01
3.757633986475876497e+01
3.757601714140857752e+01
3.757568836358831277e+01
3.757535355299665980e+01
3.757501272992170982e+01
3.757466591319082028e+01
3.757431312013218871e+01
3.757395436654129384e+01
3.757358966664833844e+01
3.757321903309640732e+01
3.757284247693128520e+01
3.757246000758064497e+01
3.757207163279227302e+01
3.757167735852069512e+01
3.757127718878557232e+01
3.757087112554857811e+01
3.757045916866145774e+01
3.757004131592508145e+01
3.756961756324497514e+01
3.756918790480732184e+01
3.756875233320624119e+01
3.756831083950679329e+01
3.756786341326809264e+01
3.756741004255664507e+01
3.756695071396259777e+01
3.756648541262097041e+01
3.756601412223762537e+01
3.756553682511830061e+01
3.756505350221314643e+01
3.756456413321000554e+01
3.756406869668811055e+01
3.756356717029128589e+01
3.756305953086310723e+01
3.756254575451590227e+01
3.756202581663833229e+01
3.756149969186894566e+01
3.756096735406578802e+01
3.756042877628095056e+01
3.755988393074774478e+01
3.755933278891757965e+01
3.755877532158454102e+01
3.755821149909372281e+01
3.755764129157781639e+01
3.755706466914210750e+01
3.755648160194917295e+01
3.755589206021678450e+01
3.755529601417601526e+01
3.755469343402635474e+01
3.755408428991520253e+01
3.755346855196219735e+01
3.755284619032249793e+01
3.755221717526761438e+01
3.755158147726532292e+01
3.755093906703417161e+01
3.755028991556883255e+01
3.754963399418399206e+01
3.754897127458839634e+01
3.754830172891022499e+01
3.754762532964845434e+01
3.754694204963980297e+01
3.754625186208610188e+01
3.754555474057871578e+01
3.754485065907721264e+01
3.754413959187053251e+01
3.754342151353814216e+01
3.754269639890534194e+01
3.754196422300154978e+01
3.754122496103121875e+01
3.754047858837400042e+01
3.753972508063558422e+01
3.753896441372679504e+01
3.753819656392320780e+01
3.753742150789262411e+01
3.753663922270992259e+01
3.753584968587188087e+01
3.753505287530329326e+01
3.753424876935819299e+01
3.753343734684542454e+01
3.753261858707572429e+01
3.753179246987073014e+01
3.753095897548247706e+01
3.753011808444754394e+01
3.752926977746274417e+01
3.752841403535717291e+01
3.752755083915008072e+01
3.752668017010474699e+01
3.752580200973082469e+01
3.752491633976720209e+01
3.752402314215898826e+01
3.752312239901704061e+01
3.752221409258232399e+01
3.752129820520491421e+01
3.752037471930060519e+01
3.751944361729777455e+01
3.751850488165248265e+01
3.751755849493758888e+01
3.751660443991919891e+01
3.751564269957373909e+01
3.751467325708165390e+01
3.751369609582111764e+01
3.751271119934712317e+01
3.751171855138813527e+01
3.751071813590121451e+01
3.750970993714467738e+01
3.750869393973127330e+01
3.750767012868821126e+01
3.750663848952399348e+01
3.750559900827774840e+01
3.750455167154615310e+01
3.750349646646950674e+01
3.750243338068364807e+01
3.750136240231965701e+01
3.750028352011656096e+01
3.749919672357010114e+01
3.749810200298603746e+01
3.749699934945067525e+01
3.749588875481210692e+01
3.749477021167803770e+01
3.749364371338148771e+01
3.749250925391140044e+01
3.749136682784232733e+01
3.749021643026802053e+01
3.748905805673012992e+01
3.748789170316156572e+01
3.748671736585908576e+01
3.748553504147633930e+01
3.748434472702763998e+01
3.748314641992001128e+01
3.748194011804077519e+01
3.748072581981590190e+01
3.747950352408622621e+01
3.747827322981808607e+01
3.747703493579547995e+01
3.747578864040183788e+01
3.747453434159364605e+01
3.747327203710314336e+01
3.747200172473535673e+01
3.747072340260096723e+01
3.746943706924101747e+01
3.746814272365521958e+01
3.746684036525132910e+01
3.746552999377411908e+01
3.746421160928599647e+01
3.746288521218848899e+01
3.746155080322336062e+01
3.746020838346493065e+01
3.745885795436110044e+01
3.745749951779489351e+01
3.745613307607676745e+01
3.745475863190198851e+01
3.745337618842967942e+01
3.745198574948854287e+01
3.745058731972321198e+01
3.744918090459151472e+01
3.744776651028290360e+01
3.744634414362518982e+01
3.744491381199320301e+01
3.744347552321849548e+01
3.744202928550974008e+01
3.744057510740138639e+01
3.743911299775786716e+01
3.743764296583431417e+01
3.743616502130125667e+01
3.743467917415338775e+01
3.743318543456962288e+01
3.743168381280344192e+01
3.743017431908191384e+01
3.742865696350676075e+01
3.742713175602649045e+01
3.742559870654886822e+01
3.742405782516341617e+01
3.742250912234643323e+01
3.742095260905492893e+01
3.741938829671349254e+01
3.741781619714558360e+01
3.741623632251363318e+01
3.741464868531566168e+01
3.741305329844032457e+01
3.741145017524440419e+01
3.740983932960983083e+01
3.740822077596860851e+01
3.740659452931603823e+01
3.740496060522491462e+01
3.740331901984416163e+01
3.740166978984781565e+01
3.740001293232850088e+01
3.739834846468208696e+01
3.739667640453919972e+01
3.739499676976975451e+01
3.739330957853329096e+01
3.739161484930495760e+01
3.738991260084699775e+01
3.738820285216363004e+01
3.738648562249301222e+01
3.738476093135370348e+01
3.738302879862629879e+01
3.738128924463983793e+01
3.737954229018136232e+01
3.737778795634665130e+01
3.737602626430523856e+01
3.737425723513369746e+01
3.737248088978132898e+01
3.737069724914308466e+01
3.736890633418019547e+01
3.736710816604274754e+01
3.736530276617379087e+01
3.736349015637255633e+01
3.736167035881478427e+01
3.735984339606334004e+01
3.735800929111098156e+01
3.735616806747870555e+01
3.735431974931793064e+01
3.735246436141336801e+01
3.735060192907584309e+01
3.734873247802632790e+01
3.734685603434335377e+01
3.734497262445518118e+01
3.734308227514856071e+01
3.734118501361358966e+01
3.733928086753233799e+01
3.733736986518510292e+01
3.733545203557120828e+01
3.733352740852791385e+01
3.733159601478309497e+01
3.732965788592900225e+01
3.732771305438242138e+01
3.732576155336334978e+01
3.732380341684929448e+01
3.732183867947508560e+01
3.731986737641608443e+01
3.731788954330750840e+01
3.731590521622604939e+01
3.731391443173972533e+01
3.731191722699084323e+01
3.730991363975169151e+01
3.730790370843742210e+01
3.730588747211304224e+01
3.730386497052870709e+01
3.730183624417643529e+01
3.729980133434293776e+01
3.729776028314980607e+01
3.729571313356250073e+01
3.729365992932635265e+01
3.729160071482264982e+01
3.728953553490624273e+01
3.728746443480842032e+01
3.728538746017225236e+01
3.728330465723313836e+01
3.728121607302367124e+01
3.727912175544116025e+01
3.727702175317298128e+01
3.727491611557027795e+01
3.727280489251484852e+01
3.727068813430652483e+01
3.726856589160215094e+01
3.726643821540527313e+01
3.726430515706941549e+01
3.726216676827901608e+01
3.726002310102352055e+01
3.725787420760072166e+01
3.725572014064150039e+01
3.725356095314926108e+01
3.725139669857632185e+01
3.724922743093248556e+01
3.724705320489848503e+01
3.724487407595211153e+01
3.724269010053719597e+01
3.724050133624427872e+01
3.723830784192409737e+01
3.723610967771924862e+01
3.723390690505981127e+01
3.723169958665605606e+01
3.722948778649410428e+01
3.722727156980816687e+01
3.722505100300121228e+01
3.722282615354222912e+01
3.722059708989665694e+01
3.721836388150644126e+01
3.721612659881301965e+01
3.721388531332408434e+01
3.721164009769307768e+01
3.720939102574897817e+01
3.720713817245401600e+01
3.720488161381950931e+01
3.720262142680027040e+01
3.720035768916955732e+01
3.719809047943101632e+01
3.719581987683780255e+01
3.719354596149544534e+01
3.719126881449012245e+01
3.718898851801586147e+01
3.718670515546484268e+01
3.718441881143868244e+01
3.718212957168579891e+01
3.717983752302412626e+01
3.717754275330469937e+01
3.717524535141624398e+01
3.717294540730724606e+01
3.717064301201583021e+01
3.716833825768406285e+01
3.716603123752452120e+01
3.716372204575279170e+01
3.716141077752771338e+01
3.715909752890534890e+01
3.715678239678116768e+01
3.715446547881671790e+01
3.715214687338089306e+01
3.714982667952336470e+01
3.714750499696062036e+01
3.714518192605721225e+01
3.714285756780402892e+01
3.714053202378393337e+01
3.713820539608769877e+01
3.713587778714525456e+01
3.713354929949452554e+01
3.713122003557076312e+01
3.712889009757671488e+01
3.712655958742197271e+01
3.712422860669153835e+01
3.712189725661924911e+01
3.711956563805146914e+01
3.711723385139131892e+01
3.711490199653412958e+01
3.711257017282720483e+01
3.711023847908323603e+01
3.710790701365209543e+01
3.710557587454136552e+01
3.710324515954660995e+01
3.710091496631542185e+01
3.709858539230817343e+01
3.709625653469645812e+01
3.709392849024980876e+01
3.709160135522439816e+01
3.708927522524977149e+01
3.708695019521460523e+01
3.708462635917194916e+01
3.708230381030291056e+01
3.707998264094950969e+01
3.707766294266991025e+01
3.707534480625568563e+01
3.707302832168575435e+01
3.707071357804133527e+01
3.706840066343847440e+01
3.706608966500532887e+01
3.706378066887700129e+01
3.706147376018164152e+01
3.705916902302354288e+01
3.705686654047217843e+01
3.705456639455113077e+01
3.705226866621931237e+01
3.704997343534822818e+01
3.704768078070996751e+01
3.704539077999153562e+01
3.704310350984805211e+01
3.704081904599696173e+01
3.703853746333163599e+01
3.703625883602332891e+01
3.703398323759000021e+01
3.703171074090960957e+01
3.702944141815644485e+01
3.702717534068388261e+01
3.702491257892855003e+01
3.702265320240316271e+01
3.702039727979550321e+01
3.701814487912099594e+01
3.701589606784015274e+01
3.701365091292252174e+01
3.701140948090860405e+01
3.700917183799129617e+01
3.700693805007884407e+01
3.700470818279337237e+01
3.700248230141792760e+01
3.700026047085125924e+01
3.699804275559664291e+01
3.699582921976242744e+01
3.699361992704504587e+01
3.699141494068374669e+01
3.698921432340464577e+01
3.698701813737541499e+01
3.698482644416003495e+01
3.698263930465694216e+01
3.698045677904011796e+01
3.697827892673131345e+01
3.697610580639955202e+01
3.697393747596743907e+01
3.697177399261750708e+01
3.696961541280432328e+01
3.696746179227345408e+01
3.696531318607751615e+01
3.696316964858047527e+01
3.696103123345321961e+01
3.695889799367009232e+01
3.695676998150440795e+01
3.695464724850646121e+01
3.695252984546107911e+01
3.695041782234314809e+01
3.694831122828298220e+01
3.694621011153255807e+01
3.694411451941427060e+01
3.694202449824917522e+01
3.693994009330184980e+01
3.693786134880212302e+01
3.693578830806523428e+01
3.693372101366553295e+01
3.693165950761895999e+01
3.692960383155963200e+01
3.692755402686192667e+01
3.692551013464949961e+01
3.692347219573909456e+01
3.692144025063395674e+01
3.691941433958839980e+01
3.691739450266841516e+01
3.691538077974902166e+01
3.691337321044626663e+01
3.691137183402883437e+01
3.690937668935588079e+01
3.690738781485290332e+01
3.690540524852652737e+01
3.690342902801142344e+01
3.690145919061239255e+01
3.689949577330744290e+01
3.689753881271869318e+01
3.689558834508036966e+01
3.689364440621459096e+01
3.689170703149934383e+01
3.688977625581597408e+01
3.688785211348109527e+01
3.688593463817363727e+01
3.688402386286867340e+01
3.688211981979461029e+01
3.688022254042354575e+01
3.687833205547906346e+01
3.687644839493530924e+01
3.687457158800435764e+01
3.687270166312647035e+01
3.687083864796913701e+01
3.686898256944070340e+01
3.686713345372735517e+01
3.686529132634084505e+01
3.686345621215544810e+01
3.686162813543811012e+01
3.685980711988735692e+01
3.685799318866730800e+01
3.685618636440467100e+01
3.685438666915747774e+01
3.685259412439938842e+01
3.685080875103225395e+01
3.684903056940837018e+01
3.684725959935275341e+01
3.684549586018244582e+01
3.684373937071809735e+01
3.684199014928568516e+01
3.684024821370663716e+01
3.683851358127810727e+01
3.683678626875526163e+01
3.683506629234521768e+01
3.683335366771264319e+01
3.683164840999510403e+01
3.682995053382619233e+01
3.682826005335766695e+01
3.682657698227184540e+01
3.682490133378811947e+01
3.682323312067338605e+01
3.682157235525342287e+01
3.681991904940866078e+01
3.681827321455146063e+01
3.681663486160920229e+01
3.681500400102782322e+01
3.681338064276754096e+01
3.681176479625671050e+01
3.681015647031640725e+01
3.680855567309184551e+01
3.680696241199448338e+01
3.680537669363440045e+01
3.680379852373900462e+01
3.680222790707559710e+01
3.680066484739638355e+01
3.679910934741268846e+01
3.679756140880418513e+01
3.679602103226711307e+01
3.679448821756439969e+01
3.679296296352421081e+01
3.679144526800235582e+01
3.678993512787202036e+01
3.678843253906413224e+01
3.678693749664567036e+01
3.678544999492919487e+01
3.678397002758812562e+01
3.678249758772825828e+01
3.678103266790467529e+01
3.677957526010746392e+01
3.677812535571921160e+01
3.677668294544714200e+01
3.677524801926204390e+01
3.677382056638298735e+01
3.677240057532048212e+01
3.677098803394298443e+01
3.676958292951125884e+01
3.676818524866205706e+01
3.676679497736261482e+01
3.676541210086214306e+01
3.676403660365406978e+01
3.676266846945190281e+01
3.676130768118062520e+01
3.675995422098568355e+01
3.675860807025458143e+01
3.675726920963064970e+01
3.675593761899570211e+01
3.675461327743509798e+01
3.675329616322129311e+01
3.675198625381688089e+01
3.675068352587177856e+01
3.674938795519604895e+01
3.674809951669277552e+01
3.674681818426071089e+01
3.674554393074075165e+01
3.674427672799296829e+01
3.674301654708560960e+01
3.674176335848214592e+01
3.674051713215234827e+01
3.673927783760539967e+01
3.673804544386553772e+01
3.673681991942529379e+01
3.673560123220746476e+01
3.673438934954365465e+01
3.673318423816641598e+01
3.673198586420821954e+01
3.673079419319847716e+01
3.672960919005467417e+01
3.672843081906963647e+01
3.672725904389681517e+01
3.672609382753068274e+01
3.672493513227834683e+01
3.672378291972634656e+01
3.672263715071901657e+01
3.672149778537007592e+01
3.672036478310725016e+01
3.671923810272277677e+01
3.671811770241019701e+01
3.671700353978951625e+01
3.671589557192161379e+01
3.671479375530803679e+01
3.671369804588004371e+01
3.671260839898573636e+01
3.671152476938686959e+01
3.671044711128101312e+01
3.670937537834321063e+01
3.670830952375293066e+01
3.670724950018700383e+01
3.670619525978914766e+01
3.670514675413069483e+01
3.670410393417130024e+01
3.670306675022651177e+01
3.670203515195770905e+01
3.670100908841460807e+01
3.669998850813333036e+01
3.669897335924027004e+01
3.669796358951502668e+01
3.669695914640569612e+01
3.669595997700601231e+01
3.669496602800533225e+01
3.669397724561908092e+01
3.669299357550845286e+01
3.669201496271185192e+01
3.669104135160351632e+01
3.669007268586684489e+01
3.668910890846374429e+01
3.668814996158743469e+01
3.668719578658797076e+01
3.668624632389483509e+01
3.668530151301063569e+01
3.668436129261389311e+01
3.668342560070563962e+01
3.668249437471222052e+01
3.668156755152082127e+01
3.668064506746728171e+01
3.667972685830348212e+01
3.667881285918607404e+01
3.667790300474415943e+01
3.667699722924243133e+01
3.667609546676765575e+01
3.667519765135090637e+01
3.667430371703125758e+01
3.667341359794198041e+01
3.667252722846290425e+01
3.667164454339322788e+01
3.667076547806009046e+01
3.666988996832087366e+01
3.666901795050129920e+01
3.666814936135294545e+01
3.666728413806238507e+01
3.666642221827689951e+01
3.666556354012142549e+01
3.666470804222129942e+01
3.666385566375721794e+01
3.666300634455905083e+01
3.666216002521144190e+01
3.666131664716228755e+01
3.666047615287404682e+01
3.665963848603060171e+01
3.665880359174116876e+01
3.665797141666629955e+01
3.665714190903866410e+01
3.665631501860202235e+01
3.665549069650337799e+01
3.665466889518421567e+01
3.665384956832919272e+01
3.665303267088884098e+01
3.665221815914611625e+01
3.665140599080532269e+01
3.665059612507715769e+01
3.664978852271798360e+01
3.664898314603109242e+01
3.664817995887378999e+01
3.664737892666255448e+01
3.664658001633826956e+01
3.664578319630705039e+01
3.664498843641516856e+01
3.664419570798249026e+01
3.664340498385141842e+01
3.664261623838910964e+01
3.664182944743414794e+01
3.664104458824516541e+01
3.664026163952451043e+01
3.663948058154314680e+01
3.663870139631235645e+01
3.663792406771742094e+01
3.663714858157729282e+01
3.663637492563120190e+01
3.663560308947264588e+01
3.663483306449603560e+01
3.663406484390862516e+01
3.663329842277164516e+01
3.663253379799663634e+01
3.663177096827259760e+01
3.663100993395907068e+01
3.663025069699574487e+01
3.662949326084912371e+01
3.662873763046983555e+01
3.662798381223635857e+01
3.662723181392989602e+01
3.662648164478330415e+01
3.662573331554943223e+01
3.662498683854422410e+01
3.662424222770726345e+01
3.662349949869064147e+01
3.662275866892244380e+01
3.662201975764102713e+01
3.662128278595657349e+01
3.662054777695257002e+01
3.661981475576391176e+01
3.661908374957123158e+01
3.661835478751047646e+01
3.661762790053280980e+01
3.661690312126448532e+01
3.661618048391935787e+01
3.661546002427465396e+01
3.661474177967309629e+01
3.661402578902303873e+01
3.661331209278305465e+01
3.661260073290944916e+01
3.661189175277554853e+01
3.661118519711925501e+01
3.661048111208210543e+01
3.660977954535068335e+01
3.660908054632230346e+01
3.660838416620647706e+01
3.660769045804933342e+01
3.660699947669967003e+01
3.660631127873404722e+01
3.660562592238675705e+01
3.660494346751290351e+01
3.660426397554954292e+01
3.660358750944268280e+01
3.660291413356458889e+01
3.660224391365445484e+01
3.660157691676585756e+01
3.660091321117627672e+01
3.660025286625752017e+01
3.659959595236385610e+01
3.659894254077551068e+01
3.659829270366756759e+01
3.659764651406032954e+01
3.659700404575310984e+01
3.659636537326876038e+01
3.659573057181765421e+01
3.659509971726748745e+01
3.659447288610726901e+01
3.659385015541127473e+01
3.659323160282447418e+01
3.659261730658684542e+01
3.659200734558012158e+01
3.659140179936676418e+01
3.659080074822692552e+01
3.659020427319740065e+01
3.658961245606768387e+01
3.658902537930590171e+01
3.658844312596330894e+01
3.658786577962159470e+01
3.658729342438505938e+01
3.658672614487661434e+01
3.658616402621433394e+01
3.658560715396655638e+01
3.658505561407580586e+01
3.658450949273595398e+01
3.658396887622454585e+01
3.658343385071469100e+01
3.658290450209959488e+01
3.658238091585212715e+01
3.658186317692239697e+01
3.658135136966942724e+01
3.658084557782589030e+01
3.658034588449113755e+01
3.657985237213977570e+01
3.657936512262924822e+01
3.657888421719186312e+01
3.657840973641020099e+01
3.657794176019059762e+01
3.657748036774831490e+01
3.657702563760725667e+01
3.657657764761047758e+01
3.657613647493545983e+01
3.657570219611630336e+01
3.657527488709887109e+01
3.657485462335453974e+01
3.657444148001037831e+01
3.657403553191606704e+01
3.657363685361823258e+01
3.657324551925781009e+01
3.657286160243626938e+01
3.657248517611877503e+01
3.657211631259587392e+01
3.657175508347427950e+01
3.657140155967846340e+01
3.657105581145997064e+01
3.657071790840478798e+01
3.657038791942706979e+01
3.657006591275311536e+01
3.656975195590820960e+01
3.656944611570741444e+01
3.656914845824827154e+01
3.656885904890930306e+01
3.656857795235341513e+01
3.656830523253515963e+01
3.656804095271677113e+01
3.656778517549000895e+01
3.656753796279117807e+01
3.656729937592101720e+01
3.656706947561037424e+01
3.656684832212960856e+01
3.656663597538351951e+01
3.656643249495936487e+01
3.656623794014377893e+01
3.656605236993085839e+01
3.656587584303126448e+01
3.656570841788125392e+01
3.656555015265756481e+01
3.656540110531081922e+01
3.656526133360959818e+01
3.656513089516695203e+01
3.656500984743284022e+01
3.656489824766122609e+01
3.656479615287128127e+01
3.656470361981445905e+01
3.656462070494444561e+01
3.656454746438515713e+01
3.656448395390069095e+01
3.656443022886713834e+01
3.656438634423671630e+01
3.656435235449882271e+01
3.656432831366942793e+01
3.656431427532812961e+01
3.656431029268150468e+01
3.656431641862060644e+01
3.656433270576287953e+01
3.656435920648424798e+01
3.656439597294250632e+01
3.656444305707922382e+01
3.656450051058457973e+01
3.656456838483014593e+01
3.656464673079761951e+01
3.656473559902322279e+01
3.656483503955182357e+01
3.656494510189486391e+01
3.656506583500296159e+01
3.656519728726279794e+01
3.656533950651154896e+01
3.656549254005324912e+01
3.656565643466731785e+01
3.656583123661320656e+01
3.656601699164181696e+01
3.656621374501277444e+01
3.656642154151266055e+01
3.656664042548584348e+01
3.656687044087801297e+01
3.656711163126408337e+01
3.656736403984492512e+01
3.656762770941870144e+01
3.656790268233375230e+01
3.656818900043558074e+01
3.656848670502452592e+01
3.656879583682803769e+01
3.656911643597489814e+01
3.656944854195479877e+01
3.656979219356133370e+01
3.657014742883499281e+01
3.657051428502560952e+01
3.657089279858111297e+01
3.657128300516150432e+01
3.657168493968413259e+01
3.657209863639510417e+01
3.657252412893102900e+01
3.657296145033493673e+01
3.657341063302442308e+01
3.657387170873644777e+01
3.657434470847496044e+01
3.657482966247809486e+01
3.657532660021154669e+01
3.657583555038145562e+01
3.657635654095218314e+01
3.657688959916201554e+01
3.657743475153993273e+01
3.657799202392715188e+01
3.657856144149676680e+01
3.657914302875576595e+01
3.657973680952663642e+01
3.658034280692306339e+01
3.658096104333634457e+01
3.658159154044029293e+01
3.658223431920488622e+01
3.658288939989822097e+01
3.658355680207282035e+01
3.658423654454902874e+01
3.658492864539842060e+01
3.658563312191932226e+01
3.658634999060165427e+01
3.658707926708395064e+01
3.658782096610645596e+01
3.658857510145055869e+01
3.658934168584901414e+01
3.659012073090683259e+01
3.659091224709911216e+01
3.659171624382825172e+01
3.659253272948311775e+01
3.659336171150015105e+01
3.659420319643903952e+01
3.659505719004766888e+01
3.659592369729391237e+01
3.659680272237211085e+01
3.659769426870074938e+01
3.659859833892301850e+01
3.659951493490837038e+01
3.660044405773452780e+01
3.660138570765489874e+01
3.660233988410880102e+01
3.660330658580575403e+01
3.660428581083498756e+01
3.660527755674385020e+01
3.660628182057327962e+01
3.660729859885918813e+01
3.660832788761336332e+01
3.660936968230044641e+01
3.661042397781685054e+01
3.661149076846575667e+01
3.661257004792723535e+01
3.661366180923024416e+01
3.661476604473151752e+01
3.661588274610213034e+01
3.661701190431801933e+01
3.661815350964164395e+01
3.661930755158909534e+01
3.662047401890101384e+01
3.662165289953302505e+01
3.662284418065192426e+01
3.662404784862124529e+01
3.662526388897400409e+01
3.662649228635925169e+01
3.662773302443885370e+01
3.662898608575405746e+01
3.663025145162032459e+01
3.663152910208055602e+01
3.663281901592745982e+01
3.663412117082531694e+01
3.663543554350859921e+01
3.663676210994748317e+01
3.663810084540814671e+01
3.663945172443806086e+01
3.664081472082784785e+01
3.664218980756629662e+01
3.664357695677982463e+01
3.664497613964751821e+01
3.664638732630447748e+01
3.664781048576853806e+01
3.664924558591858528e+01
3.665069259351474074e+01
3.665215147422339470e+01
3.665362219261984222e+01
3.665510471217330490e+01
3.665659899524371212e+01
3.665810500310566766e+01
3.665962269598021095e+01
3.666115203305000847e+01
3.666269297245990799e+01
3.666424547132039891e+01
3.666580948571983356e+01
3.666738497073564673e+01
3.666897188043578382e+01
3.667057016786167623e+01
3.667217978497605202e+01
3.667380068257572390e+01
3.667543281020138579e+01
3.667707611607277585e+01
3.667873054705201952e+01
3.668039604863327696e+01
3.668207256494698498e+01
3.668376003874946178e+01
3.668545841139302865e+01
3.668716762283506938e+01
3.668888761176203417e+01
3.669061831581075239e+01
3.669235967179280067e+01
3.669411161588462988e+01
3.669587408379144478e+01
3.669764701086232606e+01
3.669943033214689621e+01
3.670122398244322426e+01
3.670302789641876728e+01
3.670484200882283687e+01
3.670666625468640376e+01
3.670850056939329420e+01
3.671034488863644896e+01
3.671219914835953091e+01
3.671406328472482983e+01
3.671593723407628573e+01
3.671782093289176885e+01
3.671971431773827277e+01
3.672161732521538369e+01
3.672352989191147543e+01
3.672545195444255484e+01
3.672738344956428591e+01
3.672932431427415878e+01
3.673127448589324473e+01
3.673323390220343754e+01
3.673520250165676515e+01
3.673718022356521828e+01
3.673916700819312808e+01
3.674116279674144891e+01
3.674316753124526969e+01
3.674518115444603694e+01
3.674720360970172806e+01
3.674923484092625614e+01
3.675127479251616336e+01
3.675332340925687191e+01
3.675538063621527129e+01
3.675744641861671624e+01
3.675952070171908304e+01
3.676160343072285031e+01
3.676369455073864145e+01
3.676579400678495091e+01
3.676790174378296427e+01
3.677001770653571810e+01
3.677214183967905115e+01
3.677427408761009531e+01
3.677641439443627291e+01
3.677856270396902261e+01
3.678071895974091632e+01
3.678288310502961167e+01
3.678505508288174752e+01
3.678723483611444323e+01
3.678942230728560503e+01
3.679161743865451939e+01
3.679382017215795031e+01
3.679603044941647028e+01
3.679824821177584937e+01
3.680047340036983172e+01
3.680270595617123774e+01
3.680494582000797976e+01
3.680719293255080515e+01
3.680944723429325194e+01
3.681170866553549814e+01
3.681397716637108175e+01
3.681625267667267565e+01
3.681853513607688200e+01
3.682082448396700158e+01
3.682312065944807244e+01
3.682542360130726422e+01
3.682773324796449543e+01
3.683004953743477472e+01
3.683237240731291706e+01
3.683470179476601203e+01
3.683703763651813290e+01
3.683937986882136784e+01
3.684172842741128306e+01
3.684408324745452035e+01
3.684644426350330804e+01
3.684881140946158951e+01
3.685118461855791594e+01
3.685356382332427927e+01
3.685594895559042072e+01
3.685833994650450052e+01
3.686073672656443989e+01
3.686313922562590051e+01
3.686554737288390271e+01
3.686796109685840150e+01
3.687038032540026222e+01
3.687280498570306975e+01
3.687523500430130952e+01
3.687767030705298055e+01
3.688011081911044897e+01
3.688255646489036366e+01
3.688500716807570257e+01
3.688746285166455152e+01
3.688992343802668472e+01
3.689238884892895953e+01
3.689485900553733444e+01
3.689733382842177178e+01
3.689981323756897780e+01
3.690229715238923802e+01
3.690478549170963163e+01
3.690727817375166353e+01
3.690977511609133899e+01
3.691227623561240279e+01
3.691478144846838205e+01
3.691729067005141474e+01
3.691980381496298946e+01
3.692232079700225711e+01
3.692484152919328011e+01
3.692736592385126215e+01
3.692989389266821831e+01
3.693242534678891786e+01
3.693496019682741860e+01
3.693749835279977844e+01
3.694003972405291591e+01
3.694258421928889646e+01
3.694513174664960076e+01
3.694768221378193118e+01
3.695023552792638100e+01
3.695279159609327024e+01
3.695535032528574249e+01
3.695791162271590480e+01
3.696047539599081233e+01
3.696304155322923179e+01
3.696561000309959155e+01
3.696818065483441273e+01
3.697075341829164330e+01
3.697332820407139309e+01
3.697590492362397896e+01
3.697848348930531159e+01
3.698106381440893387e+01
3.698364581320872446e+01
3.698622940099777878e+01
3.698881449409118716e+01
3.699140100978401335e+01
3.699398886629663252e+01
3.699657798277651466e+01
3.699916827937700958e+01
3.700175967732248239e+01
3.700435209887893251e+01
3.700694546726909095e+01
3.700953970661775827e+01
3.701213474196333664e+01
3.701473049931124137e+01
3.701732690568735507e+01
3.701992388918170462e+01
3.702252137899213125e+01
3.702511930546019414e+01
3.702771760008759117e+01
3.703031619553208031e+01
3.703291502559176251e+01
3.703551402518542091e+01
3.703811313031441443e+01
3.704071227800210409e+01
3.704331140624596941e+01
3.704591045400965754e+01
3.704850936124137206e+01
3.705110806888048103e+01
3.705370651884669542e+01
3.705630465406326124e+01
3.705890241853767719e+01
3.706149975743846881e+01
3.706409661710677739e+01
3.706669294502888334e+01
3.706928868982926417e+01
3.707188380127724514e+01
3.707447823026445377e+01
3.707707192875987090e+01
3.707966484978337007e+01
3.708225694741920364e+01
3.708484817687627810e+01
3.708743849457955832e+01
3.709002785823518167e+01
3.709261622681378157e+01
3.709520356045000256e+01
3.709778982031767214e+01
3.710037496855270689e+01
3.710295896823645023e+01
3.710554178340230891e+01
3.710812337904443581e+01
3.711070372112536830e+01
3.711328277656032526e+01
3.711586051315959622e+01
3.711843689955441050e+01
3.712101190513248383e+01
3.712358549996585566e+01
3.712615765470847862e+01
3.712872834047628601e+01
3.713129752873311418e+01
3.713386519119706719e+01
3.713643129978587609e+01
3.713899582660607024e+01
3.714155874396261225e+01
3.714412002436755955e+01
3.714667964054973481e+01
3.714923756547700151e+01
3.715179377237566172e+01
3.715434823470504710e+01
3.715690092608826944e+01
3.715945182025270555e+01
3.716200089100655646e+01
3.716454811222707377e+01
3.716709345783122131e+01
3.716963690171818513e+01
3.717217841768452047e+01
3.717471797932376631e+01
3.717725555993577302e+01
3.717979113245947076e+01
3.718232466941429948e+01
3.718485614283494556e+01
3.718738552419819143e+01
3.718991278435179737e+01
3.719243789346278106e+01
3.719496082099112044e+01
3.719748153566532523e+01
3.720000000542396634e+01
3.720251619731434545e+01
3.720503007737752910e+01
3.720754161055089071e+01
3.721005076059990557e+01
3.721255749009769431e+01
3.721506176048342240e+01
3.721756353218312796e+01
3.722006276471584840e+01
3.722255941673747515e+01
3.722505344604464739e+01
3.722754480957571843e+01
3.723003346341759823e+01
3.723251936280574625e+01
3.723500246210475240e+01
3.723748271477324323e+01
3.723996007333666114e+01
3.724243448938727852e+01
3.724490591360178371e+01
3.724737429575103675e+01
3.724983958469234580e+01
3.725230172835392750e+01
3.725476067372522238e+01
3.725721636685791793e+01
3.725966875287085855e+01
3.726211777595210606e+01
3.726456337935901075e+01
3.726700550540949308e+01
3.726944409544903891e+01
3.727187908980305764e+01
3.727431042774188086e+01
3.727673804746530095e+01
3.727916188610948467e+01
3.728158187977439297e+01
3.728399796353846085e+01
3.728641007143441755e+01
3.728881813639579690e+01
3.729122209019381273e+01
3.729362186337217366e+01
3.729601738516838338e+01
3.729840858343105481e+01
3.730079538462303645e+01
3.730317771399299431e+01
3.730555549587076314e+01
3.730792865397239666e+01
3.731029711163806439e+01
3.731266079198518071e+01
3.731501961799919798e+01
3.731737351259127422e+01
3.731972239863456764e+01
3.732206619897417710e+01
3.732440483640792905e+01
3.732673823365443155e+01
3.732906631333290193e+01
3.733138899795073939e+01
3.733370620986973165e+01
3.733601787124492688e+01
3.733832390396941747e+01
3.734062422965124739e+01
3.734291876960594436e+01
3.734520744483145904e+01
3.734749017595493825e+01
3.734976688316680793e+01
3.735203748617535524e+01
3.735430190421385532e+01
3.735656005608575470e+01
3.735881186019135214e+01
3.736105723452425309e+01
3.736329609668445073e+01
3.736552836395271271e+01
3.736775395345467388e+01
3.736997278237165432e+01
3.737218476807647249e+01
3.737438982815242383e+01
3.737658788037225577e+01
3.737877884269573769e+01
3.738096263329932611e+01
3.738313917066434300e+01
3.738530837372260152e+01
3.738747016199717166e+01
3.738962445567207027e+01
3.739177117557525065e+01
3.739391024312751455e+01
3.739604158030505232e+01
3.739816510958451090e+01
3.740028075385688311e+01
3.740238843639297528e+01
3.740448808093562150e+01
3.740657961187270075e+01
3.740866295436924105e+01
3.741073803440703927e+01
3.741280477877945998e+01
3.741486311507845386e+01
3.741691297166992314e+01
3.741895427766713311e+01
3.742098696291583337e+01
3.742301095797740373e+01
3.742502619410235098e+01
3.742703260321932390e+01
3.742903011795344526e+01
3.743101867164261165e+01
3.743299819831496222e+01
3.743496863262826224e+01
3.743692990981227808e+01
3.743888196565110604e+01
3.744082473649567788e+01
3.744275815928897799e+01
3.744468217162927459e+01
3.744659671188593109e+01
3.744850171931816618e+01
3.745039713414903559e+01
3.745228289760432716e+01
3.745415895193787748e+01
3.745602524044713988e+01
3.745788170748193124e+01
3.745972829845128160e+01
3.746156495983222356e+01
3.746339163916595538e+01
3.746520828501208911e+01
3.746701484687569206e+01
3.746881127516061838e+01
3.747059752117252174e+01
3.747237353715308927e+01
3.747413927631230735e+01
3.747589469284032759e+01
3.747763974190761616e+01
3.747937437964859697e+01
3.748109856307416266e+01
3.748281224988879501e+01
3.748451539833589408e+01
3.748620796722627802e+01
3.748788991609919918e+01
3.748956120532196934e+01
3.749122179601231863e+01
3.749287164979911324e+01
3.749451072855772082e+01
3.749613899429441943e+01
3.749775640920623232e+01
3.749936293581084357e+01
3.750095853707557580e+01
3.750254317650841074e+01
3.750411681817691090e+01
3.750567942668435251e+01
3.750723096717310057e+01
3.750877140535627774e+01
3.751030070752018730e+01
3.751181884050635773e+01
3.751332577172570382e+01
3.751482146918344540e+01
3.751630590146994138e+01
3.751777903773983525e+01
3.751924084770001144e+01
3.752069130156638010e+01
3.752213036997198259e+01
3.752355802389364214e+01
3.752497423467696080e+01
3.752637897415392843e+01
3.752777221478683600e+01
3.752915392979563336e+01
3.753052409325219685e+01
3.753188268013467166e+01
3.753322966635065683e+01
3.753456502873898870e+01
3.753588874505695117e+01
3.753720079399081300e+01
3.753850115524439701e+01
3.753978980964707546e+01
3.754106673913132397e+01
3.754233192658552554e+01
3.754358535573609856e+01
3.754482701110362797e+01
3.754605687796000524e+01
3.754727494226023055e+01
3.754848119057040634e+01
3.754967560998589704e+01
3.755085818803501496e+01
3.755202891260213249e+01
3.755318777190734636e+01
3.755433475455235026e+01
3.755546984960829349e+01
3.755659304667823051e+01
3.755770433587493784e+01
3.755880370773829213e+01
3.755989115316828020e+01
3.756096666342036627e+01
3.756203023015930853e+01
3.756308184552374030e+01
3.756412150215664525e+01
3.756514919320470369e+01
3.756616491229716814e+01
3.756716865350532686e+01
3.756816041131555295e+01
3.756914018065798189e+01
3.757010795697215855e+01
3.757106373624251461e+01
3.757200751497156688e+01
3.757293929011117939e+01
3.757385905895687728e+01
3.757476681900709536e+01
3.757566256787700354e+01
3.757654630335845525e+01
3.757741802356375160e+01
3.757827772703137015e+01
3.757912541275777585e+01
3.757996108017851355e+01
3.758078472914060342e+01
3.758159635990903524e+01
3.758239597320149983e+01
3.758318357019104639e+01
3.758395915243762175e+01
3.758472272178650542e+01
3.758547428030473725e+01
3.758621383028192042e+01
3.758694137426407167e+01
3.758765691509534435e+01
3.758836045597924880e+01
3.758905200054766738e+01
3.758973155288801138e+01
3.759039911753141183e+01
3.759105469946726430e+01
3.759169830418989733e+01
3.759232993772193510e+01
3.759294960661619456e+01
3.759355731797516853e+01
3.759415307947828921e+01
3.759473689936346119e+01
3.759530878632677542e+01
3.759586874937159706e+01
3.759641679766930622e+01
3.759695294047861580e+01
3.759747718714368148e+01
3.759798954712448449e+01
3.759849002996482881e+01
3.759897864515417609e+01
3.759945540192816082e+01
3.759992030908568950e+01
3.760037337488587639e+01
3.760081460707171175e+01
3.760124401299205488e+01
3.760166159971981870e+01
3.760206737413310663e+01
3.760246134299640630e+01
3.760284351302130545e+01
3.760321389085419952e+01
3.760357248300555710e+01
3.760391929578797487e+01
3.760425433531074191e+01
3.760457760753288170e+01
3.760488911834932679e+01
3.760518887367515362e+01
3.760547687949773632e+01
3.760575314190542429e+01
3.760601766713296001e+01
3.760627046163403264e+01
3.760651153213645159e+01
3.760674088562225137e+01
3.760695852922987825e+01
3.760716447012625707e+01
3.760735871539733921e+01
3.760754127199322028e+01
3.760771214672787011e+01
3.760787134628174044e+01
3.760801887716839076e+01
3.760815474569233885e+01
3.760827895793328679e+01
3.760839151975170580e+01
3.760849243681595766e+01
3.760858171464786182e+01
3.760865935866153364e+01
3.760872537420706152e+01
3.760877976663078925e+01
3.760882254129762714e+01
3.760885370355197921e+01
3.760887325869236975e+01
3.760888121201911360e+01
3.760887756889956535e+01
3.760886233476322360e+01
3.760883551503354738e+01
3.760879711507635648e+01
3.760874714020863507e+01
3.760868559572978853e+01
3.760861248691389136e+01
3.760852781895136587e+01
3.760843159688381121e+01
3.760832382562363563e+01
3.760820451014024002e+01
3.760807365574756744e+01
3.760793126831564592e+01
3.760777735432828450e+01
3.760761192085407600e+01
3.760743497551738557e+01
3.760724652649961541e+01
3.760704658255893662e+01
3.760683515305593261e+01
3.760661224798213453e+01
3.760637787798277998e+01
3.760613205436200701e+01
3.760587478905303271e+01
3.760560609453379755e+01
3.760532598372994784e+01
3.760503446997726229e+01
3.760473156701527842e+01
3.760441728891274948e+01
3.760409164991223463e+01
3.760375466431565172e+01
3.760340634650329861e+01
3.760304671101133778e+01
3.760267577256544058e+01
3.760229354608526364e+01
3.760190004671034814e+01
3.760149528984648271e+01
3.760107929119946846e+01
3.760065206675623983e+01
3.760021363270271877e+01
3.759976400533682295e+01
3.759930320104186308e+01
3.759883123631354351e+01
3.759834812779479307e+01
3.759785389230472674e+01
3.759734854689103400e+01
3.759683210892329441e+01
3.759630459619311438e+01
3.759576602697631387e+01
3.759521642006880171e+01
3.759465579484682962e+01
3.759408417134775959e+01
3.759350157029719242e+01
3.759290801303293961e+01
3.759230352137247877e+01
3.759168811752910244e+01
3.759106182410704378e+01
3.759042466408683225e+01
3.758977666073666057e+01
3.758911783747311119e+01
3.758844821768291666e+01
3.758776782450385667e+01
3.758707668062513108e+01
3.758637480820171106e+01
3.758566222891291631e+01
3.758493896406771029e+01
3.758420503461751139e+01
3.758346046104724536e+01
3.758270526321187077e+01
3.758193946023719434e+01
3.758116307063210826e+01
3.758037611259368305e+01
3.757957860430552444e+01
3.757877056412695538e+01
3.757795201070434388e+01
3.757712296302010913e+01
3.757628344040373491e+01
3.757543346257202188e+01
3.757457304969368295e+01
3.757370222237610591e+01
3.757282100155271110e+01
3.757192940837323647e+01
3.757102746414279437e+01
3.757011519022682222e+01
3.756919260784593462e+01
3.756825973787188389e+01
3.756731660084744107e+01
3.756636321722266558e+01
3.756539960759594265e+01
3.756442579290937545e+01
3.756344179463143007e+01
3.756244763483053362e+01
3.756144333607825558e+01
3.756042892124432342e+01
3.755940441324591461e+01
3.755836983480471503e+01
3.755732520828683363e+01
3.755627055563913785e+01
3.755520589836262957e+01
3.755413125748973613e+01
3.755304665357820681e+01
3.755195210673125672e+01
3.755084763662264891e+01
3.754973326248867238e+01
3.754860900307528482e+01
3.754747487655708227e+01
3.754633090044843868e+01
3.754517709152736415e+01
3.754401346577882492e+01
3.754284003835076078e+01
3.754165682354810230e+01
3.754046383491644434e+01
3.753926108540362350e+01
3.753804858751548323e+01
3.753682635342784124e+01
3.753559439508870810e+01
3.753435272430687064e+01
3.753310135276941395e+01
3.753184029197254290e+01
3.753056955312025877e+01
3.752928914704843066e+01
3.752799908417706831e+01
3.752669937448116855e+01
3.752539002750731356e+01
3.752407105244390806e+01
3.752274245819722864e+01
3.752140425344513375e+01
3.752005644669657869e+01
3.751869904636873088e+01
3.751733206084944072e+01
3.751595549854224032e+01
3.751456936794054542e+01
3.751317367775156697e+01
3.751176843701536257e+01
3.751035365515086539e+01
3.750892934192978601e+01
3.750749550742234817e+01
3.750605216192838043e+01
3.750459931587730011e+01
3.750313697969297522e+01
3.750166516364603098e+01
3.750018387774598949e+01
3.749869313174556140e+01
3.749719293527443398e+01
3.749568329803350508e+01
3.749416422997644815e+01
3.749263574146499423e+01
3.749109784341256812e+01
3.748955054739380444e+01
3.748799386566057024e+01
3.748642781104600630e+01
3.748485239680720582e+01
3.748326763649908600e+01
3.748167354397290296e+01
3.748007013351027439e+01
3.747845742001556602e+01
3.747683541917040628e+01
3.747520414745075357e+01
3.747356362199309388e+01
3.747191386045279415e+01
3.747025488096380030e+01
3.746858670214803766e+01
3.746690934313161847e+01
3.746522282358252198e+01
3.746352716374924796e+01
3.746182238449657120e+01
3.746010850734811015e+01
3.745838555449287810e+01
3.745665354872270569e+01
3.745491251333361760e+01
3.745316247208272387e+01
3.745140344926888076e+01
3.744963546987278136e+01
3.744785855964733656e+01
3.744607274514869033e+01
3.744427805373511120e+01
3.744247451350935307e+01
3.744066215320263069e+01
3.743884100209852051e+01
3.743701109009813166e+01
3.743517244788854015e+01
3.743332510708591343e+01
3.743146910028611529e+01
3.742960446103053584e+01
3.742773122369213468e+01
3.742584942329128950e+01
3.742395909529805209e+01
3.742206027549289615e+01
3.742015299991409449e+01
3.741823730484120603e+01
3.741631322672306936e+01
3.741438080202880201e+01
3.741244006710957137e+01
3.741049105818697740e+01
3.740853381150318313e+01
3.740656836354018822e+01
3.740459475117680199e+01
3.740261301172579067e+01
3.740062318287851184e+01
3.739862530263593499e+01
3.739661940929904915e+01
3.739460554151483507e+01
3.739258373830475080e+01
3.739055403902791141e+01
3.738851648332775568e+01
3.738647111116342359e+01
3.738441796294156916e+01
3.738235707964028620e+01
3.738028850284643312e+01
3.737821227472959151e+01
3.737612843797520412e+01
3.737403703567670732e+01
3.737193811124141973e+01
3.736983170838400525e+01
3.736771787120285637e+01
3.736559664426808780e+01
3.736346807265699255e+01
3.736133220192909477e+01
3.735918907810804512e+01
3.735703874775603595e+01
3.735488125815543015e+01
3.735271665750789083e+01
3.735054499502443548e+01
3.734836632086745567e+01
3.734618068600506291e+01
3.734398814203814965e+01
3.734178874103334778e+01
3.733958253540564698e+01
3.733736957790821265e+01
3.733514992175171443e+01
3.733292362076946347e+01
3.733069072949104594e+01
3.732845130310582249e+01
3.732620539742844556e+01
3.732395306894225939e+01
3.732169437486906105e+01
3.731942937316578224e+01
3.731715812243254504e+01
3.731488068179250206e+01
3.731259711077747454e+01
3.731030746924191277e+01
3.730801181736254790e+01
3.730571021572865220e+01
3.730340272542549940e+01
3.730108940801652295e+01
3.729877032542805892e+01
3.729644553982537047e+01
3.729411511357142217e+01
3.729177910929286099e+01
3.728943758999567848e+01
3.728709061914872080e+01
3.728473826072921327e+01
3.728238057928194849e+01
3.728001763997848172e+01
3.727764950861497084e+01
3.727527625155349256e+01
3.727289793567704379e+01
3.727051462840591256e+01
3.726812639773837788e+01
3.726573331225053920e+01
3.726333544107373541e+01
3.726093285392164489e+01
3.725852562119828093e+01
3.725611381415755119e+01
3.725369750503855926e+01
3.725127676710729929e+01
3.724885167460983126e+01
3.724642230270002585e+01
3.724398872739562449e+01
3.724155102557911334e+01
3.723910927502683421e+01
3.723666355442934872e+01
3.723421394338841139e+01
3.723176052241596068e+01
3.722930337295051118e+01
3.722684257737372349e+01
3.722437821901809230e+01
3.722191038218343806e+01
3.721943915216805721e+01
3.721696461527739075e+01
3.721448685876655560e+01
3.721200597073311656e+01
3.720952204002063723e+01
3.720703515616018819e+01
3.720454540934795062e+01
3.720205289046365493e+01
3.719955769111150801e+01
3.719705990364744963e+01
3.719455962119570103e+01
3.719205693768189747e+01
3.718955194788078700e+01
3.718704474744841804e+01
3.718453543291237651e+01
3.718202410161628535e+01
3.717951085164871472e+01
3.717699578180713615e+01
3.717447899160869440e+01
3.717196058129992764e+01
3.716944065181787948e+01
3.716691930469170302e+01
3.716439664191022985e+01
3.716187276580705401e+01
3.715934777899141750e+01
3.715682178431314497e+01
3.715429488485590781e+01
3.715176718395965594e+01
3.714923878525083012e+01
3.714670979264731443e+01
3.714418031031463130e+01
3.714165044257927661e+01
3.713912029383428859e+01
3.713658996846527316e+01
3.713405957080367870e+01
3.713152920509858745e+01
3.712899897548366113e+01
3.712646898592263511e+01
3.712393934014118457e+01
3.712141014156363639e+01
3.711888149326626518e+01
3.711635349794423888e+01
3.711382625787751977e+01
3.711129987488615001e+01
3.710877445027572463e+01
3.710625008477703091e+01
3.710372687848668960e+01
3.710120493081650750e+01
3.709868434045458940e+01
3.709616520533806749e+01
3.709364762263364668e+01
3.709113168872207922e+01
3.708861749919425677e+01
3.708610514886295562e+01
3.708359473177551280e+01
3.708108634121870750e+01
3.707858006972659126e+01
3.707607600909997103e+01
3.707357425042880550e+01
3.707107488410586882e+01
3.706857799983551160e+01
3.706608368665120423e+01
3.706359203294474725e+01
3.706110312649354199e+01
3.705861705447421883e+01
3.705613390346356795e+01
3.705365375943173945e+01
3.705117670773049099e+01
3.704870283307660372e+01
3.704623221953044521e+01
3.704376495047446838e+01
3.704130110859758673e+01
3.703884077588636359e+01
3.703638403361813403e+01
3.703393096234827198e+01
3.703148164188772284e+01
3.702903615126885484e+01
3.702659456869274379e+01
3.702415697146384588e+01
3.702172343595580628e+01
3.701929403765228699e+01
3.701686885123451276e+01
3.701444795064546867e+01
3.701203140910730127e+01
3.700961929910951653e+01
3.700721169237863961e+01
3.700480865983718815e+01
3.700241027156845064e+01
3.700001659679878685e+01
3.699762770389456534e+01
3.699524366037076106e+01
3.699286453291804122e+01
3.699049038744254858e+01
3.698812128909686692e+01
3.698575730229445213e+01
3.698339849071038543e+01
3.698104491726557086e+01
3.697869664409244450e+01
3.697635373248309776e+01
3.697401624282476718e+01
3.697168423454308339e+01
3.696935776607649160e+01
3.696703689487988242e+01
3.696472167743697668e+01
3.696241216926687656e+01
3.696010842491890713e+01
3.695781049795479589e+01
3.695551844092497618e+01
3.695323230535171177e+01
3.695095214172877718e+01
3.694867799953767928e+01
3.694640992727652673e+01
3.694414797250451699e+01
3.694189218189803370e+01
3.693964260129416033e+01
3.693739927569902193e+01
3.693516224926599278e+01
3.693293156527968080e+01
3.693070726617990829e+01
3.692848939361190475e+01
3.692627798846584852e+01
3.692407309088810763e+01
3.692187474024861871e+01
3.691968297505571428e+01
3.691749783284947029e+01
3.691531935011744281e+01
3.691314756225715144e+01
3.691098250359216593e+01
3.690882420741736070e+01
3.690667270603931627e+01
3.690452803081374356e+01
3.690239021218783222e+01
3.690025927972892106e+01
3.689813526212878969e+01
3.689601818719140169e+01
3.689390808181283177e+01
3.689180497196313269e+01
3.688970888267698456e+01
3.688761983805497380e+01
3.688553786128056089e+01
3.688346297465543699e+01
3.688139519964563107e+01
3.687933455693542584e+01
3.687728106650263982e+01
3.687523474771926857e+01
3.687319561946376467e+01
3.687116370022553014e+01
3.686913900817825862e+01
3.686712156123081030e+01
3.686511137709076991e+01
3.686310847333089669e+01
3.686111286742148963e+01
3.685912457674520937e+01
3.685714361864985023e+01
3.685517001054302000e+01
3.685320376996339320e+01
3.685124491458186924e+01
3.684929346217050039e+01
3.684734943060949064e+01
3.684541283793988242e+01
3.684348370241627180e+01
3.684156204253613964e+01
3.683964787705842525e+01
3.683774122502408943e+01
3.683584210578340645e+01
3.683395053904474281e+01
3.683206654494764365e+01
3.683019014411156888e+01
3.682832135759694836e+01
3.682646020678050292e+01
3.682460671321786094e+01
3.682276089856952694e+01
3.682092278460374501e+01
3.681909239322280314e+01
3.681726974645707884e+01
3.681545486642995257e+01
3.681364777533428878e+01
3.681184849542849236e+01
3.681005704900910303e+01
3.680827345833371567e+01
3.680649774552641418e+01
3.680472993251035518e+01
3.680297004097452174e+01
3.680121809235311048e+01
3.679947410779804784e+01
3.679773810813499324e+01
3.679601011380854914e+01
3.679429014483922344e+01
3.679257822080564466e+01
3.679087436084236629e+01
3.678917858363671911e+01
3.678749090741485617e+01
3.678581134991134149e+01
3.678413992831814738e+01
3.678247665922594933e+01
3.678082155859454616e+01
3.677917464177593132e+01
3.677753592356461354e+01
3.677590541823618508e+01
3.677428313956355765e+01
3.677266910081264939e+01
3.677106331471669165e+01
3.676946579343974975e+01
3.676787654855004916e+01
3.676629559101268541e+01
3.676472293119991264e+01
3.676315857891307104e+01
3.676160254340258149e+01
3.676005483337039692e+01
3.675851545695195455e+01
3.675698442168547331e+01
3.675546173447735754e+01
3.675394740157043572e+01
3.675244142851911278e+01
3.675094382017124417e+01
3.674945458065200654e+01
3.674797371334084772e+01
3.674650122084369031e+01
3.674503710498639464e+01
3.674358136685022913e+01
3.674213400682281616e+01
3.674069502461310321e+01
3.673926441920781372e+01
3.673784218879671926e+01
3.673642833071354374e+01
3.673502284141281393e+01
3.673362571646331531e+01
3.673223695052008253e+01
3.673085653726327138e+01
3.672948446934477573e+01
3.672812073838746016e+01
3.672676533502433927e+01
3.672541824893573903e+01
3.672407946886995944e+01
3.672274898265214205e+01
3.672142677718638737e+01
3.672011283845878893e+01
3.671880715154145491e+01
3.671750970058481300e+01
3.671622046879431167e+01
3.671493943840322061e+01
3.671366659064931781e+01
3.671240190576713758e+01
3.671114536304840925e+01
3.670989694102325984e+01
3.670865661770569233e+01
3.670742437077478826e+01
3.670620017764478149e+01
3.670498401546510081e+01
3.670377586108811130e+01
3.670257569102625439e+01
3.670138348141298223e+01
3.670019920796276836e+01
3.669902284591353947e+01
3.669785436995545069e+01
3.669669375417916513e+01
3.669554097206596310e+01
3.669439599650515049e+01
3.669325879981338545e+01
3.669212935374132201e+01
3.669100762945884497e+01
3.668989359751881807e+01
3.668878722781404633e+01
3.668768848954296402e+01
3.668659735118502141e+01
3.668551378048005063e+01
3.668443774440947891e+01
3.668336920917659683e+01
3.668230814018387065e+01
3.668125450201318216e+01
3.668020825841482235e+01
3.667916937230525321e+01
3.667813780576675953e+01
3.667711352002960723e+01
3.667609647541908657e+01
3.667508663127821222e+01
3.667408394589625686e+01
3.667308837646258723e+01
3.667209987904680446e+01
3.667111840859444527e+01
3.667014391891778757e+01
3.666917636266723690e+01
3.666821569129577796e+01
3.666726185504295898e+01
3.666631480294810075e+01
3.666537448288097778e+01
3.666444084157352279e+01
3.666351382464658570e+01
3.666259337665329809e+01
3.666167944117985655e+01
3.666077196098726176e+01
3.665987087811110712e+01
3.665897613388829512e+01
3.665808766895458604e+01
3.665720542324987008e+01
3.665632933603612997e+01
3.665545934591922617e+01
3.665459539086687357e+01
3.665373740822555249e+01
3.665288533474136301e+01
3.665203910657496778e+01
3.665119865929807474e+01
3.665036392787915531e+01
3.664953484667892525e+01
3.664871134946136522e+01
3.664789336940476261e+01
3.664708083909425795e+01
3.664627369049480876e+01
3.664547185492524051e+01
3.664467526305266176e+01
3.664388384490344208e+01
3.664309752987616520e+01
3.664231624675064580e+01
3.664153992369404023e+01
3.664076848827370725e+01
3.664000186749159127e+01
3.663923998782728120e+01
3.663848277525286790e+01
3.663773015520779097e+01
3.663698205255524698e+01
3.663623839155022921e+01
3.663549909586406983e+01
3.663476408870542400e+01
3.663403329298311206e+01
3.663330663138128784e+01
3.663258402631873167e+01
3.663186539988952717e+01
3.663115067387202828e+01
3.663043976983030348e+01
3.662973260926524688e+01
3.662902911373358705e+01
3.662832920490932054e+01
3.662763280463261850e+01
3.662693983497319294e+01
3.662625021829375527e+01
3.662556387731051899e+01
3.662488073515660858e+01
3.662420071543281352e+01
3.662352374226026797e+01
3.662284974039159380e+01
3.662217863538145934e+01
3.662151035375029551e+01
3.662084482309444411e+01
3.662018197213589588e+01
3.661952173072334205e+01
3.661886402980885435e+01
3.661820880142649770e+01
3.661755597869043299e+01
3.661690549582419152e+01
3.661625728823084813e+01
3.661561129259439440e+01
3.661496744697910088e+01
3.661432569090360545e+01
3.661368596538864750e+01
3.661304821298341494e+01
3.661241237777725388e+01
3.661177840540651829e+01
3.661114624307013798e+01
3.661051583956473365e+01
3.660988714532747679e+01
3.660926011246922940e+01
3.660863469480471366e+01
3.660801084790027460e+01
3.660738852914401065e+01
3.660676769780909012e+01
3.660614831508395639e+01
3.660553034409955586e+01
3.660491374999268288e+01
3.660429849998097040e+01
3.660368456338428444e+01
3.660307191154583251e+01
3.660246051767141751e+01
3.660185035666574294e+01
3.660124140502723122e+01
3.660063364080899362e+01
3.660002704365583526e+01
3.659942159493867564e+01
3.659881727793371198e+01
3.659821407794030534e+01
3.659761198231306878e+01
3.659701098045890433e+01
3.659641106384183473e+01
3.659581222602292883e+01
3.659521446273039658e+01
3.659461777191503273e+01
3.659402215375315137e+01
3.659342761058902482e+01
3.659283414682283819e+01
3.659224176877328460e+01
3.659165048458400804e+01
3.659106030422940137e+01
3.659047123958467296e+01
3.658988330448229931e+01
3.658929651474704059e+01
3.658871088824070483e+01
3.658812644490004118e+01
3.658754320673281057e+01
3.658696119778264944e+01
3.658638044410952972e+01
3.658580097381498319e+01
3.658522281711123725e+01
3.658464600641659814e+01
3.658407057643815818e+01
3.658349656418147333e+01
3.658292400884234752e+01
3.658235295163240153e+01
3.658178343567380608e+01
3.658121550599914684e+01
3.658064920954262789e+01
3.658008459505616372e+01
3.657952171299631772e+01
3.657896061541607935e+01
3.657840135588002539e+01
3.657784398943984172e+01
3.657728857264884681e+01
3.657673516354535792e+01
3.657618382158531745e+01
3.657563460753214457e+01
3.657508758329392151e+01
3.657454281173625077e+01
3.657400035654092108e+01
3.657346028214826106e+01
3.657292265376093354e+01
3.657238753736135095e+01
3.657185499971247111e+01
3.657132510833626782e+01
3.657079793148336933e+01
3.657027353812415527e+01
3.656975199797197007e+01
3.656923338150635061e+01
3.656871775995727347e+01
3.656820520524265561e+01
3.656769578987660196e+01
3.656718958686503385e+01
3.656668666959635772e+01
3.656618711173320690e+01
3.656569098710409804e+01
3.656519836958926817e+01
3.656470933300651893e+01
3.656422395101258616e+01
3.656374229702797152e+01
3.656326444418410659e+01
3.656279046529290611e+01
3.656232043283585398e+01
3.656185441896277410e+01
3.656139249549061532e+01
3.656093473391200632e+01
3.656048120545047908e+01
3.656003198116056296e+01
3.655958713199961352e+01
3.655914672882554584e+01
3.655871084234789237e+01
3.655827954306418093e+01
3.655785290118658537e+01
3.655743098656174794e+01
3.655701386859838919e+01
3.655660161621924686e+01
3.655619429784225360e+01
3.655579198138117647e+01
3.655539473424820329e+01
3.655500262334094685e+01
3.655461571501867013e+01
3.655423407510002676e+01
3.655385776888796556e+01
3.655348686118203716e+01
3.655312141625174149e+01
3.655276149778735828e+01
3.655240716886356012e+01
3.655205849194480550e+01
3.655171552893264675e+01
3.655137834122866280e+01
3.655104698979922517e+01
3.655072153524523060e+01
3.655040203786590070e+01
3.655008855770120135e+01
3.654978115455569565e+01
3.654947988801464476e+01
3.654918481745517056e+01
3.654889600205066102e+01
3.654861350076924964e+01
3.654833737237134983e+01
3.654806767540718937e+01
3.654780446820844020e+01
3.654754780886529630e+01
3.654729775518011081e+01
3.654705436460640300e+01
3.654681769421034687e+01
3.654658780068374568e+01
3.654636474038243676e+01
3.654614856932954581e+01
3.654593934316423542e+01
3.654573711706797212e+01
3.654554194570059877e+01
3.654535388315873945e+01
3.654517298296636341e+01
3.654499929810625503e+01
3.654483288107582695e+01
3.654467378393317745e+01
3.654452205832263445e+01
3.654437775549161671e+01
3.654424092630545573e+01
3.654411162125541068e+01
3.654398989044818080e+01
3.654387578357201249e+01
3.654376934985205594e+01
3.654367063801062443e+01
3.654357969623327307e+01
3.654349657213484193e+01
3.654342131272552052e+01
3.654335396437979000e+01
3.654329457281220073e+01
3.654324318306480990e+01
3.654319983950335882e+01
3.654316458581251226e+01
3.654313746498424109e+01
3.654311851929931265e+01
3.654310779031278855e+01
3.654310531886376623e+01
3.654311114510753100e+01
3.654312530853799501e+01
3.654314784798376081e+01
3.654317880159350551e+01
3.654321820682815058e+01
3.654326610046175716e+01
3.654332251858152603e+01
3.654338749657694763e+01
3.654346106912124270e+01
3.654354327015470005e+01
3.654363413286894513e+01
3.654373368968541769e+01
3.654384197223279784e+01
3.654395901134004987e+01
3.654408483705671529e+01
3.654421947868972609e+01
3.654436296483342517e+01
3.654451532338297426e+01
3.654467658153608767e+01
3.654484676579281199e+01
3.654502590196010914e+01
3.654521401515551560e+01
3.654541112979809014e+01
3.654561726958181112e+01
3.654583245744216669e+01
3.654605671554510593e+01
3.654629006531688873e+01
3.654653252749636749e+01
3.654678412218525096e+01
3.654704486889549031e+01
3.654731478659851973e+01
3.654759389377650791e+01
3.654788220847355262e+01
3.654817974833909489e+01
3.654848653065474196e+01
3.654880257234449203e+01
3.654912788998110074e+01
3.654946249981288275e+01
3.654980641782255901e+01
3.655015965978331138e+01
3.655052224126598759e+01
3.655089417762590642e+01
3.655127548405097571e+01
3.655166617568779941e+01
3.655206626778031165e+01
3.655247577577051032e+01
3.655289471535435553e+01
3.655332310249179528e+01
3.655376095337205555e+01
3.655420828434867531e+01
3.655466511186282474e+01
3.655513145236566430e+01
3.655560732224457610e+01
3.655609273775524315e+01
3.655658771495659209e+01
3.655709226965061731e+01
3.655760641734656247e+01
3.655813017326302372e+01
3.655866355234959286e+01
3.655920656929865942e+01
3.655975923853390697e+01
3.656032157418410833e+01
3.656089359006670492e+01
3.656147529969274501e+01
3.656206671628257965e+01
3.656266785278148745e+01
3.656327872187046779e+01
3.656389933595946928e+01
3.656452970715326245e+01
3.656516984720865082e+01
3.656581976751007801e+01
3.656647947905790375e+01
3.656714899244598627e+01
3.656782831782946630e+01
3.656851746490523425e+01
3.656921644291863771e+01
3.656992526068287930e+01
3.657064392658280383e+01
3.657137244855817926e+01
3.657211083409287511e+01
3.657285909022441928e+01
3.657361722355940259e+01
3.657438524028499671e+01
3.657516314618138153e+01
3.657595094662837454e+01
3.657674864658373792e+01
3.657755625052057269e+01
3.657837376234038373e+01
3.657920118529485620e+01
3.658003852193586880e+01
3.658088577409374409e+01
3.658174294287986328e+01
3.658261002871358158e+01
3.658348703137055935e+01
3.658437395003500114e+01
3.658527078333529658e+01
3.658617752936505241e+01
3.658709418570506955e+01
3.658802074944627236e+01
3.658895721719997596e+01
3.658990358510325080e+01
3.659085984885160059e+01
3.659182600376269789e+01
3.659280204483530952e+01
3.659378796678090850e+01
3.659478376403385624e+01
3.659578943074496493e+01
3.659680496075853284e+01
3.659783034758255127e+01
3.659886558437636950e+01
3.659991066397249426e+01
3.660096557891003499e+01
3.660203032143599700e+01
3.660310488345201918e+01
3.660418925642407117e+01
3.660528343130673790e+01
3.660638739852107904e+01
3.660750114797142629e+01
3.660862466906606727e+01
3.660975795072818073e+01
3.661090098139994353e+01
3.661205374904558596e+01
3.661321624115551288e+01
3.661438844474835008e+01
3.661557034637113617e+01
3.661676193210232100e+01
3.661796318755968116e+01
3.661917409790723354e+01
3.662039464785141263e+01
3.662162482161773625e+01
3.662286460290706458e+01
3.662411397485075781e+01
3.662537291999807820e+01
3.662664142034635262e+01
3.662791945738288746e+01
3.662920701209949215e+01
3.663050406497691824e+01
3.663181059596430345e+01
3.663312658447227932e+01
3.663445200938068069e+01
3.663578684905696292e+01
3.663713108138335173e+01
3.663848468378397882e+01
3.663984763323838223e+01
3.664121990628035519e+01
3.664260147899195630e+01
3.664399232699452114e+01
3.664539242543094844e+01
3.664680174894498776e+01
3.664822027168201402e+01
3.664964796732286345e+01
3.665108480912545019e+01
3.665253076994008552e+01
3.665398582218774948e+01
3.665544993781791305e+01
3.665692308827214418e+01
3.665840524445847137e+01
3.665989637672279144e+01
3.666139645481342768e+01
3.666290544784179417e+01
3.666442332424206541e+01
3.666595005173669364e+01
3.666748559731746582e+01
3.666902992728110888e+01
3.667058300736135124e+01
3.667214480291350753e+01
3.667371527907768325e+01
3.667529440092731363e+01
3.667688213363328487e+01
3.667847844261540757e+01
3.668008329362953646e+01
3.668169665277383018e+01
3.668331848646000282e+01
3.668494876144290373e+01
3.668658744493686186e+01
3.668823450472125103e+01
3.668988990916814430e+01
3.669155362724656300e+01
3.669322562855204239e+01
3.669490588335762737e+01
3.669659436269599695e+01
3.669829103846495855e+01
3.669999588351056730e+01
3.670170887167511609e+01
3.670342997782370986e+01
3.670515917783281168e+01
3.670689644853108291e+01
3.670864176764018794e+01
3.671039511377501441e+01
3.671215646650910713e+01
3.671392580646354276e+01
3.671570311537625741e+01
3.671748837614017447e+01
3.671928157282091831e+01
3.672108269066180952e+01
3.672289171607914682e+01
3.672470863665059682e+01
3.672653344109779283e+01
3.672836611927179717e+01
3.673020666216585539e+01
3.673205506197582793e+01
3.673391131219575101e+01
3.673577540770843797e+01
3.673764734484689143e+01
3.673952712143423582e+01
3.674141473680322889e+01
3.674331019175144064e+01
3.674521348837172496e+01
3.674712462975122662e+01
3.674904361962254740e+01
3.675097046211438823e+01
3.675290516169881982e+01
3.675484772327891392e+01
3.675679815226752112e+01
3.675875645455894158e+01
3.676072263640311633e+01
3.676269670425162417e+01
3.676467866462213152e+01
3.676666852397937646e+01
3.676866628861910868e+01
3.677067196456172127e+01
3.677268555746926637e+01
3.677470707258387250e+01
3.677673651467881655e+01
3.677877388802424008e+01
3.678081919638002262e+01
3.678287244302386227e+01
3.678493363079574863e+01
3.678700276212304487e+01
3.678907983901337531e+01
3.679116486303288980e+01
3.679325783528842209e+01
3.679535875641447262e+01
3.679746762654272629e+01
3.679958444522370797e+01
3.680170921131346518e+01
3.680384192289425727e+01
3.680598257727224620e+01
3.680813117101506293e+01
3.681028769997578109e+01
3.681245215929050119e+01
3.681462454336330836e+01
3.681680484585221080e+01
3.681899305965988134e+01
3.682118917691761339e+01
3.682339318894780433e+01
3.682560508624104756e+01
3.682782485851702603e+01
3.683005249484079968e+01
3.683228798368275392e+01
3.683453131288877103e+01
3.683678246960370473e+01
3.683904144016950255e+01
3.684130821002525380e+01
3.684358276365689733e+01
3.684586508458691867e+01
3.684815515535320429e+01
3.685045295748118832e+01
3.685275847148611206e+01
3.685507167689864616e+01
3.685739255228176603e+01
3.685972107523397767e+01
3.686205722239445493e+01
3.686440096945303679e+01
3.686675229114953112e+01
3.686911116125153853e+01
3.687147755251963588e+01
3.687385143666860188e+01
3.687623278431114215e+01
3.687862156485581266e+01
3.688101774635232744e+01
3.688342129532026803e+01
3.688583217661091140e+01
3.688825035332658331e+01
3.689067578678958625e+01
3.689310843653939997e+01
3.689554826035326585e+01
3.689799521432326657e+01
3.690044925301904044e+01
3.690291032968274720e+01
3.690537839636548512e+01
3.690785340398871739e+01
3.691033530236671822e+01
3.691282404021443142e+01
3.691531956514942436e+01
3.691782182368411469e+01
3.692033076119949442e+01
3.692284632190029470e+01
3.692536844875654367e+01
3.692789708343924815e+01
3.693043216625606107e+01
3.693297363608305517e+01
3.693552143031498503e+01
3.693807548488762649e+01
3.694063573438290149e+01
3.694320211216032135e+01
3.694577455044841940e+01
3.694835298036903737e+01
3.695093733190017815e+01
3.695352753379405897e+01
3.695612351348055569e+01
3.695872519699302217e+01
3.696133250892915356e+01
3.696394537242846923e+01
3.696656370915556522e+01
3.696918743930868345e+01
3.697181648165463486e+01
3.697445075354903565e+01
3.697709017091855799e+01
3.697973464822277379e+01
3.698238409841398067e+01
3.698503843289896764e+01
3.698769756152516663e+01
3.699036139264079992e+01
3.699302983322711924e+01
3.699570278902184128e+01
3.699838016457539425e+01
3.700106186324872226e+01
3.700374778717691271e+01
3.700643783721636737e+01
3.700913191289187409e+01
3.701182991234180264e+01
3.701453173224469140e+01
3.701723726775077949e+01
3.701994641247196682e+01
3.702265905852723904e+01
3.702537509657452119e+01
3.702809441577622351e+01
3.703081690374438040e+01
3.703354244657828076e+01
3.703627092902193851e+01
3.703900223465271324e+01
3.704173624602901782e+01
3.704447284480198022e+01
3.704721191184074769e+01
3.704995332739962777e+01
3.705269697127264550e+01
3.705544272284963370e+01
3.705819046107106374e+01
3.706094006437699306e+01
3.706369141074954143e+01
3.706644437786253121e+01
3.706919884324570091e+01
3.707195468434762375e+01
3.707471177849442512e+01
3.707747000283385574e+01
3.708022923430270623e+01
3.708298934959040594e+01
3.708575022509671015e+01
3.708851173692352177e+01
3.709127376093485395e+01
3.709403617288404575e+01
3.709679884854778464e+01
3.709956166378705689e+01
3.710232449453796733e+01
3.710508721678795752e+01
3.710784970657734050e+01
3.711061184008170244e+01
3.711337349379267181e+01
3.711613454470744955e+01
3.711889487043946900e+01
3.712165434927349139e+01
3.712441286023631903e+01
3.712717028319769952e+01
3.712992649896440867e+01
3.713268138933244700e+01
3.713543483707302073e+01
3.713818672584738323e+01
3.714093694008468560e+01
3.714368536486466610e+01
3.714643188582281397e+01
3.714917638907592590e+01
3.715191876113208025e+01
3.715465888875587552e+01
3.715739665886184895e+01
3.716013195853068396e+01
3.716286467512471603e+01
3.716559469644347047e+01
3.716832191090445292e+01
3.717104620769768530e+01
3.717376747683211846e+01
3.717648560908752131e+01
3.717920049597421439e+01
3.718191202976196763e+01
3.718462010357608705e+01
3.718732461154417024e+01
3.719002544894385665e+01
3.719272251229114090e+01
3.719541569935469028e+01
3.719810490909414114e+01
3.720079004154293045e+01
3.720347099772228461e+01
3.720614767964868008e+01
3.720881999039694676e+01
3.721148783415349470e+01
3.721415111624141758e+01
3.721680974312997137e+01
3.721946362244014495e+01
3.722211266294540621e+01
3.722475677455000920e+01
3.722739586824106794e+01
3.723002985605224069e+01
3.723265865107913442e+01
3.723528216754046838e+01
3.723790032084406931e+01
3.724051302761498050e+01
3.724312020567188597e+01
3.724572177398890460e+01
3.724831765268866235e+01
3.725090776304988793e+01
3.725349202746928512e+01
3.725607036935132754e+01
3.725864271297466246e+01
3.726120898343354071e+01
3.726376910669325326e+01
3.726632300969031064e+01
3.726887062041129894e+01
3.727141186794635530e+01
3.727394668252124177e+01
3.727647499550408838e+01
3.727899673938976832e+01
3.728151184776088201e+01
3.728402025522636620e+01
3.728652189736396139e+01
3.728901671069393586e+01
3.729150463267031768e+01
3.729398560165944332e+01
3.729645955690103420e+01
3.729892643846147138e+01
3.730138618718510912e+01
3.730383874465247374e+01
3.730628405315886909e+01
3.730872205571446187e+01
3.731115269604629248e+01
3.731357591858673572e+01
3.731599166845990112e+01
3.731839989149544579e+01
3.732080053428030908e+01
3.732319354421341728e+01
3.732557886951458670e+01
3.732795645918672989e+01
3.733032626297703160e+01
3.733268823138205050e+01
3.733504231571023269e+01
3.733738846818442170e+01
3.733972664205507641e+01
3.734205679169112102e+01
3.734437887263862166e+01
3.734669284168145964e+01
3.734899865689808962e+01
3.735129627764527527e+01
3.735358566446490158e+01
3.735586677899073749e+01
3.735813958389424982e+01
3.736040404284402427e+01
3.736266012043790141e+01
3.736490778208649743e+01
3.736714699387425043e+01
3.736937772244586142e+01
3.737159993493072818e+01
3.737381359889756993e+01
3.737601868234219182e+01
3.737821515370644221e+01
3.738040298191375399e+01
3.738258213641442040e+01
3.738475258725328132e+01
3.738691430516276881e+01
3.738906726164623251e+01
3.739121142899403338e+01
3.739334678018084190e+01
3.739547328864409081e+01
3.739759092801961060e+01
3.739969967191618849e+01
3.740179949374764590e+01
3.740389036659710342e+01
3.740597226308803158e+01
3.740804515526114926e+01
3.741010901447381798e+01
3.741216381132371538e+01
3.741420951558621510e+01
3.741624609616346220e+01
3.741827352103732096e+01
3.742029175721459922e+01
3.742230077070343697e+01
3.742430052659682360e+01
3.742629098925651476e+01
3.742827212249890323e+01
3.743024388971560512e+01
3.743220625393079359e+01
3.743415917784096791e+01
3.743610262388689591e+01
3.743803655434409450e+01
3.743996093138311210e+01
3.744187571709183260e+01
3.744378087345301509e+01
3.744567636224097384e+01
3.744756214488415935e+01
3.744943818244176725e+01
3.745130443576154278e+01
3.745316086573399161e+01
3.745500743352714323e+01
3.745684410074052550e+01
3.745867082947435023e+01
3.746048758234321241e+01
3.746229432247908164e+01
3.746409101356938720e+01
3.746587761993117027e+01
3.746765410657936712e+01
3.746942043927275279e+01
3.747117658454038036e+01
3.747292250966422955e+01
3.747465818262190851e+01
3.747638357205763526e+01
3.747809864730682250e+01
3.747980337840892417e+01
3.748149773605904045e+01
3.748318169153315438e+01
3.748485521666696485e+01
3.748651828391952989e+01
3.748817086645928498e+01
3.748981293822768635e+01
3.749144447403212155e+01
3.749306544968164445e+01
3.749467584208185400e+01
3.749627562926256985e+01
3.749786479039675413e+01
3.749944330582430752e+01
3.750101115705835753e+01
3.750256832679743724e+01
3.750411479897365297e+01
3.750565055881166643e+01
3.750717559285158842e+01
3.750868988892515432e+01
3.751019343611049806e+01
3.751168622468205172e+01
3.751316824603612332e+01
3.751463949257850317e+01
3.751609995761887006e+01
3.751754963534125409e+01
3.751898852085825098e+01
3.752041661027890029e+01
3.752183390071228075e+01
3.752324039017469204e+01
3.752463607742378571e+01
3.752602096179666091e+01
3.752739504313361607e+01
3.752875832181398863e+01
3.753011079887482282e+01
3.753145247615093894e+01
3.753278335636926499e+01
3.753410344317111935e+01
3.753541274108674486e+01
3.753671125548260079e+01
3.753799899247162841e+01
3.753927595877878076e+01
3.754054216158119317e+01
3.754179760837178037e+01
3.754304230688711641e+01
3.754427626510744176e+01
3.754549949134042208e+01
3.754671199436926088e+01
3.754791378357155196e+01
3.754910486895052912e+01
3.755028526111370013e+01
3.755145497123983489e+01
3.755261401103525287e+01
3.755376239267643257e+01
3.755490012874978589e+01
3.755602723218654404e+01
3.755714371618305591e+01
3.755824959412986175e+01
3.755934487958466406e+01
3.756042958627737249e+01
3.756150372810259341e+01
3.756256731908673885e+01
3.756362037338053739e+01
3.756466290533526120e+01
3.756569492964334245e+01
3.756671646146921262e+01
3.756772751653827669e+01
3.756872811122885736e+01
3.756971826272061321e+01
3.757069798913130398e+01
3.757166730950551425e+01
3.757262624368550519e+01
3.757357481221327333e+01
3.757451303628914019e+01
3.757544093772056470e+01
3.757635853885251009e+01
3.757726586252894663e+01
3.757816293213240044e+01
3.757904977166918314e+01
3.757992640579040966e+01
3.758079285971074057e+01
3.758164915910862902e+01
3.758249533006556220e+01
3.758333139901795761e+01
3.758415739271298150e+01
3.758497333820336195e+01
3.758577926287045301e+01
3.758657519441709383e+01
3.758736116083325385e+01
3.758813719038409573e+01
3.758890331161357778e+01
3.758965955332769227e+01
3.759040594455331785e+01
3.759114251449418731e+01
3.759186929250829223e+01
3.759258630809309665e+01
3.759329359083472610e+01
3.759399117031721005e+01
3.759467907603570325e+01
3.759535733736615271e+01
3.759602598362459247e+01
3.759668504419472157e+01
3.759733454865638436e+01
3.759797452686246544e+01
3.759860500895933910e+01
3.759922602538875935e+01
3.759983760692097832e+01
3.760043978473466098e+01
3.760103259052013414e+01
3.760161605656026751e+01
3.760219021578409837e+01
3.760275510187798176e+01
3.760331074944926399e+01
3.760385719408290583e+01
3.760439447225197540e+01
3.760492262122130569e+01
3.760544167903014312e+01
3.760595168451077797e+01
3.760645267728092023e+01
3.760694469770491821e+01
3.760742778683354715e+01
3.760790198630779457e+01
3.760836733824900335e+01
3.760882388519966213e+01
3.760927167012273031e+01
3.760971073640671847e+01
3.761014112783970376e+01
3.761056288854628349e+01
3.761097606290410766e+01
3.761138069546236551e+01
3.761177683086126677e+01
3.761216451374085068e+01
3.761254378864387604e+01
3.761291469993148695e+01
3.761327729172221268e+01
3.761363160783586324e+01
3.761397769171310301e+01
3.761431558631064576e+01
3.761464533399163912e+01
3.761496697642184728e+01
3.761528055448346919e+01
3.761558610822295634e+01
3.761588367683596346e+01
3.761617329867657133e+01
3.761645501126365332e+01
3.761672885125219068e+01
3.761699485436267310e+01
3.761725305529009944e+01
3.761750348761977847e+01
3.761774618376654189e+01
3.761798117493830063e+01
3.761820849112106657e+01
3.761842816108053711e+01
3.761864021236367250e+01
3.761884467127789833e+01
3.761904156283721790e+01
3.761923091069175484e+01
3.761941273706898414e+01
3.761958706273546227e+01
3.761975390697412536e+01
3.761991328757234498e+01
3.762006522080994131e+01
3.762020972144730990e+01
3.762034680273973208e+01
3.762047647648493864e+01
3.762059875306766088e+01
3.762071364147892893e+01
3.762082114930806398e+01
3.762092128268506741e+01
3.762101404616158362e+01
3.762109944255782068e+01
3.762117747280654356e+01
3.762124813584190974e+01
3.762131142861783673e+01
3.762136734626764678e+01
3.762141588228710276e+01
3.762145702866583008e+01
3.762149077602457936e+01
3.762151711377200769e+01
3.762153603019228143e+01
3.762154751245672912e+01
3.762155154665109791e+01
3.762154811784370878e+01
3.762153721016532160e+01
3.762151880692702122e+01
3.762149289080628023e+01
3.762145944403499698e+01
3.762141844849693939e+01
3.762136988573656993e+01
3.762131373693475922e+01
3.762124998286304844e+01
3.762117860380002554e+01
3.762109957942811178e+01
3.762101288874506366e+01
3.762091850998125864e+01
3.762081642050831931e+01
3.762070659677490880e+01
3.762058901430695101e+01
3.762046364776620777e+01
3.762033047105371963e+01
3.762018945746491028e+01
3.762004057990990447e+01
3.761988381116997004e+01
3.761971912410326269e+01
3.761954649173861043e+01
3.761936588727085251e+01
3.761917728399102856e+01
3.761898065517460310e+01
3.761877597396392048e+01
3.761856321326425245e+01
3.761834234565255741e+01
3.761811334335445167e+01
3.761787617835069142e+01
3.761763082255682633e+01
3.761737724797059457e+01
3.761711542676100350e+01
3.761684533133687580e+01
3.761656693441157273e+01
3.761628020902967506e+01
3.761598512853728948e+01
3.761568166652787681e+01
3.761536979680474957e+01
3.761504949338544890e+01
3.761472073052949128e+01
3.761438348273595977e+01
3.761403772470698925e+01
3.761368343130739333e+01
3.761332057751938152e+01
3.761294913842661458e+01
3.761256908929556175e+01
3.761218040572516230e+01
3.761178306379252234e+01
3.761137704020844552e+01
3.761096231245339538e+01
3.761053885876941649e+01
3.761010665801756403e+01
3.760966568955483780e+01
3.760921593317254263e+01
3.760875736900733557e+01
3.760828997742503077e+01
3.760781373899895641e+01
3.760732863462458653e+01
3.760683464565963874e+01
3.760633175396762340e+01
3.760581994183784360e+01
3.760529919183806413e+01
3.760476948668186026e+01
3.760423080915054328e+01
3.760368314205404516e+01
3.760312646819959781e+01
3.760256077035752753e+01
3.760198603123972561e+01
3.760140223349369393e+01
3.760080935968689175e+01
3.760020739227648079e+01
3.759959631359369325e+01
3.759897610586228467e+01
3.759834675122482395e+01
3.759770823172223686e+01
3.759706052921292496e+01
3.759640362529977864e+01
3.759573750137208492e+01
3.759506213880231229e+01
3.759437751921896620e+01
3.759368362474921099e+01
3.759298043819039492e+01
3.759226794310951192e+01
3.759154612387547445e+01
3.759081496563783276e+01
3.759007445425481819e+01
3.758932457616884193e+01
3.758856531827029102e+01
3.758779666782954365e+01
3.758701861253612719e+01
3.758623114060416981e+01
3.758543424090022000e+01
3.758462790307793711e+01
3.758381211766116792e+01
3.758298687600915144e+01
3.758215217018531717e+01
3.758130799277056155e+01
3.758045433661519041e+01
3.757959119460741704e+01
3.757871855962208230e+01
3.757783642465643226e+01
3.757694478298928686e+01
3.757604362826522504e+01
3.757513295452517355e+01
3.757421275621172896e+01
3.757328302812769039e+01
3.757234376532355213e+01
3.757139496295283010e+01
3.757043661616342689e+01
3.756946872005627114e+01
3.756849126971311392e+01
3.756750426027012679e+01
3.756650768700319531e+01
3.756550154543561604e+01
3.756448583145265729e+01
3.756346054132747980e+01
3.756242567163699420e+01
3.756138121915729755e+01
3.756032718079805477e+01
3.755926355356616853e+01
3.755819033452547728e+01
3.755710752073125036e+01
3.755601510914028296e+01
3.755491309652197174e+01
3.755380147945420077e+01
3.755268025450428837e+01
3.755154941854532780e+01
3.755040896903559400e+01
3.754925890420243206e+01
3.754809922316386661e+01
3.754692992597617263e+01
3.754575101364834211e+01
3.754456248820626030e+01
3.754336435275979511e+01
3.754215661146765370e+01
3.754093926940672787e+01
3.753971233243473193e+01
3.753847580712389487e+01
3.753722970076674414e+01
3.753597402136540495e+01
3.753470877754585899e+01
3.753343397843130447e+01
3.753214963352142775e+01
3.753085575260276840e+01
3.752955234570792697e+01
3.752823942310291017e+01
3.752691699525512092e+01
3.752558507277886690e+01
3.752424366639262843e+01
3.752289278688995466e+01
3.752153244512110319e+01
3.752016265203801737e+01
3.751878341883475798e+01
3.751739475712107463e+01
3.751599667905120583e+01
3.751458919739128106e+01
3.751317232558778869e+01
3.751174607791485727e+01
3.751031046963332471e+01
3.750886551702021876e+01
3.750741123728334259e+01
3.750594764845732243e+01
3.750447476930070678e+01
3.750299261917547966e+01
3.750150121790618130e+01
3.750000058563708194e+01
3.749849074271467231e+01
3.749697170960331505e+01
3.749544350681649263e+01
3.749390615483636680e+01
3.749235967403143377e+01
3.749080408464622138e+01
3.748923940690893630e+01
3.748766566123453714e+01
3.748608286850967630e+01
3.748449105037080642e+01
3.748289022929724723e+01
3.748128042849190678e+01
3.747966167168504370e+01
3.747803398299458166e+01
3.747639738692861044e+01
3.747475190848146553e+01
3.747309757316741496e+01
3.747143440694922134e+01
3.746976243620367342e+01
3.746808168787617888e+01
3.746639218972977403e+01
3.746469397044712935e+01
3.746298705957278230e+01
3.746127148746708002e+01
3.745954728535463119e+01
3.745781448542533809e+01
3.745607312090139374e+01
3.745432322602049879e+01
3.745256483594702246e+01
3.745079798666754556e+01
3.744902271491181267e+01
3.744723905806681330e+01
3.744544705409970220e+01
3.744364674159560025e+01
3.744183815988512265e+01
3.744002134909975865e+01
3.743819635012405200e+01
3.743636320456041489e+01
3.743452195477292577e+01
3.743267264397391614e+01
3.743081531629895409e+01
3.742895001684382095e+01
3.742707679164011836e+01
3.742519568754613601e+01
3.742330675207448110e+01
3.742141003321768267e+01
3.741950557931671284e+01
3.741759343899285994e+01
3.741567366113800119e+01
3.741374629491174630e+01
3.741181138972692821e+01
3.740986899529152510e+01
3.740791916173249376e+01
3.740596193972735506e+01
3.740399738056375867e+01
3.740202553609673686e+01
3.740004645864656396e+01
3.739806020090246363e+01
3.739606681582926484e+01
3.739406635654971467e+01
3.739205887624043356e+01
3.739004442813500617e+01
3.738802306568300793e+01
3.738599484278299201e+01
3.738395981395419199e+01
3.738191803439616478e+01
3.737986955996664307e+01
3.737781444712528867e+01
3.737575275288136112e+01
3.737368453475408359e+01
3.737160985074660147e+01
3.736952875935117646e+01
3.736744131959233783e+01
3.736534759109638060e+01
3.736324763417351846e+01
3.736114150988252192e+01
3.735902928005442192e+01
3.735691100731627046e+01
3.735478675516944946e+01
3.735265658810983780e+01
3.735052057173925988e+01
3.734837877283308671e+01
3.734623125934749055e+01
3.734407810035164488e+01
3.734191936588885596e+01
3.733975512682600595e+01
3.733758545478097091e+01
3.733541042217368044e+01
3.733323010235811523e+01
3.733104456974157870e+01
3.732885389984853219e+01
3.732665816933370451e+01
3.732445745592514186e+01
3.732225183831949522e+01
3.732004139612601534e+01
3.731782620989921639e+01
3.731560636120176611e+01
3.731338193262836711e+01
3.731115300776442467e+01
3.730891967110866858e+01
3.730668200803079770e+01
3.730444010480131567e+01
3.730219404863689192e+01
3.729994392768240630e+01
3.729768983095018342e+01
3.729543184831081248e+01
3.729317007055609423e+01
3.729090458946100739e+01
3.728863549780086117e+01
3.728636288934803389e+01
3.728408685887643514e+01
3.728180750217094896e+01
3.727952491602312080e+01
3.727723919820068943e+01
3.727495044739461605e+01
3.727265876315930626e+01
3.727036424585970309e+01
3.726806699662712674e+01
3.726576711731220115e+01
3.726346471043486019e+01
3.726115987915282801e+01
3.725885272724772790e+01
3.725654335910428472e+01
3.725423187968274874e+01
3.725191839449622933e+01
3.724960300957820891e+01
3.724728583142969995e+01
3.724496696697604392e+01
3.724264652355009275e+01
3.724032460885884177e+01
3.723800133091099696e+01
3.723567679795732488e+01
3.723335111847281809e+01
3.723102440113695621e+01
3.722869675478960261e+01
3.722636828839468137e+01
3.722403911103015872e+01
3.722170933189170938e+01
3.721937906029044996e+01
3.721704840563322847e+01
3.721471747739214919e+01
3.721238638506144980e+01
3.721005523806567084e+01
3.720772414560840957e+01
3.720539321652400133e+01
3.720306255919444993e+01
3.720073228152089939e+01
3.719840249090000839e+01
3.719607329417205932e+01
3.719374479753496132e+01
3.719141710643489773e+01
3.718909032545012394e+01
3.718676455818647497e+01
3.718443990720211190e+01
3.718211647397215813e+01
3.717979435889232320e+01
3.717747366130297593e+01
3.717515447949767093e+01
3.717283691069455642e+01
3.717052105099816828e+01
3.716820699538936168e+01
3.716589483774158253e+01
3.716358467084496198e+01
3.716127658643133458e+01
3.715897067519632913e+01
3.715666702681467370e+01
3.715436572994769904e+01
3.715206687224593196e+01
3.714977054035852433e+01
3.714747681996412609e+01
3.714518579582121305e+01
3.714289755181355446e+01
3.714061217095377287e+01
3.713832973531191328e+01
3.713605032587873467e+01
3.713377402242508651e+01
3.713150090340709397e+01
3.712923104591514090e+01
3.712696452564139804e+01
3.712470141685410141e+01
3.712244179239234398e+01
3.712018572369490244e+01
3.711793328085250465e+01
3.711568453266294654e+01
3.711343954667452749e+01
3.711119838921784009e+01
3.710896112545112402e+01
3.710672781943976872e+01
3.710449853424256617e+01
3.710227333195807375e+01
3.710005227372320746e+01
3.709783541969335374e+01
3.709562282903702624e+01
3.709341455996760573e+01
3.709121066981300174e+01
3.708901121509802579e+01
3.708681625160623696e+01
3.708462583440189064e+01
3.708244001780415999e+01
3.708025885531551324e+01
3.707808239952674967e+01
3.707591070202981598e+01
3.707374381335394986e+01
3.707158178292722539e+01
3.706942465906526962e+01
3.706727248898540239e+01
3.706512531883041106e+01
3.706298319368361405e+01
3.706084615756928002e+01
3.705871425343941183e+01
3.705658752314879933e+01
3.705446600743014329e+01
3.705234974589244956e+01
3.705023877706332769e+01
3.704813313847023437e+01
3.704603286672555384e+01
3.704393799757858829e+01
3.704184856592372910e+01
3.703976460578030583e+01
3.703768615027151867e+01
3.703561323162865193e+01
3.703354588123717406e+01
3.703148412972081616e+01
3.702942800703538495e+01
3.702737754254115998e+01
3.702533276504696858e+01
3.702329370284070365e+01
3.702126038370899863e+01
3.701923283493758277e+01
3.701721108332897359e+01
3.701519515529530935e+01
3.701318507700271709e+01
3.701118087448452343e+01
3.700918257368046937e+01
3.700719020041935181e+01
3.700520378037632696e+01
3.700322333902638405e+01
3.700124890162501856e+01
3.699928049324345380e+01
3.699731813884186238e+01
3.699536186334452026e+01
3.699341169170423882e+01
3.699146764894922512e+01
3.698952976020368055e+01
3.698759805069569495e+01
3.698567254577194774e+01
3.698375327090656128e+01
3.698184025167490319e+01
3.697993351370686099e+01
3.697803308267621247e+01
3.697613898433963442e+01
3.697425124458057866e+01
3.697236988943365787e+01
3.697049494510218182e+01
3.696862643796988124e+01
3.696676439458916974e+01
3.696490884163932122e+01
3.696305980587963091e+01
3.696121731413773404e+01
3.695938139332999128e+01
3.695755207046535418e+01
3.695572937260730839e+01
3.695391332681632690e+01
3.695210396010791953e+01
3.695030129944082375e+01
3.694850537171400617e+01
3.694671620373730292e+01
3.694493382216898425e+01
3.694315825344057203e+01
3.694138952368854945e+01
3.693962765870449516e+01
3.693787268390280332e+01
3.693612462428737331e+01
3.693438350440757034e+01
3.693264934831909585e+01
3.693092217956328938e+01
3.692920202115816863e+01
3.692748889559040748e+01
3.692578282480531726e+01
3.692408383019200357e+01
3.692239193256266816e+01
3.692070715213284871e+01
3.691902950850647613e+01
3.691735902066491803e+01
3.691569570696274383e+01
3.691403958512741923e+01
3.691239067224826442e+01
3.691074898476635013e+01
3.690911453851508384e+01
3.690748734881527326e+01
3.690586743055077079e+01
3.690425479817001531e+01
3.690264946563400628e+01
3.690105144635649026e+01
3.689946075315089757e+01
3.689787739817543155e+01
3.689630139288482269e+01
3.689473274800556624e+01
3.689317147353349213e+01
3.689161757875471892e+01
3.689007107229873839e+01
3.688853196220318154e+01
3.688700025594351217e+01
3.688547596040911003e+01
3.688395908184624261e+01
3.688244962579907593e+01
3.688094759707016834e+01
3.687945299969550916e+01
3.687796583692158237e+01
3.687648611119401210e+01
3.687501382417645601e+01
3.687354897680260990e+01
3.687209156933885623e+01
3.687064160142362113e+01
3.686919907207250446e+01
3.686776397966499275e+01
3.686633632192722132e+01
3.686491609591180207e+01
3.686350329796790959e+01
3.686209792370062388e+01
3.686069996793222003e+01
3.685930942468780103e+01
3.685792628722282416e+01
3.685655054807880759e+01
3.685518219913227256e+01
3.685382123162802515e+01
3.685246763620372690e+01
3.685112140289298566e+01
3.684978252109920049e+01
3.684845097955676607e+01
3.684712676630098827e+01
3.684580986865363172e+01
3.684450027320352206e+01
3.684319796575115902e+01
3.684190293122694726e+01
3.684061515362994044e+01
3.683933461600256720e+01
3.683806130041804749e+01
3.683679518796287766e+01
3.683553625872033166e+01
3.683428449178895647e+01
3.683303986536933650e+01
3.683180235689069093e+01
3.683057194311412985e+01
3.682934860019692280e+01
3.682813230373339763e+01
3.682692302875877033e+01
3.682572074969260711e+01
3.682452544023259122e+01
3.682333707324533378e+01
3.682215562071468185e+01
3.682098105378054953e+01
3.681981334283626239e+01
3.681865245761510863e+01
3.681749836722918445e+01
3.681635104016828564e+01
3.681521044428416189e+01
3.681407654678744734e+01
3.681294931426987205e+01
3.681182871276645585e+01
3.681071470789460420e+01
3.680960726506232561e+01
3.680850634966873969e+01
3.680741192725091793e+01
3.680632396358204517e+01
3.680524242471303609e+01
3.680416727695089207e+01
3.680309848678828644e+01
3.680203602080295866e+01
3.680097984555124668e+01
3.679992992748207570e+01
3.679888623288018579e+01
3.679784872782681049e+01
3.679681737816237330e+01
3.679579214945010790e+01
3.679477300694843223e+01
3.679375991558529080e+01
3.679275283992171808e+01
3.679175174412422678e+01
3.679075659199070714e+01
3.678976734704163931e+01
3.678878397263070354e+01
3.678780643201941558e+01
3.678683468840397097e+01
3.678586870491577088e+01
3.678490844460933573e+01
3.678395387043845943e+01
3.678300494522947872e+01
3.678206163166228748e+01
3.678112389224843781e+01
3.678019168928975802e+01
3.677926498482135997e+01
3.677834374055075983e+01
3.677742791779792952e+01
3.677651747744029365e+01
3.677561237986634524e+01
3.677471258493719120e+01
3.677381805195382469e+01
3.677292873962835529e+01
3.677204460604254876e+01
3.677116560858100058e+01
3.677029170388870227e+01
3.676942284791428506e+01
3.676855899599613764e+01
3.676770010290757540e+01
3.676684612286015863e+01
3.676599700950990979e+01
3.676515271597710921e+01
3.676431319485934068e+01
3.676347839822404495e+01
3.676264827758544840e+01
3.676182278387668134e+01
3.676100186742082343e+01
3.676018547788352464e+01
3.675937356418465640e+01
3.675856607440216095e+01
3.675776295574801367e+01
3.675696415464641831e+01
3.675616961685391715e+01
3.675537928754340555e+01
3.675459311134337526e+01
3.675381103237423730e+01
3.675303299430307646e+01
3.675225894040431740e+01
3.675148881360381381e+01
3.675072255649366326e+01
3.674996011132464702e+01
3.674920141999867695e+01
3.674844642408942974e+01
3.674769506491271898e+01
3.674694728364165286e+01
3.674620302143343054e+01
3.674546221952696357e+01
3.674472481930052936e+01
3.674399076234209360e+01
3.674325999059169590e+01
3.674253244653645112e+01
3.674180807339091359e+01
3.674108681522095310e+01
3.674036861699845957e+01
3.673965342459563033e+01
3.673894118476078319e+01
3.673823184511850570e+01
3.673752535418731213e+01
3.673682166138366512e+01
3.673612071701236914e+01
3.673542247226668422e+01
3.673472687924893165e+01
3.673403389099880911e+01
3.673334346151302299e+01
3.673265554576485670e+01
3.673197009975395133e+01
3.673128708060480108e+01
3.673060644669347141e+01
3.672992815774802722e+01
3.672925217488852923e+01
3.672857846063205045e+01
3.672790697891608147e+01
3.672723769516681358e+01
3.672657057637906775e+01
3.672590559116022746e+01
3.672524270973710969e+01
3.672458190394043243e+01
3.672392314717178152e+01
3.672326641437828698e+01
3.672261168206832593e+01
3.672195892836607811e+01
3.672130813307003905e+01
3.672065927767155813e+01
3.672001234529547276e+01
3.671936732057349673e+01
3.671872418952639805e+01
3.671808293951434621e+01
3.671744355923986802e+01
3.671680603877416615e+01
3.671617036960877556e+01
3.671553654470621808e+01
3.671490455849031775e+01
3.671427440677896925e+01
3.671364608673057717e+01
3.671301959685381178e+01
3.671239493707483348e+01
3.671177210882007103e+01
3.671115111507371154e+01
3.671053196040400479e+01
3.670991465097296924e+01
3.670929919453738677e+01
3.670868560043415840e+01
3.670807387954133816e+01
3.670746404424207299e+01
3.670685610843529645e+01
3.670625008757757257e+01
3.670564599869477718e+01
3.670504386034507149e+01
3.670444369256816941e+01
3.670384551683760321e+01
3.670324935599932559e+01
3.670265523421221587e+01
3.670206317693246234e+01
3.670147321094371762e+01
3.670088536441060967e+01
3.670029966693325463e+01
3.669971614955887418e+01
3.669913484472233023e+01
3.669855578613888270e+01
3.669797900868627494e+01
3.669740454831114818e+01
3.669683244200070504e+01
3.669626272784108778e+01
3.669569544513515780e+01
3.669513063449203827e+01
3.669456833780264304e+01
3.669400859813440974e+01
3.669345145966398292e+01
3.669289696769169495e+01
3.669234516867656026e+01
3.669179611022349974e+01
3.669124984101308229e+01
3.669070641070886296e+01
3.669016586987935113e+01
3.668962826996765614e+01
3.668909366333131317e+01
3.668856210331813372e+01
3.668803364429136593e+01
3.668750834155748919e+01
3.668698625125112045e+01
3.668646743026079804e+01
3.668595193620742378e+01
3.668543982743238985e+01
3.668493116296917833e+01
3.668442600249638730e+01
3.668392440627329876e+01
3.668342643505589962e+01
3.668293214998661966e+01
3.668244161246264667e+01
3.668195488401101301e+01
3.668147202619098834e+01
3.668099310052176776e+01
3.668051816843258450e+01
3.668004729123033059e+01
3.667958053007595254e+01
3.667911794597348774e+01
3.667865959977955725e+01
3.667820555222746748e+01
3.667775586395422494e+01
3.667731059552559714e+01
3.667686980745824599e+01
3.667643356023017276e+01
3.667600191426285505e+01
3.667557492987133116e+01
3.667515266720153022e+01
3.667473518617540407e+01
3.667432254644970158e+01
3.667391480739324550e+01
3.667351202809145860e+01
3.667311426737626334e+01
3.667272158386757042e+01
3.667233403601682085e+01
3.667195168214648504e+01
3.667157458048091456e+01
3.667120278917811760e+01
3.667083636637705979e+01
3.667047537024892989e+01
3.667011985902204430e+01
3.666976989096685458e+01
3.666942552435167357e+01
3.666908681738477327e+01
3.666875382814865958e+01
3.666842661453733143e+01
3.666810523421974466e+01
3.666778974463645824e+01
3.666748020301567834e+01
3.666717666640398932e+01
3.666687919171357635e+01
3.666658783577722858e+01
3.666630265539657074e+01
3.666602370736976013e+01
3.666575104849000866e+01
3.666548473551970488e+01
3.666522482515576087e+01
3.666497137399984041e+01
3.666472443853831464e+01
3.666448407512901753e+01
3.666425033998895344e+01
3.666402328918398013e+01
3.666380297863109661e+01
3.666358946411633468e+01
3.666338280131457594e+01
3.666318304580162390e+01
3.666299025306518189e+01
3.666280447851980995e+01
3.666262577751694351e+01
3.666245420534326627e+01
3.666228981720925617e+01
3.666213266823293537e+01
3.666198281342646936e+01
3.666184030768958735e+01
3.666170520580399028e+01
3.666157756242282773e+01
3.666145743205634489e+01
3.666134486905643541e+01
3.666123992760127948e+01
3.666114266168187896e+01
3.666105312509539971e+01
3.666097137144532070e+01
3.666089745413767531e+01
3.666083142636268377e+01
3.666077334106076790e+01
3.666072325087101547e+01
3.666068120805918795e+01
3.666064726444864164e+01
3.666062147139411564e+01
3.666060387980999025e+01
3.666059454023367437e+01
3.666059350289383190e+01
3.666060081775906099e+01
3.666061653456716130e+01
3.666064070284551946e+01
3.666067337192186670e+01
3.666071459092226092e+01
3.666076440875934139e+01
3.666082287411570917e+01
3.666089003543606140e+01
3.666096594094367589e+01
3.666105063866755387e+01
3.666114417644523371e+01
3.666124660189343132e+01
3.666135796236796551e+01
3.666147830493046200e+01
3.666160767632970163e+01
3.666174612299750635e+01
3.666189369105148188e+01
3.666205042629869126e+01
3.666221637423735302e+01
3.666239158005370768e+01
3.666257608861296546e+01
3.666276994444248771e+01
3.666297319170715241e+01
3.666318587418272301e+01
3.666340803523025471e+01
3.666363971776843300e+01
3.666388096424110898e+01
3.666413181657700449e+01
3.666439231614256045e+01
3.666466250369870039e+01
3.666494241937801490e+01
3.666523210269604505e+01
3.666553159259173356e+01
3.666584092747277168e+01
3.666616014524727518e+01
3.666648928334081603e+01
3.666682837870570921e+01
3.666717746782630627e+01
3.666753658672238458e+01
3.666790577096611514e+01
3.666828505572925678e+01
3.666867447584296258e+01
3.666907406583713680e+01
3.666948385995148385e+01
3.666990389213105317e+01
3.667033419602164912e+01
3.667077480497309949e+01
3.667122575204049895e+01
3.667168706997188110e+01
3.667215879119093813e+01
3.667264094778848715e+01
3.667313357151688535e+01
3.667363669377466806e+01
3.667415034558140974e+01
3.667467455754871253e+01
3.667520935984724417e+01
3.667575478217476359e+01
3.667631085374164712e+01
3.667687760328075797e+01
3.667745505907382864e+01
3.667804324898565227e+01
3.667864220048952717e+01
3.667925194066042849e+01
3.667987249613224776e+01
3.668050389304323033e+01
3.668114615699313674e+01
3.668179931300718977e+01
3.668246338548926389e+01
3.668313839816635635e+01
3.668382437404371643e+01
3.668452133538037430e+01
3.668522930367740997e+01
3.668594829967000237e+01
3.668667834331953514e+01
3.668741945379785108e+01
3.668817164945690479e+01
3.668893494779153741e+01
3.668970936542176986e+01
3.669049491811597363e+01
3.669129162084028906e+01
3.669209948781488606e+01
3.669291853259456815e+01
3.669374876818631037e+01
3.669459020716880815e+01
3.669544286176714820e+01
3.669630674387097713e+01
3.669718186501759050e+01
3.669806823636428561e+01
3.669896586865679922e+01
3.669987477219579119e+01
3.670079495681887494e+01
3.670172643190992545e+01
3.670266920641808639e+01
3.670362328886605496e+01
3.670458868734961300e+01
3.670556540954195412e+01
3.670655346270682173e+01
3.670755285371256349e+01
3.670856358904517691e+01
3.670958567482529133e+01
3.671061911682703283e+01
3.671166392048910865e+01
3.671272009090733235e+01
3.671378763280475255e+01
3.671486655049105252e+01
3.671595684783165581e+01
3.671705852823434668e+01
3.671817159464369951e+01
3.671929604952960347e+01
3.672043189486603154e+01
3.672157913210983082e+01
3.672273776218628427e+01
3.672390778547076451e+01
3.672508920175476987e+01
3.672628201019150396e+01
3.672748620920538087e+01
3.672870179636453969e+01
3.672992876826593545e+01
3.673116712048280874e+01
3.673241684756277436e+01
3.673367794303661071e+01
3.673495039943576757e+01
3.673623420835765074e+01
3.673752936058733098e+01
3.673883584620366349e+01
3.674015365457728421e+01
3.674148277425166498e+01
3.674282319279397768e+01
3.674417489670047843e+01
3.674553787139246452e+01
3.674691210132817787e+01
3.674829757019447385e+01
3.674969426104693326e+01
3.675110215631352872e+01
3.675252123773205426e+01
3.675395148635671916e+01
3.675539288268352323e+01
3.675684540684675738e+01
3.675830903880962097e+01
3.675978375845742363e+01
3.676126954556119131e+01
3.676276637970234873e+01
3.676427424025674640e+01
3.676579310645855969e+01
3.676732295752263013e+01
3.676886377276093043e+01
3.677041553161333098e+01
3.677197821358378604e+01
3.677355179813370967e+01
3.677513626457434270e+01
3.677673159197370012e+01
3.677833775907714653e+01
3.677995474422990441e+01
3.678158252529272687e+01
3.678322107956728360e+01
3.678487038376052709e+01
3.678653041399185497e+01
3.678820114583049872e+01
3.678988255435040600e+01
3.679157461417730701e+01
3.679327729950458803e+01
3.679499058407705547e+01
3.679671444115317769e+01
3.679844884346444900e+01
3.680019376318834645e+01
3.680194917192611825e+01
3.680371504066892641e+01
3.680549133975808473e+01
3.680727803885891802e+01
3.680907510695995200e+01
3.681088251239056319e+01
3.681270022283965915e+01
3.681452820536449622e+01
3.681636642638983403e+01
3.681821485170213037e+01
3.682007344643307079e+01
3.682194217501478306e+01
3.682382100111070855e+01
3.682570988754837060e+01
3.682760879627364403e+01
3.682951768833411421e+01
3.683143652388589828e+01
3.683336526221013685e+01
3.683530386172850513e+01
3.683725228000802332e+01
3.683921047375604729e+01
3.684117839881726297e+01
3.684315601017453901e+01
3.684514326194484113e+01
3.684714010736452394e+01
3.684914649876280635e+01
3.685116238752651441e+01
3.685318772406289156e+01
3.685522245776721206e+01
3.685726653700988464e+01
3.685931990916250811e+01
3.686138252065119048e+01
3.686345431699717068e+01
3.686553524283017680e+01
3.686762524189491330e+01
3.686972425707024570e+01
3.687183223039711777e+01
3.687394910308888996e+01
3.687607481549108002e+01
3.687820930699035671e+01
3.688035251593526453e+01
3.688250437962508954e+01
3.688466483433381171e+01
3.688683381530186978e+01
3.688901125670163594e+01
3.689119709164863536e+01
3.689339125228971028e+01
3.689559366990386025e+01
3.689780427493973036e+01
3.690002299698488741e+01
3.690224976470298657e+01
3.690448450577182626e+01
3.690672714684290412e+01
3.690897761352231754e+01
3.691123583036046085e+01
3.691350172083878078e+01
3.691577520734772833e+01
3.691805621115890546e+01
3.692034465240298857e+01
3.692264045006326256e+01
3.692494352197790164e+01
3.692725378483541476e+01
3.692957115416909630e+01
3.693189554439729960e+01
3.693422686895320339e+01
3.693656504048096423e+01
3.693890997103560636e+01
3.694126157225377938e+01
3.694361975549912813e+01
3.694598443198330529e+01
3.694835551283927799e+01
3.695073290913903463e+01
3.695311653188504408e+01
3.695550629200848647e+01
3.695790210040452450e+01
3.696030386804251577e+01
3.696271150616297518e+01
3.696512492649981141e+01
3.696754404143922557e+01
3.696996876409489374e+01
3.697239900833339732e+01
3.697483468877825175e+01
3.697727572081486613e+01
3.697972202060039137e+01
3.698217350505212409e+01
3.698463009180179739e+01
3.698709169913530559e+01
3.698955824594011688e+01
3.699202965167807378e+01
3.699450583642344270e+01
3.699698672100029739e+01
3.699947222715305628e+01
3.700196227763316159e+01
3.700445679618648143e+01
3.700695570749483210e+01
3.700945893709128143e+01
3.701196641126077225e+01
3.701447805696121662e+01
3.701699380178356336e+01
3.701951357393324571e+01
3.702203730221458500e+01
3.702456491601613209e+01
3.702709634529409755e+01
3.702963152055379936e+01
3.703217037283983615e+01
3.703471283375457546e+01
3.703725883553796905e+01
3.703980831121650397e+01
3.704236119475802980e+01
3.704491742116908171e+01
3.704747692655714530e+01
3.705003964818999407e+01
3.705260552450241107e+01
3.705517449499478033e+01
3.705774650007518289e+01
3.706032148096382883e+01
3.706289937970368698e+01
3.706548013922166973e+01
3.706806370338993872e+01
3.707065001707737650e+01
3.707323902618745848e+01
3.707583067768248952e+01
3.707842491959705455e+01
3.708102170100285377e+01
3.708362097185755601e+01
3.708622268276500478e+01
3.708882678480071604e+01
3.709143322951851474e+01
3.709404196908872109e+01
3.709665295643339533e+01
3.709926614527873312e+01
3.710188149012178371e+01
3.710449894615528876e+01
3.710711846920025891e+01
3.710974001564542846e+01
3.711236354236621082e+01
3.711498900662414258e+01
3.711761636596736480e+01
3.712024557815250603e+01
3.712287660109379317e+01
3.712550939282102291e+01
3.712814391142180881e+01
3.713078011495669983e+01
3.713341796135177475e+01
3.713605740828544555e+01
3.713869841308693509e+01
3.714134093265911929e+01
3.714398492342569824e+01
3.714663034128907526e+01
3.714927714158921646e+01
3.715192527906545905e+01
3.715457470782899208e+01
3.715722538136067499e+01
3.715987725254490215e+01
3.716253027372295037e+01
3.716518439673365748e+01
3.716783957293167617e+01
3.717049575319601473e+01
3.717315288793464134e+01
3.717581092708039137e+01
3.717846982007898049e+01
3.718112951588001636e+01
3.718378996293772332e+01
3.718645110921558228e+01
3.718911290218605359e+01
3.719177528882253370e+01
3.719443821558450480e+01
3.719710162839585621e+01
3.719976547260856137e+01
3.720242969294401547e+01
3.720509423342845423e+01
3.720775903736448242e+01
3.721042404736486731e+01
3.721308920542246312e+01
3.721575445296446105e+01
3.721841973086775823e+01
3.722108497944114447e+01
3.722375013838899349e+01
3.722641514677594898e+01
3.722907994300040002e+01
3.723174446476396326e+01
3.723440864903132308e+01
3.723707243199393702e+01
3.723973574904736950e+01
3.724239853477737938e+01
3.724506072295094583e+01
3.724772224651791674e+01
3.725038303762829628e+01
3.725304302766222975e+01
3.725570214726670315e+01
3.725836032639431750e+01
3.726101749434587873e+01
3.726367357982079653e+01
3.726632851096458410e+01
3.726898221540174205e+01
3.727163462026764051e+01
3.727428565226183821e+01
3.727693523772389028e+01
3.727958330272170429e+01
3.728222977315358122e+01
3.728487457484835943e+01
3.728751763360801874e+01
3.729015887516752059e+01
3.729279822514491372e+01
3.729543560906739685e+01
3.729807095245588044e+01
3.730070418089974282e+01
3.730333522011996195e+01
3.730596399607506441e+01
3.730859043510802309e+01
3.731121446405418141e+01
3.731383601027029329e+01
3.731645500163042328e+01
3.731907136654228196e+01
3.732168503399579151e+01
3.732429593363010412e+01
3.732690399580160800e+01
3.732950915163343808e+01
3.733211133304062912e+01
3.733471047275627797e+01
3.733730650438588583e+01
3.733989936248614327e+01
3.734248898264269911e+01
3.734507530151871180e+01
3.734765825685667551e+01
3.735023778744125877e+01
3.735281383305436265e+01
3.735538633444675582e+01
3.735795523332334511e+01
3.736052047233624052e+01
3.736308199509051065e+01
3.736563974616449713e+01
3.736819367114382828e+01
3.737074371665543993e+01
3.737328983037041752e+01
3.737583196096588978e+01
3.737837005807823942e+01
3.738090407227962686e+01
3.738343395507212819e+01
3.738595965886814554e+01
3.738848113693684638e+01
3.739099834333199368e+01
3.739351123282762046e+01
3.739601976086153456e+01
3.739852388348754886e+01
3.740102355734527606e+01
3.740351873963090412e+01
3.740600938805723530e+01
3.740849546082451127e+01
3.741097691662621827e+01
3.741345371469105174e+01
3.741592581483745761e+01
3.741839317752823035e+01
3.742085576393777302e+01
3.742331353600864929e+01
3.742576645644189171e+01
3.742821448863373490e+01
3.743065759662117387e+01
3.743309574504208825e+01
3.743552889906909797e+01
3.743795702429762429e+01
3.744038008660377415e+01
3.744279805200323352e+01
3.744521088653252860e+01
3.744761855614687107e+01
3.745002102661411669e+01
3.745241826339899660e+01
3.745481023154638223e+01
3.745719689556843690e+01
3.745957821933666310e+01
3.746195416598369121e+01
3.746432469782651253e+01
3.746668977632089081e+01
3.746904936203916492e+01
3.747140341465778590e+01
3.747375189296144526e+01
3.747609475488518171e+01
3.747843195759838864e+01
3.748076345759663042e+01
3.748308921076033329e+01
3.748540917239206749e+01
3.748772329728110719e+01
3.749003153980501679e+01
3.749233385403907448e+01
3.749463019386366369e+01
3.749692051306983132e+01
3.749920476543458392e+01
3.750148290472609602e+01
3.750375488462027107e+01
3.750602065856276823e+01
3.750828017965050520e+01
3.751053340056581220e+01
3.751278027353391309e+01
3.751502075028339078e+01
3.751725478204073738e+01
3.751948231959990920e+01
3.752170331346107446e+01
3.752391771400150589e+01
3.752612547164938661e+01
3.752832653705183930e+01
3.753052086125165232e+01
3.753270839587479912e+01
3.753488909329261958e+01
3.753706290672457868e+01
3.753922979027966278e+01
3.754138969895788591e+01
3.754354258863715899e+01
3.754568841606115370e+01
3.754782713883496825e+01
3.754995871541695607e+01
3.755208310508025704e+01
3.755420026784037191e+01
3.755631016436998237e+01
3.755841275592067774e+01
3.756050800426120873e+01
3.756259587162842450e+01
3.756467632067920448e+01
3.756674931446186605e+01
3.756881481645482523e+01
3.757087279067342678e+01
3.757292320177971590e+01
3.757496601514063883e+01
3.757700119682868944e+01
3.757902871358270147e+01
3.758104853275209933e+01
3.758306062223721256e+01
3.758506495041697804e+01
3.758706148605909902e+01
3.758905019823414051e+01
3.759103105627051633e+01
3.759300402977379463e+01
3.759496908869764553e+01
3.759692620343039238e+01
3.759887534486693994e+01
3.760081648445346048e+01
3.760274959421067109e+01
3.760467464676096938e+01
3.760659161538293205e+01
3.760850047407941332e+01
3.761040119762520106e+01
3.761229376158059523e+01
3.761417814227191059e+01
3.761605431675634748e+01
3.761792226282592111e+01
3.761978195908437073e+01
3.762163338503973620e+01
3.762347652112967467e+01
3.762531134867771243e+01
3.762713784983286303e+01
3.762895600752197822e+01
3.763076580541765992e+01
3.763256722791597042e+01
3.763436026010629831e+01
3.763614488772864064e+01
3.763792109713671863e+01
3.763968887527082785e+01
3.764144820962489035e+01
3.764319908821055805e+01
3.764494149953988256e+01
3.764667543263034588e+01
3.764840087701774962e+01
3.765011782277886709e+01
3.765182626059298343e+01
3.765352618185617928e+01
3.765521757880136278e+01
3.765690044456965779e+01
3.765857477323407920e+01
3.766024055976767926e+01
3.766189779992501485e+01
3.766354649007980271e+01
3.766518662709571430e+01
3.766681820825268545e+01
3.766844123124727162e+01
3.767005569426125078e+01
3.767166159601748632e+01
3.767325893578624374e+01
3.767484771338944682e+01
3.767642792922548978e+01
3.767799958428040696e+01
3.767956268009323395e+01
3.768111721869220787e+01
3.768266320253975010e+01
3.768420063449494251e+01
3.768572951778483571e+01
3.768724985599036614e+01
3.768876165307219850e+01
3.769026491345605479e+01
3.769175964216573504e+01
3.769324584497079655e+01
3.769472352850891639e+01
3.769619270034395697e+01
3.769765336894516139e+01
3.769910554362446220e+01
3.770054923450110351e+01
3.770198445252761132e+01
3.770341120955085756e+01
3.770482951836730479e+01
3.770623939277144387e+01
3.770764084761491830e+01
3.770903389884235679e+01
3.771041856345020449e+01
3.771179485937447851e+01
3.771316280535320686e+01
3.771452242079961081e+01
3.771587372570060381e+01
3.771721674053868867e+01
3.771855148621582998e+01
3.771987798393544011e+01
3.772119625502398321e+01
3.772250632075746068e+01
3.772380820230286957e+01
3.772510192080187608e+01
3.772638749751587994e+01
3.772766495397983988e+01
3.772893431217758575e+01
3.773019559471221385e+01
3.773144882490738183e+01
3.773269402683651919e+01
3.773393122534324817e+01
3.773516044607453779e+01
3.773638171547390385e+01
3.773759506070057768e+01
3.773880050948830700e+01
3.773999808997692185e+01
3.774118783057598847e+01
3.774236975989379772e+01
3.774354390668680281e+01
3.774471029978766978e+01
3.774586896803715774e+01
3.774701994024923124e+01
3.774816324519557043e+01
3.774929891158532058e+01
3.775042696802331932e+01
3.775154744294212605e+01
3.775266036452913454e+01
3.775376576067613854e+01
3.775486365894152385e+01
3.775595408648040063e+01
3.775703706992401010e+01
3.775811263525238815e+01
3.775918080771086949e+01
3.776024161176745508e+01
3.776129507107221883e+01
3.776234120839329478e+01
3.776338004554121142e+01
3.776441160331564362e+01
3.776543590149109519e+01
3.776645295882020292e+01
3.776746279302432185e+01
3.776846542076174273e+01
3.776946085757645477e+01
3.777044911783615788e+01
3.777143021467911410e+01
3.777240415999020939e+01
3.777337096441011255e+01
3.777433063736786778e+01
3.777528318712710131e+01
3.777622862082935029e+01
3.777716694451206081e+01
3.777809816310224278e+01
3.777902228041500621e+01
3.777993929917937521e+01
3.778084922108264010e+01
3.778175204681470234e+01
3.778264777611051528e+01
3.778353640778469469e+01
3.778441793973888707e+01
3.778529236894188870e+01
3.778615969140003017e+01
3.778701990212656625e+01
3.778787299511990483e+01
3.778871896336124792e+01
3.778955779882009836e+01
3.779038949244906576e+01
3.779121403417180858e+01
3.779203141287300127e+01
3.779284161638436501e+01
3.779364463146686148e+01
3.779444044381133949e+01
3.779522903808016565e+01
3.779601039797126560e+01
3.779678450625387853e+01
3.779755134475664846e+01
3.779831089433620406e+01
3.779906313485161462e+01
3.779980804514664783e+01
3.780054560305055134e+01
3.780127578540903244e+01
3.780199856811524484e+01
3.780271392609700598e+01
3.780342183327856986e+01
3.780412226258543740e+01
3.780481518600458912e+01
3.780550057463990044e+01
3.780617839872466845e+01
3.780684862760110576e+01
3.780751122968223399e+01
3.780816617242747668e+01
3.780881342238058807e+01
3.780945294528358147e+01
3.781008470622766993e+01
3.781070866978475209e+01
3.781132480007074292e+01
3.781193306072409399e+01
3.781253341484642050e+01
3.781312582494994246e+01
3.781371025287271692e+01
3.781428665967649039e+01
3.781485500568954450e+01
3.781541525077079058e+01
3.781596735466442283e+01
3.781651127728937212e+01
3.781704697889129818e+01
3.781757442005640968e+01
3.781809356162977309e+01
3.781860436460634389e+01
3.781910679008049669e+01
3.781960079930659191e+01
3.782008635384237039e+01
3.782056341569037983e+01
3.782103194737516816e+01
3.782149191196494087e+01
3.782194327307763615e+01
3.782238599488996300e+01
3.782282004214349058e+01
3.782324538014108128e+01
3.782366197474519964e+01
3.782406979237337197e+01
3.782446879993226219e+01
3.782485896467484565e+01
3.782524025407993662e+01
3.782561263580971200e+01
3.782597607766818726e+01
3.782633054752371748e+01
3.782667601325675122e+01
3.782701244275544639e+01
3.782733980393162199e+01
3.782765806475925530e+01
3.782796719333725122e+01
3.782826715794839600e+01
3.782855792708709686e+01
3.782883946944627240e+01
3.782911175388668568e+01
3.782937474941607547e+01
3.782962842515946988e+01
3.782987275030522767e+01
3.783010769406275386e+01
3.783033322566308954e+01
3.783054931437217050e+01
3.783075592946516963e+01
3.783095304017940208e+01
3.783114061573834874e+01
3.783131862549551272e+01
3.783148703912601718e+01
3.783164582674616128e+01
3.783179495889466182e+01
3.783193440639210081e+01
3.783206414016243713e+01
3.783218413112567191e+01
3.783229435021318210e+01
3.783239476843381510e+01
3.783248535688929337e+01
3.783256608677306332e+01
3.783263692945199352e+01
3.783269785660359474e+01
3.783274884029678020e+01
3.783278985298198904e+01
3.783282086746872608e+01
3.783284185698980195e+01
3.783285279532302781e+01
3.783285365682039725e+01
3.783284441628439509e+01
3.783282504879261410e+01
3.783279552959552916e+01
3.783275583411160881e+01
3.783270593794006942e+01
3.783264581680344918e+01
3.783257544642201964e+01
3.783249480242426444e+01
3.783240386040836967e+01
3.783230259612547997e+01
3.783219098561714588e+01
3.783206900523698835e+01
3.783193663165859277e+01
3.783179384192932559e+01
3.783164061350264973e+01
3.783147692421498931e+01
3.783130275225285288e+01
3.783111807613165922e+01
3.783092287466968884e+01
3.783071712695720379e+01
3.783050081233631090e+01
3.783027391037692411e+01
3.783003640080695362e+01
3.782978826341137335e+01
3.782952947798387555e+01
3.782926002437498880e+01
3.782897988259669830e+01
3.782868903294075835e+01
3.782838745610380471e+01
3.782807513327253446e+01
3.782775204608912389e+01
3.782741817651340455e+01
3.782707350668308521e+01
3.782671801882660390e+01
3.782635169521689278e+01
3.782597451819241030e+01
3.782558647031356003e+01
3.782518753456589877e+01
3.782477769441527471e+01
3.782435693372954688e+01
3.782392523671204287e+01
3.782348258787101258e+01
3.782302897199304681e+01
3.782256437411842143e+01
3.782208877950380810e+01
3.782160217355288268e+01
3.782110454174108582e+01
3.782059586958422415e+01
3.782007614265192075e+01
3.781954534658789413e+01
3.781900346711756100e+01
3.781845049003525361e+01
3.781788640116900524e+01
3.781731118635413935e+01
3.781672483145752750e+01
3.781612732246129838e+01
3.781551864556993081e+01
3.781489878725012233e+01
3.781426773413629405e+01
3.781362547288446052e+01
3.781297199010600707e+01
3.781230727239791634e+01
3.781163130643825809e+01
3.781094407913529665e+01
3.781024557777175232e+01
3.780953579005163334e+01
3.780881470403900835e+01
3.780808230808310100e+01
3.780733859080677206e+01
3.780658354112129160e+01
3.780581714817684968e+01
3.780503940122051887e+01
3.780425028942408971e+01
3.780344980177227399e+01
3.780263792706002590e+01
3.780181465399024887e+01
3.780097997132504162e+01
3.780013386805651976e+01
3.779927633360971839e+01
3.779840735804555152e+01
3.779752693214204839e+01
3.779663504729440149e+01
3.779573169533415467e+01
3.779481686841857879e+01
3.779389055903598660e+01
3.779295276005196769e+01
3.779200346470887695e+01
3.779104266655814826e+01
3.779007035938673909e+01
3.778908653722351829e+01
3.778809119442163933e+01
3.778708432572728526e+01
3.778606592628899818e+01
3.778503599163684612e+01
3.778399451765674399e+01
3.778294150054141198e+01
3.778187693670333402e+01
3.778080082269263329e+01
3.777971315516368378e+01
3.777861393085727570e+01
3.777750314654485919e+01
3.777638079895427126e+01
3.777524688474614578e+01
3.777410140059065213e+01
3.777294434336020856e+01
3.777177571038839687e+01
3.777059549967442820e+01
3.776940370997649410e+01
3.776820034085842082e+01
3.776698539272855015e+01
3.776575886683381356e+01
3.776452076520222079e+01
3.776327109057169906e+01
3.776200984630921909e+01
3.776073703630073908e+01
3.775945266486062479e+01
3.775815673673753281e+01
3.775684925718750407e+01
3.775553023202177627e+01
3.775419966760688339e+01
3.775285757086670202e+01
3.775150394933517362e+01
3.775013881125192938e+01
3.774876216563645670e+01
3.774737402229706618e+01
3.774597439179796510e+01
3.774456328541855044e+01
3.774314071510396928e+01
3.774170669339719808e+01
3.774026123338279604e+01
3.773880434870860512e+01
3.773733605369227462e+01
3.773585636342675542e+01
3.773436529380598614e+01
3.773286286145118851e+01
3.773134908356711748e+01
3.772982397782455877e+01
3.772828756237147019e+01
3.772673985593761614e+01
3.772518087793635289e+01
3.772361064858878166e+01
3.772202918908399027e+01
3.772043652167209160e+01
3.771883266966668913e+01
3.771721765742592680e+01
3.771559151031602397e+01
3.771395425463099826e+01
3.771230591749777972e+01
3.771064652680573204e+01
3.770897611116144077e+01
3.770729469986407878e+01
3.770560232292160663e+01
3.770389901112940123e+01
3.770218479618392138e+01
3.770045971078277347e+01
3.769872378868488738e+01
3.769697706471120568e+01
3.769521957468314355e+01
3.769345135530060276e+01
3.769167244396938088e+01
3.768988287864999620e+01
3.768808269781179376e+01
3.768627194048537632e+01
3.768445064630733299e+01
3.768261885547332923e+01
3.768077660865431966e+01
3.767892394696914238e+01
3.767706091200886220e+01
3.767518754584450136e+01
3.767330389098320609e+01
3.767140999031273907e+01
3.766950588708682801e+01
3.766759162492522961e+01
3.766566724775920250e+01
3.766373279973711874e+01
3.766178832518260577e+01
3.765983386865604388e+01
3.765786947511248428e+01
3.765589519008973696e+01
3.765391105981471043e+01
3.765191713120552208e+01
3.764991345184244409e+01
3.764790006995150407e+01
3.764587703439011790e+01
3.764384439461802145e+01
3.764180220066248239e+01
3.763975050307664816e+01
3.763768935286382344e+01
3.763561880137643811e+01
3.763353890023158499e+01
3.763144970125971156e+01
3.762935125649128310e+01
3.762724361818049346e+01
3.762512683883097964e+01
3.762300097119224773e+01
3.762086606823570634e+01
3.761872218311901861e+01
3.761656936912901728e+01
3.761440767960911558e+01
3.761223716790124882e+01
3.761005788734827604e+01
3.760786989139089798e+01
3.760567323372005433e+01
3.760346796841089656e+01
3.760125415000706539e+01
3.759903183351629963e+01
3.759680107430190077e+01
3.759456192799850527e+01
3.759231445057692156e+01
3.759005869846846082e+01
3.758779472858980597e+01
3.758552259825402331e+01
3.758324236504063975e+01
3.758095408667155368e+01
3.757865782091233342e+01
3.757635362549783764e+01
3.757404155806079160e+01
3.757172167606621116e+01
3.756939403679944434e+01
3.756705869745159276e+01
3.756471571528678055e+01
3.756236514782505509e+01
3.756000705298433218e+01
3.755764148916688328e+01
3.755526851530490262e+01
3.755288819088070795e+01
3.755050057592074353e+01
3.754810573096518311e+01
3.754570371703461973e+01
3.754329459561142102e+01
3.754087842862592339e+01
3.753845527842511132e+01
3.753602520772673756e+01
3.753358827957531219e+01
3.753114455726996113e+01
3.752869410421721597e+01
3.752623698375850836e+01
3.752377325908730654e+01
3.752130299327436802e+01
3.751882624931832311e+01
3.751634309015538804e+01
3.751385357860768721e+01
3.751135777728876519e+01
3.750885574851294280e+01
3.750634755423689626e+01
3.750383325602652462e+01
3.750131291503259234e+01
3.749878659198203223e+01
3.749625434721787087e+01
3.749371624078793275e+01
3.749117233252476211e+01
3.748862268207489734e+01
3.748606734890286418e+01
3.748350639232140225e+01
3.748093987155102269e+01
3.747836784576001889e+01
3.747579037405969160e+01
3.747320751547623274e+01
3.747061932891867997e+01
3.746802587313034394e+01
3.746542720660713144e+01
3.746282338750417296e+01
3.746021447357556866e+01
3.745760052217263336e+01
3.745498159028883833e+01
3.745235773461457995e+01
3.744972901157919409e+01
3.744709547739308420e+01
3.744445718811318358e+01
3.744181419973274672e+01
3.743916656826244349e+01
3.743651434977636683e+01
3.743385760044927224e+01
3.743119637662110222e+01
3.742853073485469650e+01
3.742586073190488349e+01
3.742318642458821643e+01
3.742050786965658205e+01
3.741782512377507430e+01
3.741513824360605867e+01
3.741244728597018820e+01
3.740975230806485285e+01
3.740705336767103972e+01
3.740435052327050158e+01
3.740164383407430648e+01
3.739893336000174173e+01
3.739621916162123227e+01
3.739350130006198469e+01
3.739077983692376250e+01
3.738805483419146469e+01
3.738532635414102856e+01
3.738259445925695701e+01
3.737985921219371477e+01
3.737712067576927666e+01
3.737437891298399251e+01
3.737163398708330675e+01
3.736888596163704790e+01
3.736613490058944365e+01
3.736338086828587990e+01
3.736062392948589661e+01
3.735786414933147626e+01
3.735510159325001212e+01
3.735233632682222549e+01
3.734956841565597330e+01
3.734679792527559528e+01
3.734402492102393722e+01
3.734124946797803801e+01
3.733847163087845900e+01
3.733569147407902733e+01
3.733290906152198119e+01
3.733012445672569868e+01
3.732733772277153861e+01
3.732454892228769694e+01
3.732175811742629179e+01
3.731896536982972634e+01
3.731617074059799677e+01
3.731337429027067287e+01
3.731057607883025184e+01
3.730777616575036149e+01
3.730497461010727278e+01
3.730217147072063710e+01
3.729936680627475454e+01
3.729656067541156972e+01
3.729375313679349091e+01
3.729094424910292105e+01
3.728813407097937471e+01
3.728532266099563230e+01
3.728251007774883874e+01
3.727969638000607944e+01
3.727688162685588935e+01
3.727406587790745363e+01
3.727124919349759580e+01
3.726843163474680409e+01
3.726561326339705005e+01
3.726279414153075464e+01
3.725997433130049075e+01
3.725715389475903550e+01
3.725433289382866775e+01
3.725151139035231296e+01
3.724868944612135380e+01
3.724586712283519319e+01
3.724304448200629736e+01
3.724022158481070477e+01
3.723739849186835471e+01
3.723457526300785503e+01
3.723175195714721042e+01
3.722892863234397254e+01
3.722610534591166243e+01
3.722328215448653310e+01
3.722045911403291285e+01
3.721763627982522848e+01
3.721481370644850273e+01
3.721199144786509549e+01
3.720916955753988731e+01
3.720634808854500619e+01
3.720352709359931964e+01
3.720070662507083625e+01
3.719788673498602805e+01
3.719506747507508493e+01
3.719224889685720825e+01
3.718943105173946861e+01
3.718661399109035415e+01
3.718379776626365896e+01
3.718098242858437175e+01
3.717816802932478737e+01
3.717535461968944333e+01
3.717254225083895847e+01
3.716973097397043801e+01
3.716692084040362687e+01
3.716411190161749545e+01
3.716130420925943412e+01
3.715849781518573280e+01
3.715569277155746164e+01
3.715288913096664913e+01
3.715008694652733823e+01
3.714728627188578969e+01
3.714448716118783977e+01
3.714168966906185432e+01
3.713889385061430204e+01
3.713609976141268731e+01
3.713330745744315919e+01
3.713051699502718606e+01
3.712772843070025885e+01
3.712494182108959961e+01
3.712215722282693520e+01
3.711937469251486732e+01
3.711659428675067574e+01
3.711381606217256035e+01
3.711104007546688166e+01
3.710826638331601401e+01
3.710549504231887141e+01
3.710272610893289880e+01
3.709995963947645237e+01
3.709719569016816365e+01
3.709443431712639949e+01
3.709167557631219125e+01
3.708891952348387377e+01
3.708616621423545467e+01
3.708341570413048061e+01
3.708066804883296896e+01
3.707792330410777737e+01
3.707518152572360037e+01
3.707244276942898153e+01
3.706970709108516360e+01
3.706697454686911186e+01
3.706424519342580481e+01
3.706151908794068106e+01
3.705879628816241222e+01
3.705607685238962290e+01
3.705336083941182324e+01
3.705064830841327961e+01
3.704793931888182357e+01
3.704523393055265501e+01
3.704253220337753305e+01
3.703983419748901440e+01
3.703713997313261785e+01
3.703444959056773911e+01
3.703176310997348253e+01
3.702908059138952268e+01
3.702640209468234644e+01
3.702372767950847532e+01
3.702105740526409505e+01
3.701839133102787827e+01
3.701572951550377155e+01
3.701307201696862847e+01
3.701041889323644796e+01
3.700777020166444231e+01
3.700512599921661661e+01
3.700248634255066094e+01
3.699985128807374224e+01
3.699722089195828545e+01
3.699459521014314589e+01
3.699197429833091633e+01
3.698935821197056839e+01
3.698674700620212263e+01
3.698414073574870287e+01
3.698153945478814109e+01
3.697894321686545283e+01
3.697635207487157771e+01
3.697376608106789320e+01
3.697118528712820762e+01
3.696860974418569157e+01
3.696603950288946550e+01
3.696347461346415741e+01
3.696091512574119520e+01
3.695836108914524942e+01
3.695581255264173137e+01
3.695326956465115131e+01
3.695073217294790169e+01
3.694820042457652676e+01
3.694567436580603470e+01
3.694315404211528886e+01
3.694063949819016557e+01
3.693813077792260913e+01
3.693562792441548481e+01
3.693313097999433126e+01
3.693063998621415323e+01
3.692815498384968009e+01
3.692567601287490220e+01
3.692320311245915576e+01
3.692073632102942327e+01
3.691827567643490937e+01
3.691582121615935108e+01
3.691337297746999013e+01
3.691093099746623096e+01
3.690849531307466691e+01
3.690606596103339854e+01
3.690364297787830594e+01
3.690122639994780940e+01
3.689881626343047571e+01
3.689641260443796966e+01
3.689401545904772917e+01
3.689162486329797730e+01
3.688924085316515544e+01
3.688686346454523601e+01
3.688449273323600863e+01
3.688212869491545831e+01
3.687977138512110997e+01
3.687742083923618708e+01
3.687507709247963561e+01
3.687274017989712860e+01
3.687041013635692366e+01
3.686808699655156829e+01
3.686577079500248999e+01
3.686346156606461477e+01
3.686115934390947046e+01
3.685886416244214558e+01
3.685657605514121116e+01
3.685429505489182134e+01
3.685202119390552866e+01
3.684975450374911787e+01
3.684749501543002026e+01
3.684524275948262328e+01
3.684299776603025833e+01
3.684076006481303978e+01
3.683852968518942106e+01
3.683630665613871003e+01
3.683409100628112043e+01
3.683188276390848870e+01
3.682968195702670755e+01
3.682748861341566737e+01
3.682530276068430908e+01
3.682312442629446281e+01
3.682095363755946238e+01
3.681879042163772198e+01
3.681663480553128664e+01
3.681448681608726048e+01
3.681234647999433207e+01
3.681021382376467699e+01
3.680808887370032778e+01
3.680597165586333119e+01
3.680386219607518683e+01
3.680176051994546782e+01
3.679966665289069994e+01
3.679758062008110642e+01
3.679550244629002975e+01
3.679343215570619208e+01
3.679136977179766888e+01
3.678931531725666559e+01
3.678726881399395410e+01
3.678523028314210563e+01
3.678319974505181733e+01
3.678117721928830974e+01
3.677916272462959313e+01
3.677715627905600826e+01
3.677515789972509452e+01
3.677316760293673070e+01
3.677118540410216241e+01
3.676921131775587526e+01
3.676724535764341795e+01
3.676528753683748363e+01
3.676333786781696489e+01
3.676139636253329002e+01
3.675946303249239833e+01
3.675753788880840034e+01
3.675562094219782239e+01
3.675371220293683194e+01
3.675181168081358152e+01
3.674991938509317180e+01
3.674803532450017940e+01
3.674615950721280910e+01
3.674429194085416839e+01
3.674243263246986402e+01
3.674058158849777556e+01
3.673873881474565195e+01
3.673690431638227949e+01
3.673507809793841972e+01
3.673326016333010813e+01
3.673145051592972266e+01
3.672964915867691360e+01
3.672785609419247521e+01
3.672607132487566872e+01
3.672429485297710272e+01
3.672252668062785119e+01
3.672076680982468844e+01
3.671901524243087778e+01
3.671727198025197936e+01
3.671553702515939221e+01
3.671381037922357393e+01
3.671209204488136635e+01
3.671038202511502391e+01
3.670868032355617316e+01
3.670698694450310029e+01
3.670530189291950052e+01
3.670362517445175143e+01
3.670195679544513467e+01
3.670029676292701737e+01
3.669864508454999452e+01
3.669700176851656437e+01
3.669536682351839119e+01
3.669374025873688794e+01
3.669212208391982699e+01
3.669051230947933107e+01
3.668891094655771923e+01
3.668731800705336354e+01
3.668573350363880081e+01
3.668415744982166160e+01
3.668258986005134403e+01
3.668103074982865053e+01
3.667948013579781730e+01
3.667793803581814416e+01
3.667640446899267914e+01
3.667487945562582041e+01
3.667336301709907787e+01
3.667185517568447750e+01
3.667035595436280460e+01
3.666886537673539692e+01
3.666738346706151219e+01
3.666591025036392182e+01
3.666444575251692584e+01
3.666299000028666910e+01
3.666154302136163068e+01
3.666010484442217177e+01
3.665867549924985980e+01
3.665725501683303378e+01
3.665584342942548091e+01
3.665444077053992089e+01
3.665304707489953984e+01
3.665166237840217178e+01
3.665028671810982530e+01
3.664892013221575695e+01
3.664756265995995221e+01
3.664621434152991242e+01
3.664487521798777436e+01
3.664354533118769552e+01
3.664222472363371708e+01
3.664091343834452630e+01
3.663961151882921996e+01
3.663831900915068474e+01
3.663703595399292112e+01
3.663576239871369467e+01
3.663449838938258551e+01
3.663324397277713729e+01
3.663199919632830159e+01
3.663076410803961380e+01
3.662953875640535273e+01
3.662832319032870743e+01
3.662711745901553684e+01
3.662592161183699346e+01
3.662473569820182462e+01
3.662355976747837616e+01
3.662239386896232674e+01
3.662123805187173531e+01
3.662009236536636791e+01
3.661895685859332161e+01
3.661783158074729272e+01
3.661671658112004479e+01
3.661561190911971408e+01
3.661451761426279461e+01
3.661343374615640300e+01
3.661236035448241211e+01
3.661129748897869973e+01
3.661024519940772137e+01
3.660920353551625794e+01
3.660817254700004497e+01
3.660715228347520878e+01
3.660614279443992558e+01
3.660514412921851601e+01
3.660415633690365667e+01
3.660317946630917874e+01
3.660221356594631459e+01
3.660125868404857385e+01
3.660031486863657335e+01
3.659938216757504392e+01
3.659846062860159321e+01
3.659755029934080994e+01
3.659665122731447440e+01
3.659576345994686619e+01
3.659488704455642250e+01
3.659402202833084061e+01
3.659316845829627596e+01
3.659232638128849402e+01
3.659149584392012144e+01
3.659067689254200673e+01
3.658986957321822331e+01
3.658907393173512190e+01
3.658829001363380229e+01
3.658751786422980956e+01
3.658675752859198127e+01
3.658600905148617954e+01
3.658527247731898058e+01
3.658454785010965082e+01
3.658383521349125544e+01
3.658313461072741291e+01
3.658244608472896431e+01
3.658176967805702873e+01
3.658110543290946026e+01
3.658045339110339711e+01
3.657981359406654320e+01
3.657918608283624451e+01
3.657857089806049089e+01
3.657796807999694266e+01
3.657737766850414118e+01
3.657679970302005756e+01
3.657623422252598999e+01
3.657568126549094245e+01
3.657514086980144441e+01
3.657461307270492057e+01
3.657409791078712402e+01
3.657359541997301733e+01
3.657310563553531324e+01
3.657262859210307226e+01
3.657216432366344350e+01
3.657171286355558237e+01
3.657127424446067465e+01
3.657084849839775131e+01
3.657043565674289454e+01
3.657003575027663800e+01
3.656964880924113714e+01
3.656927486338557287e+01
3.656891394198918022e+01
3.656856607386277602e+01
3.656823128733961425e+01
3.656790961025937037e+01
3.656760106993549897e+01
3.656730569310025913e+01
3.656702350585257477e+01
3.656675453367893880e+01
3.656649880158732202e+01
3.656625633426929767e+01
3.656602715616374155e+01
3.656581129140365505e+01
3.656560876372297031e+01
3.656541959639068295e+01
3.656524381218191877e+01
3.656508143336171202e+01
3.656493248166379573e+01
3.656479697826945596e+01
3.656467494379897687e+01
3.656456639831384337e+01
3.656447136131589559e+01
3.656438985173879530e+01
3.656432188793934301e+01
3.656426748769766277e+01
3.656422666822700052e+01
3.656419944618747309e+01
3.656418583769976038e+01
3.656418585836173207e+01
3.656419952326596245e+01
3.656422684700559955e+01
3.656426784366070848e+01
3.656432252676800942e+01
3.656439090928187596e+01
3.656447300354501806e+01
3.656456882129712938e+01
3.656467837372641583e+01
3.656480167152493266e+01
3.656493872490890595e+01
3.656508954360779740e+01
3.656525413684169479e+01
3.656543251328407251e+01
3.656562468099625107e+01
3.656583064733653998e+01
3.656605041886739826e+01
3.656628400128789735e+01
3.656653139940414832e+01
3.656679261713284745e+01
3.656706765751940935e+01
3.656735652274531390e+01
3.656765921412380038e+01
3.656797573211503050e+01
3.656830607636453578e+01
3.656865024572906719e+01
3.656900823827700719e+01
3.656938005128007063e+01
3.656976568120496296e+01
3.657016512370888250e+01
3.657057837365452002e+01
3.657100542515910746e+01
3.657144627166000816e+01
3.657190090595691601e+01
3.657236932021507414e+01
3.657285150594701406e+01
3.657334745399334253e+01
3.657385715450931229e+01
3.657438059695624588e+01
3.657491777010074685e+01
3.657546866202851277e+01
3.657603326016978684e+01
3.657661155132481667e+01
3.657720352167947908e+01
3.657780915679568068e+01
3.657842844156265016e+01
3.657906136014051413e+01
3.657970789595736250e+01
3.658036803176572249e+01
3.658104174969612643e+01
3.658172903125704067e+01
3.658242985728803376e+01
3.658314420790124188e+01
3.658387206243155987e+01
3.658461339939558599e+01
3.658536819645641458e+01
3.658613643038058427e+01
3.658691807695313258e+01
3.658771311085655498e+01
3.658852150558877980e+01
3.658934323346384332e+01
3.659017826565157350e+01
3.659102657220354615e+01
3.659188812207616337e+01
3.659276288319750847e+01
3.659365082257414770e+01
3.659455190636863620e+01
3.659546609989522636e+01
3.659639336754737116e+01
3.659733367272712456e+01
3.659828697784563900e+01
3.659925324438501804e+01
3.660023243296502926e+01
3.660122450339808609e+01
3.660222941474030733e+01
3.660324712533189739e+01
3.660427759282184468e+01
3.660532077417901320e+01
3.660637662567786776e+01
3.660744510285984887e+01
3.660852616054145869e+01
3.660961975294117110e+01
3.661072583386575019e+01
3.661184435682545057e+01
3.661297527503032256e+01
3.661411854133881150e+01
3.661527410827839901e+01
3.661644192818991428e+01
3.661762195346050675e+01
3.661881413677802755e+01
3.662001843133275969e+01
3.662123479095291145e+01
3.662246317021087094e+01
3.662370352450508904e+01
3.662495581010586676e+01
3.662621998415346525e+01
3.662749600458305110e+01
3.662878382997276105e+01
3.663008341936145484e+01
3.663139473211719377e+01
3.663271772791864578e+01
3.663405236682996957e+01
3.663539860938157489e+01
3.663675641660216087e+01
3.663812575004091343e+01
3.663950657185114324e+01
3.664089884493426297e+01
3.664230253306523366e+01
3.664371760093816022e+01
3.664514401415041789e+01
3.664658173917612771e+01
3.664803074333566713e+01
3.664949099473985683e+01
3.665096246221856546e+01
3.665244511526091742e+01
3.665393892396139819e+01
3.665544385894546764e+01
3.665695989128052190e+01
3.665848699241023212e+01
3.666002513412783514e+01
3.666157428855717626e+01
3.666313442810650258e+01
3.666470552539880856e+01
3.666628755321003297e+01
3.666788048443148540e+01
3.666948429204304460e+01
3.667109894908539758e+01
3.667272442863796300e+01
3.667436070380185953e+01
3.667600774767198146e+01
3.667766553328869605e+01
3.667933403357096012e+01
3.668101322124655184e+01
3.668270306880368281e+01
3.668440354846498508e+01
3.668611463216053892e+01
3.668783629148917669e+01
3.668956849767391759e+01
3.669131122152521840e+01
3.669306443343143798e+01
3.669482810337364498e+01
3.669660220093362568e+01
3.669838669527746333e+01
3.670018155512455138e+01
3.670198674871462430e+01
3.670380224377765188e+01
3.670562800750573729e+01
3.670746400652004127e+01
3.670931020682610324e+01
3.671116657376515491e+01
3.671303307198886756e+01
3.671490966547884938e+01
3.671679631759439388e+01
3.671869299110850449e+01
3.672059964821277589e+01
3.672251625049590018e+01
3.672444275890466514e+01
3.672637913370591178e+01
3.672832533447864733e+01
3.673028132013536862e+01
3.673224704893659975e+01
3.673422247848878897e+01
3.673620756574709389e+01
3.673820226702691372e+01
3.674020653801444780e+01
3.674222033377523644e+01
3.674424360876082574e+01
3.674627631681047291e+01
3.674831841114508535e+01
3.675036984434746756e+01
3.675243056832410105e+01
3.675450053424347630e+01
3.675657969245206402e+01
3.675866799239019400e+01
3.676076538253332160e+01
3.676287181036440188e+01
3.676498722237160877e+01
3.676711156406160086e+01
3.676924477997768292e+01
3.677138681371594231e+01
3.677353760793848636e+01
3.677569710438961437e+01
3.677786524392556089e+01
3.678004196655886204e+01
3.678222721150368812e+01
3.678442091721336737e+01
3.678662302140620000e+01
3.678883346107370755e+01
3.679105217248600468e+01
3.679327909121756335e+01
3.679551415218270449e+01
3.679775728965065440e+01
3.680000843723131965e+01
3.680226752785040389e+01
3.680453449373904107e+01
3.680680926643419326e+01
3.680909177674490707e+01
3.681138195465037910e+01
3.681367972916297759e+01
3.681598502822527763e+01
3.681829777866753517e+01
3.682061790619728470e+01
3.682294533537816505e+01
3.682527998956301474e+01
3.682762179077725051e+01
3.682997065960611138e+01
3.683232651515596245e+01
3.683468927509349555e+01
3.683705885570437033e+01
3.683943517195093165e+01
3.684181813758342372e+01
3.684420766531459890e+01
3.684660366696304834e+01
3.684900605349820779e+01
3.685141473501128218e+01
3.685382962065698109e+01
3.685625061860002916e+01
3.685867763599780744e+01
3.686111057903555377e+01
3.686354935300046520e+01
3.686599386237050879e+01
3.686844401092549361e+01
3.687089970189526866e+01
3.687336083810686915e+01
3.687582732209273928e+01
3.687829905618328752e+01
3.688077594260049352e+01
3.688325788353098034e+01
3.688574478118061251e+01
3.688823653783883572e+01
3.689073305596048868e+01
3.689323423825544523e+01
3.689573998778506336e+01
3.689825020804984490e+01
3.690076480303912376e+01
3.690328367725052061e+01
3.690580673570546821e+01
3.690833388397943793e+01
3.691086502826811255e+01
3.691340007545066726e+01
3.691593893305660856e+01
3.691848150914685789e+01
3.692102771225331992e+01
3.692357745148790826e+01
3.692613063676456875e+01
3.692868717897550823e+01
3.693124699004761879e+01
3.693380998293946504e+01
3.693637607166748893e+01
3.693894517136143207e+01
3.694151719827204516e+01
3.694409206973880799e+01
3.694666970421223340e+01
3.694925002134044689e+01
3.695183294205089197e+01
3.695441838857942685e+01
3.695700628441077384e+01
3.695959655412447376e+01
3.696218912324184203e+01
3.696478391819655229e+01
3.696738086641636301e+01
3.696997989639502435e+01
3.697258093769702469e+01
3.697518392093112283e+01
3.697778877774531026e+01
3.698039544088705100e+01
3.698300384432292987e+01
3.698561392333493103e+01
3.698822561453197721e+01
3.699083885581757158e+01
3.699345358637989989e+01
3.699606974670628290e+01
3.699868727858979156e+01
3.700130612511055972e+01
3.700392623059178732e+01
3.700654754055765494e+01
3.700917000172728422e+01
3.701179356204087156e+01
3.701441817069842699e+01
3.701704377820248482e+01
3.701967033638417348e+01
3.702229779836212487e+01
3.702492611837767100e+01
3.702755525155011185e+01
3.703018515369241470e+01
3.703281578124381923e+01
3.703544709127157830e+01
3.703807904149314112e+01
3.704071159025746596e+01
3.704334469643470129e+01
3.704597831926504625e+01
3.704861241826011309e+01
3.705124695317159222e+01
3.705388188398806903e+01
3.705651717092511888e+01
3.705915277437928523e+01
3.706178865485091478e+01
3.706442477287285442e+01
3.706706108895958351e+01
3.706969756355244527e+01
3.707233415692495271e+01
3.707497082903642394e+01
3.707760753935941267e+01
3.708024424672068164e+01
3.708288090918702551e+01
3.708551748401050219e+01
3.708815392763115426e+01
3.709079019571477431e+01
3.709342624319069870e+01
3.709606202426616761e+01
3.709869749241642722e+01
3.710133260036888458e+01
3.710396730009416189e+01
3.710660154278736655e+01
3.710923527882503237e+01
3.711186845771813125e+01
3.711450102809239127e+01
3.711713293769392408e+01
3.711976413339197478e+01
3.712239456117379888e+01
3.712502416615229350e+01
3.712765289258622659e+01
3.713028068388490510e+01
3.713290748257877283e+01
3.713553323027339559e+01
3.713815786762395987e+01
3.714078133434383489e+01
3.714340356922386377e+01
3.714602451014484785e+01
3.714864409409484836e+01
3.715126225719729547e+01
3.715387893473707948e+01
3.715649406116815356e+01
3.715910757008219889e+01
3.716171939413636238e+01
3.716432946497316436e+01
3.716693771316680284e+01
3.716954406820249091e+01
3.717214845847726679e+01
3.717475081131835424e+01
3.717735105301998999e+01
3.717994910885885673e+01
3.718254490302771842e+01
3.718513835849397253e+01
3.718772939687583090e+01
3.719031793845091016e+01
3.719290390233437194e+01
3.719548720677003928e+01
3.719806776946828109e+01
3.720064550790490898e+01
3.720322033947498142e+01
3.720579218148196077e+01
3.720836095104504437e+01
3.721092656501336648e+01
3.721348893991034146e+01
3.721604799187998225e+01
3.721860363661278370e+01
3.722115578925794921e+01
3.722370436433466523e+01
3.722624927564535113e+01
3.722879043620442019e+01
3.723132775821293450e+01
3.723386115310624689e+01
3.723639053167180180e+01
3.723891580415334346e+01
3.724143688022257948e+01
3.724395366883987180e+01
3.724646607816264776e+01
3.724897401560768628e+01
3.725147738806250430e+01
3.725397610215125610e+01
3.725647006444613396e+01
3.725895918163195120e+01
3.726144336066302287e+01
3.726392250887422364e+01
3.726639653403749719e+01
3.726886534439501730e+01
3.727132884865726936e+01
3.727378695595245972e+01
3.727623957575740121e+01
3.727868661785959148e+01
3.728112799238555652e+01
3.728356360988758667e+01
3.728599338145781417e+01
3.728841721886178817e+01
3.729083503467980876e+01
3.729324674239764903e+01
3.729565225640958204e+01
3.729805149199712844e+01
3.730044436537688313e+01
3.730283079381273836e+01
3.730521069569981307e+01
3.730758399055876851e+01
3.730995059897074384e+01
3.731231044252983509e+01
3.731466344383935763e+01
3.731700952650238179e+01
3.731934861507029666e+01
3.732168063497975652e+01
3.732400551251397047e+01
3.732632317477955297e+01
3.732863354967859237e+01
3.733093656587966791e+01
3.733323215281622964e+01
3.733552024073461695e+01
3.733780076074893373e+01
3.734007364483554170e+01
3.734233882580709007e+01
3.734459623736839262e+01
3.734684581424051686e+01
3.734908749223713897e+01
3.735132120823570290e+01
3.735354690008237100e+01
3.735576450649794111e+01
3.735797396702861306e+01
3.736017522204346619e+01
3.736236821275931419e+01
3.736455288126548169e+01
3.736672917051263454e+01
3.736889702425187920e+01
3.737105638694174559e+01
3.737320720365130455e+01
3.737534942000029758e+01
3.737748298217529452e+01
3.737960783701885958e+01
3.738172393213728384e+01
3.738383121596546488e+01
3.738592963776849132e+01
3.738801914759255141e+01
3.739009969619447560e+01
3.739217123498973905e+01
3.739423371604341639e+01
3.739628709210392543e+01
3.739833131666415511e+01
3.740036634403808335e+01
3.740239212947843583e+01
3.740440862935367505e+01
3.740641580132800925e+01
3.740841360444396457e+01
3.741040199903253693e+01
3.741238094647438572e+01
3.741435040893271236e+01
3.741631034913590526e+01
3.741826073020104815e+01
3.742020151551692209e+01
3.742213266872732191e+01
3.742405415376991584e+01
3.742596593487809997e+01
3.742786797652541253e+01
3.742976024337190211e+01
3.743164270025823015e+01
3.743351531221050976e+01
3.743537804439549888e+01
3.743723086204168737e+01
3.743907373039650111e+01
3.744090661475841131e+01
3.744272948056762118e+01
3.744454229352398755e+01
3.744634501970789842e+01
3.744813762566218429e+01
3.744992007839418591e+01
3.745169234531062585e+01
3.745345439416414024e+01
3.745520619310121901e+01
3.745694771080941621e+01
3.745867891668126504e+01
3.746039978094494671e+01
3.746211027475709443e+01
3.746381037023711258e+01
3.746550004042359916e+01
3.746717925919084990e+01
3.746884800117705083e+01
3.747050624172128153e+01
3.747215395680051131e+01
3.747379112299390158e+01
3.747541771749486372e+01
3.747703371816107420e+01
3.747863910358891104e+01
3.748023385321614853e+01
3.748181794745191553e+01
3.748339136780084857e+01
3.748495409694147895e+01
3.748650611874521843e+01
3.748804741825637166e+01
3.748957798167511157e+01
3.749109779634729733e+01
3.749260685072795951e+01
3.749410513433027603e+01
3.749559263769103268e+01
3.749706935232449467e+01
3.749853527061971192e+01
3.749999038570868493e+01
3.750143469138613739e+01
3.750286818211798590e+01
3.750429085308486066e+01
3.750570270018376107e+01
3.750710371998201254e+01
3.750849390965272079e+01
3.750987326688004941e+01
3.751124178972847290e+01
3.751259947652664550e+01
3.751394632582825750e+01
3.751528233647518817e+01
3.751660750773277186e+01
3.751792183942014702e+01
3.751922533197350873e+01
3.752051798646058245e+01
3.752179980463608899e+01
3.752307078908096116e+01
3.752433094335232511e+01
3.752558027205648727e+01
3.752681878082654521e+01
3.752804647624054013e+01
3.752926336574746813e+01
3.753046945765270692e+01
3.753166476115602990e+01
3.753284928639357787e+01
3.753402304443892490e+01
3.753518604725736196e+01
3.753633830763982360e+01
3.753747983914261255e+01
3.753861065604856861e+01
3.753973077335557917e+01
3.754084020677770894e+01
3.754193897272107705e+01
3.754302708820417678e+01
3.754410457072758334e+01
3.754517143814467772e+01
3.754622770862584247e+01
3.754727340075129405e+01
3.754830853365070453e+01
3.754933312709797377e+01
3.755034720152425365e+01
3.755135077793742937e+01
3.755234387777737481e+01
3.755332652277699879e+01
3.755429873487305770e+01
3.755526053615103876e+01
3.755621194880176006e+01
3.755715299510525540e+01
3.755808369747411746e+01
3.755900407857279788e+01
3.755991416148955864e+01
3.756081396989964816e+01
3.756170352816227620e+01
3.756258286132993618e+01
3.756345199510122512e+01
3.756431095577954693e+01
3.756515977024932340e+01
3.756599846590747660e+01
3.756682707051306380e+01
3.756764561202034969e+01
3.756845411849862160e+01
3.756925261815527506e+01
3.757004113938130985e+01
3.757081971076079441e+01
3.757158836107159061e+01
3.757234711933770654e+01
3.757309601495961715e+01
3.757383507788158283e+01
3.757456433872687285e+01
3.757528382887551288e+01
3.757599358049041172e+01
3.757669362647144595e+01
3.757738400032381065e+01
3.757806473600888353e+01
3.757873586787982134e+01
3.757939743071651861e+01
3.758004945977720723e+01
3.758069199080226497e+01
3.758132506000638529e+01
3.758194870411946908e+01
3.758256296046258171e+01
3.758316786701323764e+01
3.758376346243073129e+01
3.758434978599870391e+01
3.758492687746639405e+01
3.758549477688116269e+01
3.758605352453498227e+01
3.758660316102007926e+01
3.758714372731375164e+01
3.758767526488662014e+01
3.758819781586254294e+01
3.758871142316385772e+01
3.758921613053688304e+01
3.758971198245274792e+01
3.759019902395365165e+01
3.759067730049527967e+01
3.759114685780478027e+01
3.759160774177775721e+01
3.759205999844537160e+01
3.759250367400578341e+01
3.759293881486922828e+01
3.759336546767290343e+01
3.759378367926567677e+01
3.759419349669185806e+01
3.759459496718371696e+01
3.759498813813451790e+01
3.759537305702682630e+01
3.759574977132763252e+01
3.759611832837673262e+01
3.759647877528968252e+01
3.759683115889195903e+01
3.759717552568140775e+01
3.759751192180232948e+01
3.759784039301089109e+01
3.759816098460734679e+01
3.759847374133619269e+01
3.759877870728338678e+01
3.759907592578623081e+01
3.759936543935400266e+01
3.759964728960028424e+01
3.759992151718405751e+01
3.760018816175470846e+01
3.760044726190776032e+01
3.760069885515428467e+01
3.760094297789223106e+01
3.760117966537681866e+01
3.760140895170359698e+01
3.760163086981195590e+01
3.760184545149648017e+01
3.760205272740659410e+01
3.760225272702675170e+01
3.760244547863324271e+01
3.760263100922471580e+01
3.760280934444884338e+01
3.760298050856692953e+01
3.760314452446243649e+01
3.760330141365141543e+01
3.760345119626470733e+01
3.760359389100973004e+01
3.760372951513027573e+01
3.760385808437417410e+01
3.760397961296774128e+01
3.760409411359610488e+01
3.760420159740007762e+01
3.760430207399937075e+01
3.760439555153137547e+01
3.760448203668512690e+01
3.760456153472255636e+01
3.760463404948715294e+01
3.760469958339113816e+01
3.760475813737645012e+01
3.760480971087560675e+01
3.760485430180484201e+01
3.760489190657472136e+01
3.760492252008131686e+01
3.760494613567789202e+01
3.760496274515342208e+01
3.760497233872866474e+01
3.760497490506393348e+01
3.760497043127465844e+01
3.760495890295088373e+01
3.760494030417476807e+01
3.760491461754207165e+01
3.760488182419820902e+01
3.760484190388115877e+01
3.760479483495071662e+01
3.760474059440222305e+01
3.760467915789195104e+01
3.760461049978685821e+01
3.760453459319392522e+01
3.760445140992713675e+01
3.760436092045305401e+01
3.760426309391333888e+01
3.760415789830023670e+01
3.760404530074507079e+01
3.760392526778237965e+01
3.760379776551765474e+01
3.760366275973171923e+01
3.760352021596474970e+01
3.760337009958657006e+01
3.760321237585340981e+01
3.760304700997242122e+01
3.760287396717497899e+01
3.760269321277050381e+01
3.760250471216721024e+01
3.760230843085288654e+01
3.760210433434163235e+01
3.760189238812737500e+01
3.760167255767740357e+01
3.760144480845313808e+01
3.760120910593386157e+01
3.760096541564335126e+01
3.760071370317561446e+01
3.760045393419326842e+01
3.760018607441141114e+01
3.759991008962920489e+01
3.759962594580915862e+01
3.759933360914576639e+01
3.759903304613510500e+01
3.759872422365906885e+01
3.759840710900922289e+01
3.759808166984247180e+01
3.759774787416984054e+01
3.759740569040084779e+01
3.759705508736544033e+01
3.759669603429507845e+01
3.759632850081250410e+01
3.759595245689533272e+01
3.759556787271294809e+01
3.759517471839723157e+01
3.759477296397982826e+01
3.759436257958657990e+01
3.759394353569537373e+01
3.759351580326238462e+01
3.759307935372957843e+01
3.759263415900102956e+01
3.759218019144357470e+01
3.759171742393719740e+01
3.759124582994783026e+01
3.759076538358554131e+01
3.759027605965007979e+01
3.758977783366961489e+01
3.758927068194239496e+01
3.758875458159795357e+01
3.758822951064851736e+01
3.758769544797424089e+01
3.758715237323439595e+01
3.758660026674354526e+01
3.758603910934476033e+01
3.758546888228774208e+01
3.758488956710892381e+01
3.758430114551350698e+01
3.758370359926431803e+01
3.758309691008733466e+01
3.758248105961994412e+01
3.758185602943042625e+01
3.758122180108222210e+01
3.758057835617388776e+01
3.757992567635565706e+01
3.757926374339862008e+01
3.757859253931070498e+01
3.757791204639420357e+01
3.757722224720005499e+01
3.757652312444317744e+01
3.757581466096557676e+01
3.757509683976372372e+01
3.757436964404128332e+01
3.757363305728620162e+01
3.757288706336927220e+01
3.757213164662028504e+01
3.757136679187983930e+01
3.757059248455018263e+01
3.756980871064125438e+01
3.756901545680594268e+01
3.756821271036080390e+01
3.756740045927172389e+01
3.756657869208112288e+01
3.756574739779330940e+01
3.756490656574622022e+01
3.756405618545974079e+01
3.756319624651042943e+01
3.756232673854644588e+01
3.756144765142138198e+01
3.756055897530958276e+01
3.755966070074358498e+01
3.755875281859013626e+01
3.755783532001265002e+01
3.755690819649309020e+01
3.755597143990348741e+01
3.755502504253764329e+01
3.755406899711547908e+01
3.755310329685171666e+01
3.755212793553825179e+01
3.755114290750471184e+01
3.755014820748849047e+01
3.754914383057978711e+01
3.754812977230788107e+01
3.754710602877326409e+01
3.754607259671835351e+01
3.754502947351448938e+01
3.754397665707391241e+01
3.754291414570334240e+01
3.754184193794392144e+01
3.754076003246569826e+01
3.753966842808880244e+01
3.753856712392830985e+01
3.753745611954595063e+01
3.753633541499958426e+01
3.753520501080008387e+01
3.753406490786149163e+01
3.753291510750276672e+01
3.753175561148364636e+01
3.753058642202397976e+01
3.752940754179090987e+01
3.752821897388904659e+01
3.752702072189440230e+01
3.752581278988451885e+01
3.752459518235657043e+01
3.752336790404804390e+01
3.752213095979445967e+01
3.752088435448944637e+01
3.751962809309147673e+01
3.751836218060928729e+01
3.751708662208824308e+01
3.751580142267854967e+01
3.751450658778627201e+01
3.751320212319809144e+01
3.751188803509209180e+01
3.751056432997450685e+01
3.750923101466911191e+01
3.750788809641768751e+01
3.750653558300285084e+01
3.750517348279500141e+01
3.750380180475440284e+01
3.750242055846933908e+01
3.750102975420796270e+01
3.749962940287172586e+01
3.749821951579978219e+01
3.749680010451307766e+01
3.749537118054701779e+01
3.749393275542739445e+01
3.749248484069501330e+01
3.749102744784948982e+01
3.748956058816059311e+01
3.748808427242695984e+01
3.748659851088392259e+01
3.748510331337919865e+01
3.748359868968982767e+01
3.748208464982548804e+01
3.748056120432215010e+01
3.747902836449082997e+01
3.747748614252130039e+01
3.747593455150004615e+01
3.747437360544386564e+01
3.747280331929836450e+01
3.747122370883619169e+01
3.746963479049286150e+01
3.746803658121050518e+01
3.746642909832438306e+01
3.746481235948745336e+01
3.746318638262223288e+01
3.746155118591064337e+01
3.745990678781798522e+01
3.745825320710424933e+01
3.745659046279063631e+01
3.745491857411538206e+01
3.745323756052466990e+01
3.745154744171124861e+01
3.744984823771837767e+01
3.744813996909735465e+01
3.744642265704066375e+01
3.744469632346162768e+01
3.744296099107010178e+01
3.744121668342878451e+01
3.743946342492277068e+01
3.743770124066778493e+01
3.743593015643305222e+01
3.743415019860604076e+01
3.743236139419232700e+01
3.743056377082027097e+01
3.742875735671267989e+01
3.742694218063599720e+01
3.742511827187781392e+01
3.742328566027988757e+01
3.742144437631209541e+01
3.741959445114542149e+01
3.741773591668697208e+01
3.741586880557605355e+01
3.741399315112958845e+01
3.741210898719403133e+01
3.741021634795445294e+01
3.740831526786734429e+01
3.740640578178629738e+01
3.740448792518318299e+01
3.740256173437709464e+01
3.740062724673899197e+01
3.739868450083984186e+01
3.739673353653154919e+01
3.739477439496265987e+01
3.739280711853465533e+01
3.739083175081829324e+01
3.738884833643395211e+01
3.738685692089786983e+01
3.738485755048591841e+01
3.738285027218999090e+01
3.738083513378440159e+01
3.737881218394981886e+01
3.737678147238550252e+01
3.737474304987188134e+01
3.737269696829221743e+01
3.737064328063188157e+01
3.736858204094649949e+01
3.736651330430862572e+01
3.736443712678467932e+01
3.736235356544982977e+01
3.736026267838251158e+01
3.735816452459746984e+01
3.735605916392633929e+01
3.735394665688453131e+01
3.735182706456440371e+01
3.734970044858015115e+01
3.734756687109544515e+01
3.734542639493192695e+01
3.734327908368753413e+01
3.734112500180796701e+01
3.733896421463096260e+01
3.733679678845981442e+01
3.733462279068163525e+01
3.733244228986918500e+01
3.733025535581244725e+01
3.732806205949771083e+01
3.732586247305057015e+01
3.732365666962148509e+01
3.732144472320801754e+01
3.731922670844688383e+01
3.731700270042941980e+01
3.731477277458812836e+01
3.731253700667286211e+01
3.731029547280012082e+01
3.730804824952371490e+01
3.730579541388110698e+01
3.730353704344567944e+01
3.730127321643634986e+01
3.729900401186043979e+01
3.729672950964186384e+01
3.729444979072111011e+01
3.729216493712308278e+01
3.728987503199277853e+01
3.728758015959790129e+01
3.728528040529636201e+01
3.728297585548922655e+01
3.728066659758726331e+01
3.727835271999410338e+01
3.727603431209423235e+01
3.727371146423711679e+01
3.727138426770282820e+01
3.726905281463944419e+01
3.726671719799845306e+01
3.726437751150822919e+01
3.726203384968152932e+01
3.725968630781916602e+01
3.725733498198931670e+01
3.725497996899218123e+01
3.725262136634322019e+01
3.725025927230799283e+01
3.724789378596913281e+01
3.724552500726024817e+01
3.724315303694038448e+01
3.724077797654606314e+01
3.723839992835603141e+01
3.723601899536769366e+01
3.723363528127354272e+01
3.723124889043661057e+01
3.722885992786691389e+01
3.722646849918524481e+01
3.722407471056453687e+01
3.722167866868198161e+01
3.721928048071592343e+01
3.721688025434764313e+01
3.721447809770666737e+01
3.721207411928584463e+01
3.720966842789933082e+01
3.720726113269996205e+01
3.720485234322097057e+01
3.720244216937395265e+01
3.720003072133566491e+01
3.719761810936089574e+01
3.719520444361962319e+01
3.719278983407612316e+01
3.719037439039139770e+01
3.718795822187142619e+01
3.718554143746314367e+01
3.718312414575915170e+01
3.718070645497132887e+01
3.717828847283909965e+01
3.717587030646373591e+01
3.717345206210950437e+01
3.717103384503597141e+01
3.716861575939854845e+01
3.716619790820254821e+01
3.716378039327483407e+01
3.716136331524322145e+01
3.715894677354418718e+01
3.715653086647915870e+01
3.715411569130893099e+01
3.715170134434995219e+01
3.714928792105115463e+01
3.714687551604932736e+01
3.714446422319626606e+01
3.714205413554987700e+01
3.713964534534090234e+01
3.713723794394162780e+01
3.713483202184821153e+01
3.713242766866489575e+01
3.713002497307764571e+01
3.712762402281790486e+01
3.712522490462251312e+01
3.712282770418875799e+01
3.712043250612646972e+01
3.711803939391986518e+01
3.711564844990304834e+01
3.711325975524230358e+01
3.711087338992326323e+01
3.710848943274391587e+01
3.710610796132223754e+01
3.710372905212908989e+01
3.710135278052411678e+01
3.709897922074969046e+01
3.709660844587714479e+01
3.709424052774424041e+01
3.709187553690821204e+01
3.708951354260560862e+01
3.708715461271410163e+01
3.708479881372402076e+01
3.708244621072449831e+01
3.708009686741203126e+01
3.707775084615058603e+01
3.707540820811948379e+01
3.707306901351477535e+01
3.707073332169998992e+01
3.706840119125655519e+01
3.706607267997472377e+01
3.706374784483875118e+01
3.706142674202465059e+01
3.705910942690285736e+01
3.705679595404183857e+01
3.705448637721950433e+01
3.705218074943653761e+01
3.704987912290054197e+01
3.704758154895752398e+01
3.704528807799126611e+01
3.704299875932168362e+01
3.704071364110518516e+01
3.703843277023688785e+01
3.703615619229577050e+01
3.703388395160274627e+01
3.703161609139177557e+01
3.702935265399362663e+01
3.702709368095722908e+01
3.702483921311657866e+01
3.702258929062636383e+01
3.702034395297621927e+01
3.701810323898641997e+01
3.701586718677729948e+01
3.701363583371136201e+01
3.701140921633053438e+01
3.700918737031192762e+01
3.700697033044399831e+01
3.700475813061250108e+01
3.700255080379226769e+01
3.700034838205354504e+01
3.699815089658689260e+01
3.699595837773289730e+01
3.699377085500022133e+01
3.699158835706705872e+01
3.698941091177482576e+01
3.698723854612958917e+01
3.698507128631813856e+01
3.698290915773181808e+01
3.698075218498939876e+01
3.697860039195798976e+01
3.697645380177487340e+01
3.697431243686063596e+01
3.697217631889422051e+01
3.697004546873254327e+01
3.696791990630470792e+01
3.696579965053933137e+01
3.696368471935421240e+01
3.696157512968206760e+01
3.695947089748939618e+01
3.695737203777976987e+01
3.695527856459809612e+01
3.695319049104458742e+01
3.695110782929848625e+01
3.694903059066029982e+01
3.694695878563783964e+01
3.694489242408386787e+01
3.694283151533277021e+01
3.694077606827104177e+01
3.693872609134043472e+01
3.693668159251296856e+01
3.693464257925901251e+01
3.693260905851446552e+01
3.693058103665566705e+01
3.692855851948893076e+01
3.692654151224688519e+01
3.692453001957409242e+01
3.692252404549803657e+01
3.692052359341573720e+01
3.691852866614065931e+01
3.691653926599938274e+01
3.691455539490679172e+01
3.691257705438083292e+01
3.691060424550960306e+01
3.690863696888719403e+01
3.690667522454665317e+01
3.690471901191823179e+01
3.690276832978955923e+01
3.690082317623080144e+01
3.689888354851974839e+01
3.689694944314582870e+01
3.689502085590373071e+01
3.689309778200549772e+01
3.689118021616244647e+01
3.688926815264661485e+01
3.688736158534049281e+01
3.688546050777803487e+01
3.688356491319238017e+01
3.688167479456171804e+01
3.687979014462389671e+01
3.687791095586869972e+01
3.687603722055438737e+01
3.687416893077492830e+01
3.687230607854376530e+01
3.687044865582986120e+01
3.686859665454205981e+01
3.686675006654664344e+01
3.686490888376660280e+01
3.686307309828683287e+01
3.686124270238523337e+01
3.685941768850927502e+01
3.685759804925256589e+01
3.685578377735082256e+01
3.685397486568187020e+01
3.685217130724794288e+01
3.685037309513079862e+01
3.684858022242244147e+01
3.684679268215293035e+01
3.684501046724349038e+01
3.684323357048785397e+01
3.684146198453847632e+01
3.683969570187912979e+01
3.683793471478382742e+01
3.683617901527182426e+01
3.683442859506655509e+01
3.683268344555940388e+01
3.683094355777633666e+01
3.682920892234465526e+01
3.682747952946156289e+01
3.682575536887740242e+01
3.682403642989836356e+01
3.682232270138721475e+01
3.682061417173869700e+01
3.681891082883543476e+01
3.681721266001653703e+01
3.681551965209384747e+01
3.681383179140821227e+01
3.681214906387201324e+01
3.681047145497279161e+01
3.680879894976028766e+01
3.680713153283932826e+01
3.680546918837433878e+01
3.680381190009587300e+01
3.680215965129151812e+01
3.680051242477825468e+01
3.679887020286317068e+01
3.679723296729049054e+01
3.679560069917690157e+01
3.679397337894987885e+01
3.679235098630145728e+01
3.679073350017034016e+01
3.678912089876195779e+01
3.678751315958801626e+01
3.678591025949042148e+01
3.678431217463504055e+01
3.678271888047714810e+01
3.678113035170063227e+01
3.677954656214644302e+01
3.677796748476244915e+01
3.677639309159618364e+01
3.677482335382653389e+01
3.677325824181193781e+01
3.677169772513087054e+01
3.677014177260957695e+01
3.676859035235374051e+01
3.676704343179668655e+01
3.676550097774564563e+01
3.676396295639388256e+01
3.676242933330168938e+01
3.676090007337734988e+01
3.675937514087271296e+01
3.675785449939044724e+01
3.675633811189711508e+01
3.675482594072555997e+01
3.675331794755096126e+01
3.675181409334643234e+01
3.675031433833765959e+01
3.674881864199159054e+01
3.674732696305481028e+01
3.674583925957829678e+01
3.674435548888075687e+01
3.674287560751491810e+01
3.674139957129709444e+01
3.673992733537578204e+01
3.673845885435178360e+01
3.673699408253280296e+01
3.673553297427667985e+01
3.673407548426055769e+01
3.673262156765463260e+01
3.673117118028415007e+01
3.672972427879145130e+01
3.672828082076776468e+01
3.672684076483438531e+01
3.672540407066242096e+01
3.672397069895267663e+01
3.672254061141936177e+01
3.672111377079622940e+01
3.671969014084660188e+01
3.671826968634900368e+01
3.671685237305462124e+01
3.671543816765536405e+01
3.671402703779199328e+01
3.671261895206405512e+01
3.671121387998435637e+01
3.670981179189060839e+01
3.670841265891251481e+01
3.670701645304605165e+01
3.670562314724816133e+01
3.670423271547501542e+01
3.670284513268903481e+01
3.670146037486787804e+01
3.670007841902413759e+01
3.669869924323865717e+01
3.669732282669193069e+01
3.669594914968277521e+01
3.669457819365000972e+01
3.669320994121742530e+01
3.669184437627870921e+01
3.669048148411358312e+01
3.668912125147465275e+01
3.668776366661096233e+01
3.668640871929059699e+01
3.668505640087386155e+01
3.668370670438750381e+01
3.668235962454048149e+01
3.668101515769875931e+01
3.667967330187475028e+01
3.667833405675473557e+01
3.667699742374578165e+01
3.667566340601386088e+01
3.667433200849370678e+01
3.667300323787437577e+01
3.667167710257692903e+01
3.667035361271950222e+01
3.666903278006579825e+01
3.666771461798528264e+01
3.666639914144839452e+01
3.666508636704516988e+01
3.666377631300677820e+01
3.666246899922022351e+01
3.666116444722747758e+01
3.665986268020995453e+01
3.665856372298181753e+01
3.665726760200366385e+01
3.665597434539041899e+01
3.665468398288898300e+01
3.665339654583836904e+01
3.665211206713373571e+01
3.665083058121375359e+01
3.664955212411717866e+01
3.664827673361538984e+01
3.664700444932539369e+01
3.664573531273327944e+01
3.664446936718155712e+01
3.664320665788480369e+01
3.664194723195402048e+01
3.664069113838301917e+01
3.663943842799097439e+01
3.663818915335227899e+01
3.663694336873228963e+01
3.663570113001130579e+01
3.663446249459398274e+01
3.663322752132459925e+01
3.663199627038472528e+01
3.663076880313347061e+01
3.662954518191651943e+01
3.662832546989951510e+01
3.662710973094529976e+01
3.662589802952422247e+01
3.662469043063814667e+01
3.662348699975899535e+01
3.662228780277315821e+01
3.662109290587427068e+01
3.661990237540437221e+01
3.661871627774565496e+01
3.661753467933113626e+01
3.661635764674682747e+01
3.661518524686017173e+01
3.661401754691154764e+01
3.661285461453163492e+01
3.661169651769260724e+01
3.661054332462618532e+01
3.660939510373577832e+01
3.660825192352626090e+01
3.660711385257646810e+01
3.660598095955467102e+01
3.660485331324564839e+01
3.660373098256902580e+01
3.660261403659465884e+01
3.660150254456290497e+01
3.660039657590680662e+01
3.659929620026941421e+01
3.659820148751624203e+01
3.659711250774571312e+01
3.659602933129090729e+01
3.659495202870465391e+01
3.659388067073397366e+01
3.659281532829448480e+01
3.659175607244575446e+01
3.659070297436277741e+01
3.658965610530645307e+01
3.658861553660283050e+01
3.658758133963593195e+01
3.658655358585136952e+01
3.658553234676573851e+01
3.658451769397502318e+01
3.658350969914352646e+01
3.658250843395482121e+01
3.658151397003440763e+01
3.658052637887138303e+01
3.657954573174986734e+01
3.657857209968526746e+01
3.657760555336836461e+01
3.657664616312684558e+01
3.657569399890250850e+01
3.657474913022932839e+01
3.657381162620087878e+01
3.657288155542894970e+01
3.657195898600310358e+01
3.657104398545705948e+01
3.657013662073896398e+01
3.656923695817189923e+01
3.656834506339296809e+01
3.656746100129040400e+01
3.656658483598544507e+01
3.656571663087271418e+01
3.656485644869659524e+01
3.656400435168016116e+01
3.656316040171551407e+01
3.656232466053752717e+01
3.656149718981377816e+01
3.656067805116634872e+01
3.655986730616334768e+01
3.655906501630461491e+01
3.655827124301224984e+01
3.655748604762213461e+01
3.655670949137055459e+01
3.655594163537497820e+01
3.655518254061188088e+01
3.655443226790040256e+01
3.655369087789672022e+01
3.655295843109227860e+01
3.655223498779257341e+01
3.655152060804228142e+01
3.655081535150657857e+01
3.655011927737389499e+01
3.654943244431703420e+01
3.654875491049332226e+01
3.654808673356124160e+01
3.654742797070487370e+01
3.654677867865538587e+01
3.654613891370377132e+01
3.654550873171253755e+01
3.654488818813038620e+01
3.654427733799997213e+01
3.654367623595696557e+01
3.654308493623290133e+01
3.654250349266784070e+01
3.654193195871324207e+01
3.654137038738706877e+01
3.654081883117044782e+01
3.654027734188679943e+01
3.653974597061209550e+01
3.653922476764063987e+01
3.653871378250829594e+01
3.653821306404297786e+01
3.653772266039856476e+01
3.653724261905958315e+01
3.653677298683712138e+01
3.653631380988121435e+01
3.653586513371959654e+01
3.653542700330810078e+01
3.653499946306936152e+01
3.653458255691099765e+01
3.653417632822434058e+01
3.653378081986170400e+01
3.653339607409709799e+01
3.653302213259274112e+01
3.653265903640550505e+01
3.653230682605177293e+01
3.653196554159570297e+01
3.653163522270234864e+01
3.653131590864697387e+01
3.653100763830681075e+01
3.653071045014595342e+01
3.653042438219149091e+01
3.653014947199208251e+01
3.652988575654536163e+01
3.652963327220189882e+01
3.652939205457992244e+01
3.652916213851309379e+01
3.652894355802359883e+01
3.652873634630986999e+01
3.652854053574883864e+01
3.652835615790896640e+01
3.652818324356609025e+01
3.652802182271836529e+01
3.652787192459818755e+01
3.652773357768220563e+01
3.652760680970225593e+01
3.652749164765531731e+01
3.652738811780764649e+01
3.652729624569100508e+01
3.652721605609312405e+01
3.652714757304807591e+01
3.652709081983542916e+01
3.652704581900082559e+01
3.652701259241256793e+01
3.652699116135323010e+01
3.652698154661422336e+01
3.652698376855816775e+01
3.652699784715201758e+01
3.652702380199433918e+01
3.652706165234548763e+01
3.652711141715580112e+01
3.652717311507139186e+01
3.652724676437856033e+01
3.652733238287316908e+01
3.652742998770172989e+01
3.652753959523853666e+01
3.652766122104167579e+01
3.652779487990840579e+01
3.652794058599379667e+01
3.652809835290985063e+01
3.652826819375258793e+01
3.652845012105112943e+01
3.652864414667196513e+01
3.652885028174075899e+01
3.652906853660891784e+01
3.652929892084158325e+01
3.652954144321045504e+01
3.652979611169541840e+01
3.653006293349289280e+01
3.653034191503007122e+01
3.653063306199858573e+01
3.653093637940961003e+01
3.653125187164210530e+01
3.653157954245011751e+01
3.653191939491654239e+01
3.653227143137367250e+01
3.653263565333063667e+01
3.653301206143576252e+01
3.653340065550140991e+01
3.653380143461924234e+01
3.653421439732818499e+01
3.653463954174918626e+01
3.653507686565470181e+01
3.653552636647386009e+01
3.653598804122266586e+01
3.653646188638830949e+01
3.653694789782816343e+01
3.653744607070276373e+01
3.653795639943122353e+01
3.653847887766804803e+01
3.653901349830432821e+01
3.653956025349025083e+01
3.654011913467325456e+01
3.654069013263517718e+01
3.654127323750500267e+01
3.654186843873754498e+01
3.654247572506768904e+01
3.654309508446858956e+01
3.654372650416334523e+01
3.654436997072148330e+01
3.654502547019042424e+01
3.654569298817926182e+01
3.654637250988206176e+01
3.654706402007878552e+01
3.654776750313812528e+01
3.654848294303784684e+01
3.654921032341044906e+01
3.654994962759271715e+01
3.655070083865088293e+01
3.655146393938143490e+01
3.655223891230309619e+01
3.655302573964591062e+01
3.655382440333251282e+01
3.655463488494768143e+01
3.655545716569224624e+01
3.655629122630881511e+01
3.655713704698402466e+01
3.655799460726348116e+01
3.655886388601438597e+01
3.655974486145539970e+01
3.656063751122636063e+01
3.656154181241617351e+01
3.656245774150292505e+01
3.656338527424050255e+01
3.656432438554803355e+01
3.656527504943247919e+01
3.656623723894525568e+01
3.656721092616033530e+01
3.656819608216004980e+01
3.656919267702287613e+01
3.657020067981118672e+01
3.657122005855507751e+01
3.657225078023519416e+01
3.657329281077338834e+01
3.657434611503401101e+01
3.657541065683106041e+01
3.657648639893140086e+01
3.657757330304631438e+01
3.657867132981225211e+01
3.657978043877844954e+01
3.658090058843052361e+01
3.658203173625112470e+01
3.658317383879508355e+01
3.658432685178706834e+01
3.658549073025321263e+01
3.658666542864986582e+01
3.658785090093972059e+01
3.658904710060556198e+01
3.659025398061916690e+01
3.659147149338200222e+01
3.659269959066001832e+01
3.659393822354083170e+01
3.659518734241622440e+01
3.659644689696364850e+01
3.659771683611120352e+01
3.659899710799178507e+01
3.660028765988754884e+01
3.660158843817239216e+01
3.660289938830312195e+01
3.660422045492556720e+01
3.660555158209754012e+01
3.660689271354587504e+01
3.660824379288257546e+01
3.660960476378196660e+01
3.661097557011981252e+01
3.661235615603646210e+01
3.661374646592789617e+01
3.661514644437832544e+01
3.661655603601384712e+01
3.661797518535217932e+01
3.661940383679368693e+01
3.662084193475062932e+01
3.662228942380959751e+01
3.662374624890652797e+01
3.662521235553680299e+01
3.662668768997218649e+01
3.662817219943287483e+01
3.662966583217578886e+01
3.663116853749616553e+01
3.663268026569794955e+01
3.663420096808756909e+01
3.663573059698324386e+01
3.663726910571263318e+01
3.663881644859000630e+01
3.664037258087777360e+01
3.664193745875389396e+01
3.664351103932406772e+01
3.664509328070305827e+01
3.664668414211258352e+01
3.664828358391194740e+01
3.664989156757999922e+01
3.665150805572918102e+01
3.665313301214980157e+01
3.665476640182112078e+01
3.665640819087088431e+01
3.665805834650938522e+01
3.665971683696169947e+01
3.666138363142711398e+01
3.666305870010280898e+01
3.666474201426117929e+01
3.666643354630759433e+01
3.666813326975927367e+01
3.666984115916861242e+01
3.667155719006014181e+01
3.667328133890058695e+01
3.667501358305432291e+01
3.667675390068227870e+01
3.667850227059606993e+01
3.668025867210331370e+01
3.668202308486560526e+01
3.668379548877693708e+01
3.668557586386743452e+01
3.668736419023143469e+01
3.668916044796921483e+01
3.669096461712862833e+01
3.669277667764486495e+01
3.669459660929089750e+01
3.669642439165124159e+01
3.669826000411815414e+01
3.670010342589562669e+01
3.670195463599554841e+01
3.670381361322115765e+01
3.670568033614276970e+01
3.670755478306854513e+01
3.670943693200458569e+01
3.671132676060233280e+01
3.671322424610498558e+01
3.671512936530459115e+01
3.671704209451085177e+01
3.671896240952575141e+01
3.672089028561624247e+01
3.672282569748492875e+01
3.672476861924661051e+01
3.672671902441163638e+01
3.672867688587410129e+01
3.673064217590293623e+01
3.673261486612332760e+01
3.673459492747952027e+01
3.673658233018206687e+01
3.673857704363656040e+01
3.674057903635873146e+01
3.674258827590507792e+01
3.674460472883953344e+01
3.674662836072550220e+01
3.674865913613244572e+01
3.675069701866972594e+01
3.675274197105748186e+01
3.675479395521696802e+01
3.675685293235796536e+01
3.675891886304862766e+01
3.676099170724834408e+01
3.676307142430058406e+01
3.676515797290826981e+01
3.676725131110418943e+01
3.676935139621662785e+01
3.677145818483782591e+01
3.677357163280511543e+01
3.677569169519668435e+01
3.677781832633704084e+01
3.677995147980147550e+01
3.678209110840597162e+01
3.678423716417559319e+01
3.678638959830416866e+01
3.678854836112948590e+01
3.679071340212703944e+01
3.679288466989788020e+01
3.679506211213506361e+01
3.679724567557639858e+01
3.679943530595531342e+01
3.680163094795553747e+01
3.680383254517163749e+01
3.680604004007252428e+01
3.680825337396386487e+01
3.681047248697201013e+01
3.681269731810485979e+01
3.681492780539350207e+01
3.681716388602806944e+01
3.681940549642438754e+01
3.682165257224289689e+01
3.682390504839685264e+01
3.682616285905952935e+01
3.682842593767144024e+01
3.683069421694944623e+01
3.683296762888520703e+01
3.683524610471341276e+01
3.683752957485852875e+01
3.683981796889034399e+01
3.684211121550189461e+01
3.684440924250883853e+01
3.684671197687022470e+01
3.684901934472095775e+01
3.685133127140814935e+01
3.685364768154595083e+01
3.685596849909182993e+01
3.685829364741408654e+01
3.686062304932720224e+01
3.686295662710085708e+01
3.686529430246019956e+01
3.686763599659099100e+01
3.686998163015348950e+01
3.687233112330022777e+01
3.687468439568794309e+01
3.687704136647295172e+01
3.687940195428895152e+01
3.688176607722780176e+01
3.688413365285722278e+01
3.688650459828241424e+01
3.688887883020858283e+01
3.689125626496065280e+01
3.689363681846786136e+01
3.689602040625807433e+01
3.689840694348628602e+01
3.690079634497467254e+01
3.690318852524008264e+01
3.690558339852342584e+01
3.690798087884828504e+01
3.691038088010388662e+01
3.691278331611148644e+01
3.691518810066155254e+01
3.691759514758306437e+01
3.692000437088784537e+01
3.692241568492947579e+01
3.692482900450183081e+01
3.692724424487913382e+01
3.692966132183267547e+01
3.693208015163970970e+01
3.693450065108940095e+01
3.693692273750247068e+01
3.693934632879071955e+01
3.694177134354677605e+01
3.694419770111141332e+01
3.694662532159414070e+01
3.694905412587817750e+01
3.695148403564686390e+01
3.695391497343056386e+01
3.695634686265346147e+01
3.695877962767757907e+01
3.696121319383107817e+01
3.696364748738405126e+01
3.696608243547455430e+01
3.696851796603665008e+01
3.697095400775666718e+01
3.697339049004896339e+01
3.697582734305015606e+01
3.697826449763483225e+01
3.698070188544484438e+01
3.698313943891962907e+01
3.698557709132062854e+01
3.698801477676453686e+01
3.699045243028184871e+01
3.699288998788608041e+01
3.699532738662843911e+01
3.699776456462811325e+01
3.700020146108018082e+01
3.700263801626054772e+01
3.700507417156600809e+01
3.700750986960783706e+01
3.700994505432492332e+01
3.701237967106175120e+01
3.701481366659774608e+01
3.701724698916200396e+01
3.701967958845380480e+01
3.702211141563692820e+01
3.702454242328614953e+01
3.702697256532696457e+01
3.702940179699377410e+01
3.703183007476966537e+01
3.703425735629490134e+01
3.703668360028814988e+01
3.703910876650958528e+01
3.704153281576002144e+01
3.704395570989856168e+01
3.704637741184954081e+01
3.704879788558023535e+01
3.705121709606202529e+01
3.705363500922766207e+01
3.705605159192074183e+01
3.705846681183930968e+01
3.706088063749218975e+01
3.706329303818547771e+01
3.706570398404309685e+01
3.706811344606833813e+01
3.707052139624821052e+01
3.707292780766268692e+01
3.707533265454426896e+01
3.707773591226352039e+01
3.708013755724836358e+01
3.708253756685759583e+01
3.708493591922420762e+01
3.708733259310164243e+01
3.708972756776362445e+01
3.709212082295754698e+01
3.709451233886763788e+01
3.709690209607126121e+01
3.709929007551281899e+01
3.710167625851754281e+01
3.710406062681310857e+01
3.710644316249182140e+01
3.710882384788902044e+01
3.711120266541571766e+01
3.711357959739612511e+01
3.711595462594119965e+01
3.711832773287189013e+01
3.712069889967938252e+01
3.712306810749118569e+01
3.712543533702267240e+01
3.712780056850323973e+01
3.713016378157713149e+01
3.713252495520721652e+01
3.713488406761191385e+01
3.713724109622542358e+01
3.713959601765222374e+01
3.714194880761755968e+01
3.714429944094335667e+01
3.714664789155815328e+01
3.714899413251878713e+01
3.715133813601746482e+01
3.715367987335567790e+01
3.715601931488210141e+01
3.715835642991102361e+01
3.716069118663590132e+01
3.716302355204584984e+01
3.716535349187132908e+01
3.716768097059807729e+01
3.717000595154719633e+01
3.717232839696899305e+01
3.717464826810652312e+01
3.717696552522414777e+01
3.717928012762730816e+01
3.718159203371047283e+01
3.718390120102375818e+01
3.718620758629359102e+01
3.718851114536852975e+01
3.719081183313380023e+01
3.719310960345122652e+01
3.719540440914880719e+01
3.719769620203956606e+01
3.719998493292573727e+01
3.720227055158743212e+01
3.720455300678587207e+01
3.720683224626955621e+01
3.720910821675514057e+01
3.721138086389758115e+01
3.721365013228074048e+01
3.721591596542455704e+01
3.721817830578053332e+01
3.722043709471554251e+01
3.722269227252291302e+01
3.722494377849683644e+01
3.722719155106717892e+01
3.722943552793137911e+01
3.723167564611036795e+01
3.723391184197036807e+01
3.723614405131488780e+01
3.723837220953708993e+01
3.724059625174781019e+01
3.724281611285100269e+01
3.724503172759772696e+01
3.724724303066842879e+01
3.724944995680096582e+01
3.725165244090990768e+01
3.725385041814936216e+01
3.725604382395236769e+01
3.725823259406546839e+01
3.726041666454044332e+01
3.726259597170358262e+01
3.726477045218836537e+01
3.726694004305379337e+01
3.726910468191253756e+01
3.727126430699767923e+01
3.727341885716806758e+01
3.727556827188163879e+01
3.727771249115596675e+01
3.727985145552695201e+01
3.728198510601136206e+01
3.728411338408014331e+01
3.728623623165216117e+01
3.728835359110257031e+01
3.729046540527216536e+01
3.729257161750112459e+01
3.729467217171238502e+01
3.729676701250868831e+01
3.729885608523071028e+01
3.730093933596155154e+01
3.730301671150596121e+01
3.730508815939099776e+01
3.730715362788712497e+01
3.730921306601764798e+01
3.731126642357500600e+01
3.731331365116916032e+01
3.731535470027699120e+01
3.731738952326447389e+01
3.731941807339805450e+01
3.732144030486489328e+01
3.732345617279601413e+01
3.732546563327479561e+01
3.732746864330270142e+01
3.732946516069090848e+01
3.733145514390720621e+01
3.733343855196572747e+01
3.733541534440435328e+01
3.733738548133519686e+01
3.733934892353796897e+01
3.734130563254749546e+01
3.734325557070617663e+01
3.734519870121256702e+01
3.734713498819335342e+01
3.734906439677141066e+01
3.735098689308912867e+01
3.735290244425469552e+01
3.735481101819887328e+01
3.735671258351223400e+01
3.735860710939545015e+01
3.736049456575955219e+01
3.736237492336816501e+01
3.736424815391537635e+01
3.736611423002088372e+01
3.736797312515009395e+01
3.736982481347682494e+01
3.737166926973815606e+01
3.737350646912246788e+01
3.737533638721198770e+01
3.737715899999068370e+01
3.737897428388518506e+01
3.738078221578928861e+01
3.738258277304353072e+01
3.738437593334671050e+01
3.738616167461179174e+01
3.738793997485207399e+01
3.738971081218912218e+01
3.739147416499708498e+01
3.739323001210353681e+01
3.739497833292308826e+01
3.739671910746246652e+01
3.739845231623590394e+01
3.740017794016509356e+01
3.740189596052480425e+01
3.740360635895385855e+01
3.740530911747972453e+01
3.740700421849050628e+01
3.740869164467873276e+01
3.741037137905527743e+01
3.741204340506456560e+01
3.741370770672226342e+01
3.741536426869545551e+01
3.741701307631758056e+01
3.741865411559170695e+01
3.742028737323275323e+01
3.742191283671365198e+01
3.742353049424331601e+01
3.742514033468129497e+01
3.742674234745150130e+01
3.742833652249002796e+01
3.742992285021826859e+01
3.743150132152876353e+01
3.743307192778662085e+01
3.743463466084067903e+01
3.743618951301915843e+01
3.743773647709792840e+01
3.743927554625140175e+01
3.744080671397601634e+01
3.744232997397103446e+01
3.744384531999774879e+01
3.744535274575637374e+01
3.744685224484566533e+01
3.744834381088038811e+01
3.744982743770719225e+01
3.745130311955229274e+01
3.745277085103669634e+01
3.745423062709109274e+01
3.745568244279186132e+01
3.745712629314453324e+01
3.745856217290613444e+01
3.745999007659758462e+01
3.746140999871087018e+01
3.746282193390164394e+01
3.746422587702696205e+01
3.746562182306516320e+01
3.746700976703766628e+01
3.746838970407306135e+01
3.746976162960949353e+01
3.747112553959027537e+01
3.747248143059712788e+01
3.747382929996006595e+01
3.747516914583519565e+01
3.747650096721038437e+01
3.747782476385058459e+01
3.747914053623631503e+01
3.748044828552657037e+01
3.748174801352654129e+01
3.748303972259984818e+01
3.748432341547172086e+01
3.748559909494739628e+01
3.748686676367925941e+01
3.748812642413953711e+01
3.748937807880048467e+01
3.749062173034572965e+01
3.749185738175796700e+01
3.749308503627606370e+01
3.749430469729772142e+01
3.749551636828792311e+01
3.749672005271663977e+01
3.749791575405400579e+01
3.749910347586197190e+01
3.750028322196387620e+01
3.750145499658872694e+01
3.750261880440831419e+01
3.750377465049836445e+01
3.750492254029093431e+01
3.750606247954828376e+01
3.750719447437470677e+01
3.750831853122546988e+01
3.750943465681642408e+01
3.751054285796050891e+01
3.751164314149786350e+01
3.751273551438468701e+01
3.751381998382885286e+01
3.751489655736615703e+01
3.751596524288393653e+01
3.751702604863596235e+01
3.751807898326706692e+01
3.751912405586800503e+01
3.752016127606535889e+01
3.752119065410271759e+01
3.752221220088092934e+01
3.752322592797113998e+01
3.752423184761513397e+01
3.752522997270524030e+01
3.752622031674477654e+01
3.752720289383287167e+01
3.752817771866970986e+01
3.752914480647029194e+01
3.753010417278754574e+01
3.753105583342998841e+01
3.753199980452548346e+01
3.753293610258209867e+01
3.753386474445448329e+01
3.753478574723820316e+01
3.753569912814262466e+01
3.753660490440083919e+01
3.753750309327016055e+01
3.753839371213107512e+01
3.753927677860272638e+01
3.754015231057562119e+01
3.754102032615959672e+01
3.754188084357920019e+01
3.754273388101552200e+01
3.754357945645482175e+01
3.754441758767356419e+01
3.754524829240464356e+01
3.754607158856500604e+01
3.754688749438879114e+01
3.754769602845230025e+01
3.754849720969615845e+01
3.754929105751071461e+01
3.755007759185171068e+01
3.755085683332083590e+01
3.755162880317136853e+01
3.755239352322995927e+01
3.755315101578732140e+01
3.755390130352301981e+01
3.755464440943606519e+01
3.755538035673274777e+01
3.755610916870367078e+01
3.755683086864178222e+01
3.755754547981590719e+01
3.755825302549884270e+01
3.755895352904417450e+01
3.755964701397476802e+01
3.756033350401873605e+01
3.756101302304888634e+01
3.756168559493852399e+01
3.756235124342101273e+01
3.756300999205081581e+01
3.756366186426378562e+01
3.756430688349010438e+01
3.756494507333252386e+01
3.756557645779134447e+01
3.756620106142217708e+01
3.756681890935546164e+01
3.756743002718536673e+01
3.756803444071853448e+01
3.756863217564674784e+01
3.756922325737362911e+01
3.756980771112471018e+01
3.757038556216475200e+01
3.757095683589420076e+01
3.757152155779862568e+01
3.757207975335723660e+01
3.757263144800013066e+01
3.757317666713079518e+01
3.757371543617977494e+01
3.757424778064184778e+01
3.757477372603911192e+01
3.757529329776042459e+01
3.757580652081217920e+01
3.757631341960220794e+01
3.757681401782698316e+01
3.757730833843476148e+01
3.757779640363553142e+01
3.757827823494115194e+01
3.757875385319284334e+01
3.757922327853316347e+01
3.757968653031368689e+01
3.758014362697154098e+01
3.758059458591667834e+01
3.758103942343763748e+01
3.758147815461805408e+01
3.758191079326386586e+01
3.758233735184222724e+01
3.758275784143702225e+01
3.758317227172579322e+01
3.758358065098782674e+01
3.758398298616394584e+01
3.758437928294253538e+01
3.758476954580081753e+01
3.758515377798668311e+01
3.758553198148888441e+01
3.758590415702763465e+01
3.758627030406184133e+01
3.758663042079339789e+01
3.758698450416366654e+01
3.758733254985782679e+01
3.758767455231986077e+01
3.758801050476566985e+01
3.758834039919619130e+01
3.758866422642218197e+01
3.758898197609781988e+01
3.758929363674939594e+01
3.758959919579043429e+01
3.758989863951921251e+01
3.759019195309203809e+01
3.759047912047111595e+01
3.759076012436665337e+01
3.759103494619546382e+01
3.759130356606105750e+01
3.759156596275519036e+01
3.759182211378077199e+01
3.759207199539534372e+01
3.759231558268175633e+01
3.759255284963546018e+01
3.759278376922841858e+01
3.759300831342332572e+01
3.759322645313724109e+01
3.759343815816330192e+01
3.759364339707879310e+01
3.759384213718056600e+01
3.759403434447103365e+01
3.759421998369297313e+01
3.759439901839349574e+01
3.759457141098610578e+01
3.759473712278742852e+01
3.759489611403058262e+01
3.759504834387174554e+01
3.759519377039965349e+01
3.759533235064606060e+01
3.759546404059525315e+01
3.759558879519554608e+01
3.759570656837367153e+01
3.759581731305017627e+01
3.759592098115482628e+01
3.759601752364687854e+01
3.759610689055779176e+01
3.759618903106508725e+01
3.759626389356140663e+01
3.759633142568262087e+01
3.759639157432717838e+01
3.759644428569789198e+01
3.759648950531547484e+01
3.759652717796394228e+01
3.759655724763888429e+01
3.759657965759905807e+01
3.759659435053188759e+01
3.759660126876681829e+01
3.759660035446133008e+01
3.759659154971779316e+01
3.759657479663025725e+01
3.759655003728444456e+01
3.759651721375194455e+01
3.759647626810777155e+01
3.759642714245187278e+01
3.759636977890136933e+01
3.759630411956825213e+01
3.759623010657504238e+01
3.759614768211918800e+01
3.759605678852577881e+01
3.759595736824380197e+01
3.759584936383552645e+01
3.759573271804390515e+01
3.759560737392129681e+01
3.759547327491637247e+01
3.759533036487916746e+01
3.759517858803010881e+01
3.759501788894468888e+01
3.759484821257216680e+01
3.759466950426896403e+01
3.759448170982813053e+01
3.759428477552056336e+01
3.759407864815372591e+01
3.759386327511090542e+01
3.759363860434185511e+01
3.759340458432507148e+01
3.759316116403699937e+01
3.759290829293681213e+01
3.759264592096288737e+01
3.759237399855464190e+01
3.759209247671137888e+01
3.759180130705702538e+01
3.759150044187850881e+01
3.759118983415938686e+01
3.759086943763386301e+01
3.759053920685058614e+01
3.759019909721603625e+01
3.758984906498135814e+01
3.758948906718155314e+01
3.758911906158439820e+01
3.758873900667445156e+01
3.758834886165847422e+01
3.758794858647480908e+01
3.758753814178034958e+01
3.758711748890048199e+01
3.758668658975965116e+01
3.758624540682352233e+01
3.758579390308600665e+01
3.758533204212066181e+01
3.758485978816215578e+01
3.758437710616162519e+01
3.758388396182146352e+01
3.758338032162529174e+01
3.758286615281827636e+01
3.758234142333194683e+01
3.758180610172068725e+01
3.758126015714017143e+01
3.758070355933647733e+01
3.758013627861483030e+01
3.757955828577419766e+01
3.757896955201467648e+01
3.757837004886923182e+01
3.757775974820753362e+01
3.757713862227975454e+01
3.757650664372628313e+01
3.757586378549591188e+01
3.757521002065976035e+01
3.757454532220774013e+01
3.757386966297554665e+01
3.757318301575865149e+01
3.757248535351506291e+01
3.757177664951244367e+01
3.757105687736723354e+01
3.757032601103694702e+01
3.756958402484860216e+01
3.756883089357096850e+01
3.756806659248098157e+01
3.756729109740094685e+01
3.756650438472215114e+01
3.756570643142360666e+01
3.756489721507230684e+01
3.756407671379812996e+01
3.756324490626690960e+01
3.756240177167873640e+01
3.756154728979559110e+01
3.756068144099623396e+01
3.755980420635056305e+01
3.755891556767554817e+01
3.755801550753658091e+01
3.755710400920991532e+01
3.755618105664701289e+01
3.755524663446917799e+01
3.755430072800407970e+01
3.755334332333001868e+01
3.755237440727841403e+01
3.755139396741093805e+01
3.755040199200931283e+01
3.754939847006614428e+01
3.754838339126114022e+01
3.754735674594611794e+01
3.754631852516411072e+01
3.754526872068895926e+01
3.754420732504934932e+01
3.754313433151386903e+01
3.754204973403421519e+01
3.754095352717675382e+01
3.753984570610957405e+01
3.753872626668409396e+01
3.753759520556826601e+01
3.753645252034477409e+01
3.753529820951669649e+01
3.753413227244399764e+01
3.753295470928107136e+01
3.753176552095028740e+01
3.753056470914285825e+01
3.752935227631973447e+01
3.752812822567935314e+01
3.752689256109232474e+01
3.752564528705659797e+01
3.752438640872663456e+01
3.752311593200011686e+01
3.752183386359199346e+01
3.752054021106859949e+01
3.751923498287986547e+01
3.751791818840514736e+01
3.751658983796793478e+01
3.751524994277752967e+01
3.751389851480442417e+01
3.751253556664024558e+01
3.751116111142577125e+01
3.750977516289302827e+01
3.750837773546579967e+01
3.750696884434068323e+01
3.750554850552533281e+01
3.750411673583575833e+01
3.750267355285764381e+01
3.750121897489599121e+01
3.749975302096174090e+01
3.749827571083154254e+01
3.749678706514062299e+01
3.749528710543089005e+01
3.749377585416685577e+01
3.749225333479546407e+01
3.749071957185658732e+01
3.748917459108862715e+01
3.748761841948157780e+01
3.748605108524240848e+01
3.748447261765915073e+01
3.748288304691829609e+01
3.748128240398158084e+01
3.747967072058455074e+01
3.747804802932382984e+01
3.747641436375117507e+01
3.747476975842474900e+01
3.747311424892231457e+01
3.747144787183412973e+01
3.746977066474696016e+01
3.746808266624962869e+01
3.746638391597360851e+01
3.746467445462100443e+01
3.746295432395354652e+01
3.746122356678549892e+01
3.745948222700194208e+01
3.745773034956147285e+01
3.745596798044242348e+01
3.745419516655692860e+01
3.745241195570790893e+01
3.745061839662494663e+01
3.744881453903231971e+01
3.744700043367713960e+01
3.744517613230097908e+01
3.744334168761056958e+01
3.744149715330303252e+01
3.743964258413304691e+01
3.743777803597609477e+01
3.743590356586644674e+01
3.743401923200587333e+01
3.743212509373837804e+01
3.743022121148974435e+01
3.742830764668579491e+01
3.742638446167742217e+01
3.742445171969679052e+01
3.742250948484768713e+01
3.742055782211925674e+01
3.741859679741336464e+01
3.741662647757492266e+01
3.741464693042611600e+01
3.741265822481916103e+01
3.741066043069002234e+01
3.740865361908002740e+01
3.740663786214093989e+01
3.740461323315950892e+01
3.740257980660347670e+01
3.740053765815786591e+01
3.739848686471739114e+01
3.739642750433903018e+01
3.739435965619455260e+01
3.739228340055328204e+01
3.739019881879016083e+01
3.738810599338415130e+01
3.738600500788151493e+01
3.738389594684552719e+01
3.738177889581491797e+01
3.737965394124775287e+01
3.737752117044387745e+01
3.737538067149758803e+01
3.737323253330580286e+01
3.737107684558993270e+01
3.736891369889628578e+01
3.736674318458285882e+01
3.736456539481594064e+01
3.736238042258023739e+01
3.736018836167357193e+01
3.735798930667127138e+01
3.735578335291208418e+01
3.735357059656782042e+01
3.735135113475691071e+01
3.734912506560234391e+01
3.734689248822250107e+01
3.734465350271804596e+01
3.734240821019685086e+01
3.734015671283688675e+01
3.733789911395793837e+01
3.733563551807866077e+01
3.733336603097271933e+01
3.733109075974243751e+01
3.732880981289053324e+01
3.732652330035775634e+01
3.732423133352254752e+01
3.732193402517244607e+01
3.731963148945118292e+01
3.731732384178430095e+01
3.731501119878440420e+01
3.731269367814268634e+01
3.731037139853028606e+01
3.730804447952298375e+01
3.730571304153858847e+01
3.730337720578698679e+01
3.730103709425038261e+01
3.729869282969475819e+01
3.729634453568518637e+01
3.729399233656904045e+01
3.729163635741145555e+01
3.728927672390648240e+01
3.728691356231058762e+01
3.728454699941129746e+01
3.728217716249285019e+01
3.727980417928342405e+01
3.727742817791204999e+01
3.727504928688214392e+01
3.727266763504107416e+01
3.727028335153519834e+01
3.726789656574828058e+01
3.726550740722438348e+01
3.726311600556734049e+01
3.726072249031103922e+01
3.725832699079943211e+01
3.725592963612403707e+01
3.725353055511303779e+01
3.725112987633406902e+01
3.724872772808234345e+01
3.724632423835714690e+01
3.724391953485485374e+01
3.724151374499118106e+01
3.723910699592735085e+01
3.723669941456211774e+01
3.723429112748686265e+01
3.723188226095619058e+01
3.722947294091994053e+01
3.722706329308441298e+01
3.722465344293560463e+01
3.722224351570011436e+01
3.721983363627096963e+01
3.721742392914220687e+01
3.721501451836977736e+01
3.721260552754315398e+01
3.721019707975207780e+01
3.720778929755132935e+01
3.720538230293335147e+01
3.720297621731050697e+01
3.720057116150038468e+01
3.719816725570710503e+01
3.719576461949976220e+01
3.719336337179083074e+01
3.719096363081168022e+01
3.718856551408220668e+01
3.718616913837950477e+01
3.718377461972797704e+01
3.718138207344202328e+01
3.717899161420965726e+01
3.717660335615858713e+01
3.717421741287355275e+01
3.717183389738254107e+01
3.716945292213417673e+01
3.716707459897125432e+01
3.716469903909550965e+01
3.716232635302256426e+01
3.715995665053599595e+01
3.715759004065595406e+01
3.715522663162823847e+01
3.715286653091630598e+01
3.715050984517864663e+01
3.714815668023932460e+01
3.714580714106734405e+01
3.714346133176857734e+01
3.714111935558945987e+01
3.713878131492746348e+01
3.713644731133278043e+01
3.713411744548666604e+01
3.713179181716316180e+01
3.712947052519572821e+01
3.712715366745651124e+01
3.712484134084142795e+01
3.712253364126021182e+01
3.712023066363408219e+01
3.711793250189745663e+01
3.711563924899763123e+01
3.711335099689347317e+01
3.711106783655996821e+01
3.710878985800349739e+01
3.710651715028971864e+01
3.710424980158125408e+01
3.710198789917139806e+01
3.709973152950227160e+01
3.709748077816930589e+01
3.709523572991503926e+01
3.709299646861117594e+01
3.709076307723290000e+01
3.708853563783308971e+01
3.708631423152831275e+01
3.708409893850810590e+01
3.708188983805890615e+01
3.707968700858600641e+01
3.707749052764526709e+01
3.707530047199523437e+01
3.707311691764439132e+01
3.707093993987407998e+01
3.706876961325163933e+01
3.706660601165132363e+01
3.706444920827617295e+01
3.706229927566141669e+01
3.706015628565835129e+01
3.705802030941428882e+01
3.705589141735254088e+01
3.705376967914651942e+01
3.705165516369188339e+01
3.704954793908743227e+01
3.704744807263060835e+01
3.704535563082567506e+01
3.704327067939573226e+01
3.704119328329084482e+01
3.703912350669227749e+01
3.703706141301478283e+01
3.703500706490393668e+01
3.703296052422378182e+01
3.703092185203569642e+01
3.702889110858502164e+01
3.702686835332076498e+01
3.702485364494359743e+01
3.702284704144408778e+01
3.702084860011262890e+01
3.701885837753090414e+01
3.701687642954867385e+01
3.701490281124015524e+01
3.701293757684280195e+01
3.701098077969607658e+01
3.700903247219777370e+01
3.700709270577784338e+01
3.700516153087512095e+01
3.700323899690820895e+01
3.700132515224633778e+01
3.699942004419485642e+01
3.699752371901667658e+01
3.699563622200248147e+01
3.699375759757108995e+01
3.699188788937077987e+01
3.699002714038060446e+01
3.698817539302824287e+01
3.698633268930979767e+01
3.698449907086475719e+01
3.698267457899543587e+01
3.698085925467861301e+01
3.697905313860535870e+01
3.697725627123551106e+01
3.697546869284627746e+01
3.697369044357593992e+01
3.697192156346559955e+01
3.697016209248241836e+01
3.696841207049801170e+01
3.696667153721912058e+01
3.696494053209582376e+01
3.696321909423173935e+01
3.696150726230197137e+01
3.695980507447394814e+01
3.695811256833511038e+01
3.695642978084490693e+01
3.695475674831889989e+01
3.695309350642653357e+01
3.695144009017717224e+01
3.694979653388764973e+01
3.694816287114097975e+01
3.694653913474805051e+01
3.694492535672089417e+01
3.694332156826258284e+01
3.694172779977071031e+01
3.694014408084866830e+01
3.693857044032564829e+01
3.693700690629128758e+01
3.693545350614872547e+01
3.693391026668331278e+01
3.693237721413323271e+01
3.693085437424056749e+01
3.692934177226639036e+01
3.692783943297168747e+01
3.692634738057881094e+01
3.692486563872414251e+01
3.692339423040682789e+01
3.692193317793655893e+01
3.692048250288131328e+01
3.691904222601700525e+01
3.691761236728399354e+01
3.691619294575327359e+01
3.691478397960435132e+01
3.691338548612257853e+01
3.691199748171501938e+01
3.691061998191842264e+01
3.690925300138388820e+01
3.690789655387997215e+01
3.690655065236886401e+01
3.690521530912829462e+01
3.690389053583255219e+01
3.690257634356137117e+01
3.690127274277475067e+01
3.689997974328573349e+01
3.689869735423618380e+01
3.689742558407733242e+01
3.689616444055717182e+01
3.689491393070786529e+01
3.689367406082330092e+01
3.689244483643284411e+01
3.689122626230128787e+01
3.689001834247072509e+01
3.688882108031016571e+01
3.688763447853204269e+01
3.688645853917166306e+01
3.688529326354716886e+01
3.688413865221949806e+01
3.688299470496399834e+01
3.688186142075077356e+01
3.688073879773190811e+01
3.687962683324415281e+01
3.687852552382823745e+01
3.687743486525007341e+01
3.687635485251514922e+01
3.687528547988775074e+01
3.687422674092672992e+01
3.687317862852518147e+01
3.687214113492863277e+01
3.687111425172111012e+01
3.687009796979459963e+01
3.686909227932923017e+01
3.686809716978608265e+01
3.686711262988634275e+01
3.686613864757097758e+01
3.686517520997012554e+01
3.686422230340362916e+01
3.686327991340397148e+01
3.686234802474211847e+01
3.686142662144651894e+01
3.686051568681821067e+01
3.685961520344390863e+01
3.685872515319648812e+01
3.685784551720907842e+01
3.685697627582778324e+01
3.685611740857210350e+01
3.685526889412755480e+01
3.685443071036451812e+01
3.685360283436879314e+01
3.685278524247603116e+01
3.685197791029443692e+01
3.685118081270120172e+01
3.685039392382230972e+01
3.684961721702501336e+01
3.684885066493757932e+01
3.684809423947775286e+01
3.684734791186664893e+01
3.684661165262600235e+01
3.684588543156961293e+01
3.684516921779473364e+01
3.684446297967055273e+01
3.684376668481786510e+01
3.684308030007417756e+01
3.684240379144504374e+01
3.684173712405647194e+01
3.684108026212673792e+01
3.684043316896745068e+01
3.683979580701182499e+01
3.683916813786051137e+01
3.683855012233714632e+01
3.683794172054482630e+01
3.683734289190704914e+01
3.683675359518419867e+01
3.683617378847453239e+01
3.683560342921310848e+01
3.683504247417660338e+01
3.683449087949491485e+01
3.683394860067348020e+01
3.683341559263891440e+01
3.683289180980126076e+01
3.683237720609082544e+01
3.683187173494051336e+01
3.683137534923401546e+01
3.683088800125983653e+01
3.683040964268772655e+01
3.682994022455677907e+01
3.682947969726057380e+01
3.682902801052843955e+01
3.682858511341547114e+01
3.682815095431586627e+01
3.682772548099578103e+01
3.682730864061641540e+01
3.682690037972588470e+01
3.682650064423845748e+01
3.682610937944397733e+01
3.682572653008051589e+01
3.682535204048212307e+01
3.682498585478592190e+01
3.682462791714014116e+01
3.682427817184403551e+01
3.682393656341951527e+01
3.682360303668476575e+01
3.682327753686777783e+01
3.682296000972180394e+01
3.682265040160770297e+01
3.682234865955967962e+01
3.682205473135493889e+01
3.682176856557747158e+01
3.682149011165552821e+01
3.682121931987279595e+01
3.682095614138147965e+01
3.682070052823875272e+01
3.682045243345785934e+01
3.682021181106107122e+01
3.681997861613075429e+01
3.681975280484969204e+01
3.681953433451018753e+01
3.681932316347447909e+01
3.681911925111860739e+01
3.681892255781908574e+01
3.681873304500289379e+01
3.681855067526664982e+01
3.681837541254346746e+01
3.681820722224835407e+01
3.681804607137204499e+01
3.681789192853285186e+01
3.681774476398474150e+01
3.681760454960099338e+01
3.681747125886761296e+01
3.681734486688745278e+01
3.681722535037359023e+01
3.681711268762324352e+01
3.681700685849358479e+01
3.681690784441945397e+01
3.681681562848854128e+01
3.681673019554672521e+01
3.681665153229177179e+01
3.681657962732407441e+01
3.681651447114484199e+01
3.681645605611627303e+01
3.681640437640713515e+01
3.681635942794800798e+01
3.681632120842260747e+01
3.681628971729707445e+01
3.681626495584831815e+01
3.681624692714552083e+01
3.681623563597810289e+01
3.681623108877489159e+01
3.681623329356811070e+01
3.681624226000312916e+01
3.681625799935208221e+01
3.681628052450511746e+01
3.681630984993915945e+01
3.681634599167212230e+01
3.681638896721900522e+01
3.681643879556752097e+01
3.681649549717602810e+01
3.681655909398422466e+01
3.681662960941788754e+01
3.681670706836833062e+01
3.681679149714359767e+01
3.681688292340599133e+01
3.681698137610765542e+01
3.681708688542516228e+01
3.681719948269603293e+01
3.681731920036308026e+01
3.681744607192548813e+01
3.681758013189288903e+01
3.681772141574420232e+01
3.681786995989823907e+01
3.681802580169301109e+01
3.681818897935335144e+01
3.681835953193905908e+01
3.681853749929106101e+01
3.681872292197851948e+01
3.681891584123042804e+01
3.681911629886023007e+01
3.681932433721496523e+01
3.681953999915051412e+01
3.681976332800113028e+01
3.681999436752160193e+01
3.682023316181875572e+01
3.682047975530528561e+01
3.682073419268184722e+01
3.682099651892983871e+01
3.682126677931298531e+01
3.682154501939348989e+01
3.682183128504229330e+01
3.682212562240945175e+01
3.682242807784379579e+01
3.682273869777753106e+01
3.682305752860012404e+01
3.682338461654673267e+01
3.682372000762079267e+01
3.682406374755451139e+01
3.682441588179474934e+01
3.682477645549657552e+01
3.682514551351500387e+01
3.682552310039171317e+01
3.682590926033694956e+01
3.682630403720945367e+01
3.682670747449348170e+01
3.682711961526893418e+01
3.682754050217857866e+01
3.682797017739822110e+01
3.682840868260679912e+01
3.682885605894869485e+01
3.682931234698143896e+01
3.682977758661071022e+01
3.683025181703605710e+01
3.683073507675113234e+01
3.683122740362090042e+01
3.683172883498608030e+01
3.683223940771790694e+01
3.683275915820856738e+01
3.683328812233143879e+01
3.683382633539744688e+01
3.683437383212110205e+01
3.683493064659921146e+01
3.683549681229150963e+01
3.683607236199542712e+01
3.683665732781991409e+01
3.683725174116600698e+01
3.683785563272203945e+01
3.683846903248313254e+01
3.683909196979318779e+01
3.683972447338867084e+01
3.684036657142689108e+01
3.684101829149670948e+01
3.684167966060778809e+01
3.684235070514086630e+01
3.684303145074835584e+01
3.684372192222665632e+01
3.684442214340015198e+01
3.684513213704317991e+01
3.684585192483996963e+01
3.684658152735625691e+01
3.684732096399241641e+01
3.684807025291797800e+01
3.684882941101208331e+01
3.684959845383887966e+01
3.685037739568436876e+01
3.685116624963119136e+01
3.685196502759831816e+01
3.685277374031738162e+01
3.685359239728082059e+01
3.685442100670164223e+01
3.685525957550338205e+01
3.685610810932659120e+01
3.685696661252364947e+01
3.685783508814087384e+01
3.685871353791231542e+01
3.685960196227399166e+01
3.686050036038491129e+01
3.686140873015688157e+01
3.686232706832126382e+01
3.686325537053767931e+01
3.686419363149577322e+01
3.686514184495958801e+01
3.686610000375539897e+01
3.686706809974096899e+01
3.686804612378558943e+01
3.686903406576074360e+01
3.687003191453179340e+01
3.687103965794862859e+01
3.687205728283730366e+01
3.687308477499261983e+01
3.687412211916679183e+01
3.687516929905227414e+01
3.687622629726549661e+01
3.687729309533554556e+01
3.687836967369467800e+01
3.687945601166985909e+01
3.688055208748109237e+01
3.688165787825725062e+01
3.688277336007040219e+01
3.688389850797015157e+01
3.688503329599939917e+01
3.688617769719164841e+01
3.688733168355948067e+01
3.688849522608497722e+01
3.688966829472183662e+01
3.689085085841301037e+01
3.689204288512687668e+01
3.689324434191678392e+01
3.689445519500002035e+01
3.689567540984656091e+01
3.689690495127261727e+01
3.689814378352251367e+01
3.689939187030865497e+01
3.690064917480083295e+01
3.690191565957849917e+01
3.690319128656160785e+01
3.690447601694237534e+01
3.690576981113946431e+01
3.690707262877554484e+01
3.690838442866356672e+01
3.690970516878816454e+01
3.691103480627928235e+01
3.691237329738283535e+01
3.691372059742745648e+01
3.691507666078052807e+01
3.691644144079835854e+01
3.691781488978801917e+01
3.691919695898572229e+01
3.692058759853425443e+01
3.692198675744865710e+01
3.692339438358288106e+01
3.692481042361302457e+01
3.692623482304193061e+01
3.692766752621743365e+01
3.692910847634574623e+01
3.693055761548239246e+01
3.693201488449392400e+01
3.693348022300403244e+01
3.693495356935233076e+01
3.693643486057937508e+01
3.693792403242341749e+01
3.693942101930542776e+01
3.694092575429851877e+01
3.694243816909640543e+01
3.694395819399058922e+01
3.694548575785728417e+01
3.694702078815409152e+01
3.694856321092245821e+01
3.695011295078921876e+01
3.695166993096415808e+01
3.695323407323177634e+01
3.695480529793811542e+01
3.695638352399420512e+01
3.695796866892229815e+01
3.695956064892354220e+01
3.696115937891450187e+01
3.696276477252170878e+01
3.696437674206460144e+01
3.696599519855006122e+01
3.696762005168162801e+01
3.696925120987547331e+01
3.697088858027731817e+01
3.697253206877456222e+01
3.697418157999270250e+01
3.697583701727430139e+01
3.697749828265594374e+01
3.697916527686467703e+01
3.698083789933880183e+01
3.698251604825257033e+01
3.698419962052134480e+01
3.698588851178439540e+01
3.698758261637594558e+01
3.698928182728651848e+01
3.699098603611160030e+01
3.699269513301194934e+01
3.699440900672460941e+01
3.699612754461184494e+01
3.699785063268672758e+01
3.699957815559000096e+01
3.700130999654746233e+01
3.700304603733611231e+01
3.700478615826779105e+01
3.700653023819037202e+01
3.700827815449384417e+01
3.701002978310560820e+01
3.701178499847706149e+01
3.701354367357599529e+01
3.701530567989262721e+01
3.701707088744757357e+01
3.701883916477935088e+01
3.702061037891046880e+01
3.702238439532711567e+01
3.702416107801735023e+01
3.702594028958424133e+01
3.702772189140380021e+01
3.702950574379074311e+01
3.703129170618080934e+01
3.703307963733155361e+01
3.703486939548710666e+01
3.703666083846890444e+01
3.703845382373330608e+01
3.704024820848275823e+01
3.704204384986758214e+01
3.704384060524420619e+01
3.704563833246557181e+01
3.704743689017158204e+01
3.704923613800834659e+01
3.705103593675107732e+01
3.705283614835774131e+01
3.705463663597019064e+01
3.705643726388113635e+01
3.705823789749142350e+01
3.706003840325460175e+01
3.706183864860984301e+01
3.706363850194502874e+01
3.706543783261734148e+01
3.706723651100207206e+01
3.706903440853559317e+01
3.707083139774569958e+01
3.707262735226923667e+01
3.707442214685224258e+01
3.707621565733642655e+01
3.707800776066902415e+01
3.707979833495552668e+01
3.708158725952120705e+01
3.708337441498427722e+01
3.708515968337779611e+01
3.708694294829592764e+01
3.708872409501389455e+01
3.709050301057092724e+01
3.709227958382589918e+01
3.709405370549453806e+01
3.709582526817974468e+01
3.709759416640000751e+01
3.709936029660907053e+01
3.710112355720188759e+01
3.710288384851679666e+01
3.710464107285905300e+01
3.710639513455748784e+01
3.710814594002803091e+01
3.710989339780995522e+01
3.711163741856893949e+01
3.711337791508659478e+01
3.711511480225775728e+01
3.711684799709552607e+01
3.711857741872467642e+01
3.712030298835268383e+01
3.712202462923094970e+01
3.712374226662485910e+01
3.712545582779842590e+01
3.712716524201356805e+01
3.712887044054497210e+01
3.713057135670273823e+01
3.713226792585020775e+01
3.713396008541685944e+01
3.713564777491130542e+01
3.713733093592153267e+01
3.713900951207526191e+01
3.714068344895161999e+01
3.714235269398792383e+01
3.714401719644978783e+01
3.714567690747821871e+01
3.714733178016493298e+01
3.714898176961016674e+01
3.715062683294640067e+01
3.715226692932217389e+01
3.715390201984005358e+01
3.715553206745282466e+01
3.715715703684497839e+01
3.715877689434154263e+01
3.716039160787438789e+01
3.716200114700113488e+01
3.716360548293280175e+01
3.716520458851965003e+01
3.716679843818729978e+01
3.716838700786991723e+01
3.716997027498439365e+01
3.717154821843271861e+01
3.717312081859368789e+01
3.717468805729802028e+01
3.717624991781909216e+01
3.717780638489580980e+01
3.717935744475553150e+01
3.718090308510382158e+01
3.718244329509769841e+01
3.718397806533443628e+01
3.718550738784821874e+01
3.718703125608824678e+01
3.718854966488811442e+01
3.719006261046146022e+01
3.719157009042789497e+01
3.719307210383788487e+01
3.719456865118112887e+01
3.719605973438616786e+01
3.719754535681219920e+01
3.719902552323603828e+01
3.720050023985176324e+01
3.720196951428204102e+01
3.720343335557873843e+01
3.720489177422160765e+01
3.720634478214720531e+01
3.720779239280892625e+01
3.720923462124780912e+01
3.721067148416139503e+01
3.721210299996381821e+01
3.721352918883129490e+01
3.721495007271548872e+01
3.721636567529159834e+01
3.721777602183242806e+01
3.721918113906202308e+01
3.722058105506580716e+01
3.722197579927961186e+01
3.722336540251867376e+01
3.722474989700662462e+01
3.722612931639379497e+01
3.722750369576771590e+01
3.722887307166264748e+01
3.723023748207594963e+01
3.723159696647960004e+01
3.723295156579562359e+01
3.723430132233460199e+01
3.723564627973899377e+01
3.723698648295860636e+01
3.723832197824950896e+01
3.723965281318555753e+01
3.724097903668553755e+01
3.724230069905394913e+01
3.724361785200914454e+01
3.724493054866569253e+01
3.724623884346800651e+01
3.724754279210260677e+01
3.724884245142107630e+01
3.725013787939511900e+01
3.725142913510192955e+01
3.725271627872116653e+01
3.725399937153782304e+01
3.725527847595288478e+01
3.725655365548717413e+01
3.725782497476765087e+01
3.725909249950597513e+01
3.726035629647018510e+01
3.726161643344380536e+01
3.726287297918972996e+01
3.726412600343952874e+01
3.726537557690414104e+01
3.726662177129529852e+01
3.726786465934500825e+01
3.726910431479874575e+01
3.727034081237162155e+01
3.727157422768704720e+01
3.727280463721927362e+01
3.727403211823691009e+01
3.727525674873086814e+01
3.727647860732870555e+01
3.727769777321086764e+01
3.727891432602305599e+01
3.728012834577500456e+01
3.728133991274793857e+01
3.728254910743331152e+01
3.728375601048802679e+01
3.728496070269360274e+01
3.728616326493676070e+01
3.728736377820848702e+01
3.728856232358273104e+01
3.728975898216481255e+01
3.729095383505158168e+01
3.729214696334223333e+01
3.729333844819095845e+01
3.729452837085476347e+01
3.729571681269651862e+01
3.729690385513730888e+01
3.729808957956883830e+01
3.729927406723373906e+01
3.730045739907760094e+01
3.730163965556204175e+01
3.730282091642126829e+01
3.730400126038654918e+01
3.730518076497100566e+01
3.730635950640350984e+01
3.730753755968432017e+01
3.730871499866016450e+01
3.730989189607309697e+01
3.731106832359077430e+01
3.731224435182315347e+01
3.731342005032843900e+01
3.731459548760736311e+01
3.731577073107991538e+01
3.731694584705039119e+01
3.731812090067243304e+01
3.731929595590535342e+01
3.732047107543723996e+01
3.732164632057892106e+01
3.732282175116863954e+01
3.732399742551172750e+01
3.732517340033595588e+01
3.732634973072831741e+01
3.732752647004455326e+01
3.732870366981769905e+01
3.732988137972995446e+01
3.733105964772188656e+01
3.733223852020685740e+01
3.733341804225133842e+01
3.733459825765099538e+01
3.733577920893959146e+01
3.733696093737055577e+01
3.733814348289080698e+01
3.733932688412526346e+01
3.734051117838086498e+01
3.734169640166612680e+01
3.734288258871369237e+01
3.734406977298426966e+01
3.734525798663855056e+01
3.734644726049243957e+01
3.734763762399282427e+01
3.734882910523911193e+01
3.735002173103686829e+01
3.735121552694469216e+01
3.735241051728306161e+01
3.735360672507110991e+01
3.735480417184939483e+01
3.735600287741215197e+01
3.735720285958232267e+01
3.735840413416489980e+01
3.735960671505998931e+01
3.736081061439634254e+01
3.736201584261129938e+01
3.736322240850639531e+01
3.736443031929028535e+01
3.736563958058172830e+01
3.736685019638920124e+01
3.736806216912753342e+01
3.736927549969003337e+01
3.737049018752941265e+01
3.737170623071042996e+01
3.737292362595378847e+01
3.737414236870439765e+01
3.737536245324340456e+01
3.737658387284997019e+01
3.737780661995815024e+01
3.737903068621050551e+01
3.738025606238021226e+01
3.738148273824740642e+01
3.738271070257776074e+01
3.738393994328815495e+01
3.738517044771165132e+01
3.738640220281570947e+01
3.738763519533862478e+01
3.738886941188207658e+01
3.739010483898518800e+01
3.739134146319761243e+01
3.739257927115455971e+01
3.739381824963136580e+01
3.739505838558151396e+01
3.739629966620189094e+01
3.739754207903510519e+01
3.739878561205814123e+01
3.740003025370865686e+01
3.740127599284507198e+01
3.740252281866863626e+01
3.740377072065137298e+01
3.740501968851366144e+01
3.740626971225735531e+01
3.740752078221839838e+01
3.740877288908533416e+01
3.741002602382818054e+01
3.741128017755816870e+01
3.741253534143616122e+01
3.741379150669993692e+01
3.741504866475963098e+01
3.741630680728637515e+01
3.741756592626293809e+01
3.741882601399149166e+01
3.742008706307317567e+01
3.742134906638953851e+01
3.742261201709475671e+01
3.742387590859219415e+01
3.742514073447209455e+01
3.742640648842678530e+01
3.742767316417758394e+01
3.742894075542023558e+01
3.743020925577422986e+01
3.743147865872727209e+01
3.743274895757969034e+01
3.743402014539476141e+01
3.743529221494021897e+01
3.743656515859860434e+01
3.743783896824646007e+01
3.743911363512274448e+01
3.744038914971778809e+01
3.744166550170699992e+01
3.744294267990700575e+01
3.744422067220837391e+01
3.744549946549863506e+01
3.744677904563008752e+01
3.744805939743436340e+01
3.744934050473992215e+01
3.745062235036807863e+01
3.745190491611644035e+01
3.745318818275103467e+01
3.745447212999653885e+01
3.745575673647385173e+01
3.745704197959388893e+01
3.745832783551369261e+01
3.745961427922792808e+01
3.746090128476171799e+01
3.746218882538488515e+01
3.746347687377944879e+01
3.746476540213792106e+01
3.746605438220904460e+01
3.746734378530067033e+01
3.746863358224071305e+01
3.746992374331475872e+01
3.747121423820461672e+01
3.747250503593471649e+01
3.747379610482623491e+01
3.747508741246001307e+01
3.747637892565410311e+01
3.747767061047928649e+01
3.747896243230184865e+01
3.748025435578257714e+01
3.748154634480944480e+01
3.748283836243037825e+01
3.748413037083560795e+01
3.748542233138297064e+01
3.748671420463579551e+01
3.748800595037749162e+01
3.748929752760658118e+01
3.749058889455709931e+01
3.749188000874332971e+01
3.749317082698898673e+01
3.749446130545344147e+01
3.749575139971152282e+01
3.749704106490834477e+01
3.749833025593361668e+01
3.749961892751800718e+01
3.750090703420872984e+01
3.750219453028279304e+01
3.750348136969434876e+01
3.750476750610577170e+01
3.750605289298504630e+01
3.750733748371676057e+01
3.750862123168774787e+01
3.750990409032892359e+01
3.751118601309381972e+01
3.751246695338838322e+01
3.751374686450955664e+01
3.751502569959166777e+01
3.751630341146610448e+01
3.751757995239436383e+01
3.751885527377771723e+01
3.752012932599937756e+01
3.752140205850336230e+01
3.752267342006525297e+01
3.752394335908731904e+01
3.752521182381374132e+01
3.752647876246307845e+01
3.752774412329545584e+01
3.752900785464662903e+01
3.753026990496008608e+01
3.753153022279872175e+01
3.753278875678835647e+01
3.753404545550076676e+01
3.753530026734560465e+01
3.753655314050313052e+01
3.753780402287747364e+01
3.753905286207226766e+01
3.754029960535461186e+01
3.754154419950797461e+01
3.754278659063253087e+01
3.754402672410812158e+01
3.754526454476084041e+01
3.754649999707445573e+01
3.754773302534042045e+01
3.754896357376116356e+01
3.755019158654167200e+01
3.755141700794894177e+01
3.755263978230519939e+01
3.755385985397332860e+01
3.755507716744651248e+01
3.755629166752364512e+01
3.755750329942334531e+01
3.755871200877718508e+01
3.755991774157421759e+01
3.756112044411625561e+01
3.756232006299359227e+01
3.756351654508211624e+01
3.756470983757847648e+01
3.756589988811122538e+01
3.756708664486656346e+01
3.756827005654262308e+01
3.756945007208562970e+01
3.757062664039092681e+01
3.757179971017255582e+01
3.757296923009196377e+01
3.757413514906689045e+01
3.757529741656765765e+01
3.757645598280819144e+01
3.757761079886988398e+01
3.757876181678356886e+01
3.757990898956666825e+01
3.758105227123310499e+01
3.758219161677882880e+01
3.758332698210310951e+01
3.758445832387134544e+01
3.758558559941100441e+01
3.758670876670014138e+01
3.758782778442211026e+01
3.758894261202521392e+01
3.759005320971996156e+01
3.759115953839357616e+01
3.759226155947675352e+01
3.759335923480651331e+01
3.759445252656120573e+01
3.759554139732890832e+01
3.759662581023140149e+01
3.759770572897018326e+01
3.759878111780335530e+01
3.759985194154978672e+01
3.760091816561958211e+01
3.760197975601533926e+01
3.760303667931977145e+01
3.760408890270864646e+01
3.760513639396962304e+01
3.760617912147429820e+01
3.760721705409085303e+01
3.760825016108987739e+01
3.760927841209016975e+01
3.761030177700548904e+01
3.761132022592313717e+01
3.761233372894847093e+01
3.761334225613607174e+01
3.761434577757196962e+01
3.761534426357854244e+01
3.761633768495944707e+01
3.761732601315387114e+01
3.761830922018440049e+01
3.761928727840894737e+01
3.762026016024264408e+01
3.762122783805300230e+01
3.762219028428216916e+01
3.762314747166259110e+01
3.762409937338601651e+01
3.762504596317796057e+01
3.762598721526313028e+01
3.762692310424312581e+01
3.762785360495082898e+01
3.762877869232912786e+01
3.762969834137004455e+01
3.763061252714152971e+01
3.763152122485131912e+01
3.763242440983378856e+01
3.763332205742194247e+01
3.763421414281738464e+01
3.763510064107823183e+01
3.763598152720442158e+01
3.763685677626390458e+01
3.763772636357152379e+01
3.763859026490969484e+01
3.763944845670147998e+01
3.764030091605594208e+01
3.764114762069571896e+01
3.764198854882516798e+01
3.764282367899851778e+01
3.764365299005036292e+01
3.764447646109145751e+01
3.764529407149668572e+01
3.764610580084337244e+01
3.764691162882920139e+01
3.764771153520565861e+01
3.764850549974462268e+01
3.764929350226343274e+01
3.765007552269962332e+01
3.765085154116231791e+01
3.765162153790858923e+01
3.765238549325358974e+01
3.765314338747197809e+01
3.765389520079962438e+01
3.765464091357563348e+01
3.765538050641455214e+01
3.765611396032797131e+01
3.765684125683534234e+01
3.765756237805056372e+01
3.765827730666035933e+01
3.765898602581698640e+01
3.765968851902118075e+01
3.766038476998470941e+01
3.766107476248216557e+01
3.766175848031191009e+01
3.766243590743621894e+01
3.766310702817701639e+01
3.766377182729758744e+01
3.766443028998109810e+01
3.766508240181590850e+01
3.766572814880329645e+01
3.766636751735160971e+01
3.766700049431713637e+01
3.766762706718427722e+01
3.766824722426230210e+01
3.766886095464249706e+01
3.766946824791665449e+01
3.767006909387510660e+01
3.767066348228759409e+01
3.767125140276789352e+01
3.767183284473784965e+01
3.767240779750434854e+01
3.767297625046493437e+01
3.767353819338358534e+01
3.767409361655148103e+01
3.767464251071895376e+01
3.767518486689587576e+01
3.767572067617841469e+01
3.767624992969363262e+01
3.767677261869506822e+01
3.767728873474020190e+01
3.767779826981137603e+01
3.767830121633058127e+01
3.767879756712946460e+01
3.767928731543292287e+01
3.767977045485834964e+01
3.768024697939540602e+01
3.768071688333411373e+01
3.768118016115505498e+01
3.768163680741076860e+01
3.768208681661199222e+01
3.768253018315103020e+01
3.768296690127762361e+01
3.768339696508365932e+01
3.768382036844991489e+01
3.768423710497035017e+01
3.768464716791054769e+01
3.768505055023629779e+01
3.768544724472983631e+01
3.768583724414993696e+01
3.768622054134529265e+01
3.768659712936783279e+01
3.768696700168745650e+01
3.768733015242128914e+01
3.768768657641690822e+01
3.768803626916893990e+01
3.768837922667632512e+01
3.768871544534922435e+01
3.768904492198120693e+01
3.768936765372534126e+01
3.768968363802745358e+01
3.768999287254864328e+01
3.769029535514923879e+01
3.769059108391459034e+01
3.769088005708547229e+01
3.769116227282867015e+01
3.769143772899400346e+01
3.769170642301936880e+01
3.769196835193812944e+01
3.769222351235241320e+01
3.769247190034399608e+01
3.769271351142916870e+01
3.769294834068688971e+01
3.769317638304480056e+01
3.769339763356914830e+01
3.769361208760955861e+01
3.769381974070520869e+01
3.769402058830002034e+01
3.769421462548907442e+01
3.769440184695111640e+01
3.769458224701639182e+01
3.769475581978134215e+01
3.769492255922325086e+01
3.769508245924282619e+01
3.769523551357335833e+01
3.769538171563532813e+01
3.769552105854103985e+01
3.769565353531454122e+01
3.769577913917777323e+01
3.769589786378028862e+01
3.769600970332274414e+01
3.769611465254794069e+01
3.769621270667248325e+01
3.769630386136906708e+01
3.769638811281601676e+01
3.769646545775851365e+01
3.769653589353669076e+01
3.769659941807773862e+01
3.769665602987242181e+01
3.769670572794964869e+01
3.769674851185980913e+01
3.769678438170101487e+01
3.769681333821154823e+01
3.769683538287895885e+01
3.769685051797600295e+01
3.769685874648464363e+01
3.769686007194020760e+01
3.769685449823747092e+01
3.769684202942710272e+01
3.769682266956466776e+01
3.769679642266683572e+01
3.769676329273380588e+01
3.769672328376493908e+01
3.769667639975197204e+01
3.769662264465862478e+01
3.769656202238270026e+01
3.769649453669870098e+01
3.769642019118192167e+01
3.769633898911796166e+01
3.769625093341421973e+01
3.769615602652500286e+01
3.769605427038348466e+01
3.769594566632877530e+01
3.769583021501744469e+01
3.769570791631655027e+01
3.769557876919959938e+01
3.769544277168726154e+01
3.769529992086128090e+01
3.769515021293184276e+01
3.769499364330311408e+01
3.769483020659583872e+01
3.769465989663007832e+01
3.769448270638938681e+01
3.769429862796947361e+01
3.769410765250837159e+01
3.769390977011943988e+01
3.769370496985471419e+01
3.769349323969738208e+01
3.769327456656503728e+01
3.769304893631976228e+01
3.769281633379669216e+01
3.769257674285113779e+01
3.769233014640474266e+01
3.769207652647213536e+01
3.769181586416230800e+01
3.769154813966632389e+01
3.769127333225873144e+01
3.769099142032036553e+01
3.769070238135629580e+01
3.769040619199142839e+01
3.769010282795921540e+01
3.768979226410706218e+01
3.768947447441816934e+01
3.768914943202665313e+01
3.768881710921510830e+01
3.768847747741608600e+01
3.768813050723797886e+01
3.768777616849957468e+01
3.768741443023845505e+01
3.768704526067545402e+01
3.768666862714317745e+01
3.768628449599694363e+01
3.768589283252575228e+01
3.768549360087983047e+01
3.768508676402935720e+01
3.768467228375826039e+01
3.768425012068044566e+01
3.768382023425600380e+01
3.768338258279287345e+01
3.768293712343484003e+01
3.768248381215052945e+01
3.768202260374382462e+01
3.768155345189062899e+01
3.768107630919024587e+01
3.768059112722453818e+01
3.768009785661713806e+01
3.767959644707509881e+01
3.767908684740037728e+01
3.767856900547115373e+01
3.767804286821240822e+01
3.767750838157921578e+01
3.767696549054293342e+01
3.767641413909008463e+01
3.767585427030991951e+01
3.767528582657060809e+01
3.767470874964769223e+01
3.767412298070942001e+01
3.767352846018808776e+01
3.767292512764650070e+01
3.767231292176432333e+01
3.767169178046075473e+01
3.767106164105328503e+01
3.767042244036291976e+01
3.766977411474923798e+01
3.766911660013474261e+01
3.766844983210431508e+01
3.766777374607568163e+01
3.766708827744270849e+01
3.766639336163098051e+01
3.766568893408911833e+01
3.766497493026944454e+01
3.766425128568068459e+01
3.766351793607610432e+01
3.766277481767771462e+01
3.766202186725242029e+01
3.766125902203719988e+01
3.766048621967111387e+01
3.765970339820526647e+01
3.765891049612834962e+01
3.765810745235033608e+01
3.765729420616573719e+01
3.765647069726750829e+01
3.765563686585448977e+01
3.765479265277102172e+01
3.765393799959687726e+01
3.765307284872650939e+01
3.765219714348339153e+01
3.765131082820902009e+01
3.765041384830323778e+01
3.764950615026069869e+01
3.764858768169369085e+01
3.764765839130531333e+01
3.764671822883147456e+01
3.764576714499168730e+01
3.764480509145545284e+01
3.764383202080870916e+01
3.764284788652608427e+01
3.764185264297631761e+01
3.764084624546274682e+01
3.763982865028622626e+01
3.763879981483439252e+01
3.763775969766797402e+01
3.763670825854284629e+01
3.763564545836005948e+01
3.763457125909631173e+01
3.763348562376669548e+01
3.763238851643218652e+01
3.763127990222471908e+01
3.763015974734987878e+01
3.762902801903990735e+01
3.762788468546001042e+01
3.762672971561268298e+01
3.762556307928399946e+01
3.762438474702688040e+01
3.762319469018532203e+01
3.762199288099366612e+01
3.762077929270699173e+01
3.761955389966048813e+01
3.761831667724212735e+01
3.761706760184195275e+01
3.761580665082676234e+01
3.761453380256637757e+01
3.761324903651841822e+01
3.761195233331211085e+01
3.761064367475323422e+01
3.760932304377544710e+01
3.760799042442092599e+01
3.760664580187650330e+01
3.760528916254882148e+01
3.760392049415310822e+01
3.760253978578639789e+01
3.760114702796668240e+01
3.759974221263216521e+01
3.759832533311221425e+01
3.759689638410230117e+01
3.759545536166428548e+01
3.759400226323347027e+01
3.759253708759067791e+01
3.759105983478366397e+01
3.758957050602709415e+01
3.758806910360844000e+01
3.758655563078410466e+01
3.758503009164343922e+01
3.758349249097378220e+01
3.758194283419362591e+01
3.758038112739500036e+01
3.757880737750463851e+01
3.757722159252215732e+01
3.757562378173874862e+01
3.757401395587116610e+01
3.757239212712070042e+01
3.757075830920201298e+01
3.756911251737094659e+01
3.756745476844564280e+01
3.756578508080514922e+01
3.756410347435696906e+01
3.756240997047342489e+01
3.756070459192315525e+01
3.755898736282896522e+01
3.755725830864513171e+01
3.755551745612795145e+01
3.755376483328485193e+01
3.755200046929916624e+01
3.755022439444620375e+01
3.754843664001903392e+01
3.754663723825428434e+01
3.754482622224921329e+01
3.754300362588559636e+01
3.754116948376635321e+01
3.753932383116379157e+01
3.753746670399814178e+01
3.753559813887645191e+01
3.753371817320169157e+01
3.753182684530420943e+01
3.752992419454114525e+01
3.752801026137335327e+01
3.752608508742296323e+01
3.752414871546369568e+01
3.752220118933711746e+01
3.752024255384564810e+01
3.751827285466106332e+01
3.751629213827110476e+01
3.751430045197955820e+01
3.751229784394056566e+01
3.751028436318214432e+01
3.750826005958596454e+01
3.750622498382421099e+01
3.750417918730141764e+01
3.750212272214005793e+01
3.750005564118183798e+01
3.749797799797040199e+01
3.749588984672436709e+01
3.749379124229965043e+01
3.749168224010700357e+01
3.748956289598670111e+01
3.748743326610856741e+01
3.748529340692172696e+01
3.748314337509165028e+01
3.748098322738760402e+01
3.747881302054960173e+01
3.747663281121190693e+01
3.747444265598626600e+01
3.747224261170401860e+01
3.747003273565908188e+01
3.746781308571272717e+01
3.746558372027263317e+01
3.746334469824767410e+01
3.746109607904747918e+01
3.745883792261225409e+01
3.745657028941622713e+01
3.745429324042057573e+01
3.745200683700970501e+01
3.744971114096266973e+01
3.744740621446745621e+01
3.744509212014111199e+01
3.744276892103138721e+01
3.744043668059988050e+01
3.743809546270230015e+01
3.743574533161350359e+01
3.743338635210523080e+01
3.743101858950717542e+01
3.742864210974867945e+01
3.742625697945302932e+01
3.742386326604341207e+01
3.742146103775541377e+01
3.741905036358816972e+01
3.741663131329345049e+01
3.741420395741743476e+01
3.741176836735026257e+01
3.740932461535028608e+01
3.740687277455075588e+01
3.740441291895879061e+01
3.740194512342118571e+01
3.739946946356398172e+01
3.739698601576024828e+01
3.739449485713880961e+01
3.739199606560762135e+01
3.738948971989366044e+01
3.738697589961602574e+01
3.738445468535991978e+01
3.738192615867284019e+01
3.737939040194962814e+01
3.737684749825425712e+01
3.737429753114357567e+01
3.737174058453684466e+01
3.736917674265542644e+01
3.736660609004040623e+01
3.736402871162963635e+01
3.736144469285235203e+01
3.735885411971695191e+01
3.735625707889878555e+01
3.735365365784162606e+01
3.735104394488638491e+01
3.734842802942225859e+01
3.734580600200672507e+01
3.734317795440468757e+01
3.734054397957500981e+01
3.733790417165320719e+01
3.733525862592825462e+01
3.733260743880386912e+01
3.732995070775778146e+01
3.732728853131085600e+01
3.732462100900876578e+01
3.732194824141352996e+01
3.731927033008619787e+01
3.731658737754428756e+01
3.731389948722600280e+01
3.731120676351683585e+01
3.730850931182389019e+01
3.730580723862487247e+01
3.730310065146257159e+01
3.730038965891203873e+01
3.729767437053123302e+01
3.729495489675908004e+01
3.729223134873657131e+01
3.728950383809279145e+01
3.728677247676797890e+01
3.728403737690869946e+01
3.728129865081557881e+01
3.727855641090862093e+01
3.727581076970029272e+01
3.727306183977740517e+01
3.727030973377808465e+01
3.726755456436493574e+01
3.726479644422735049e+01
3.726203548611795924e+01
3.725927180287444429e+01
3.725650550739757705e+01
3.725373671261360187e+01
3.725096553145909439e+01
3.724819207689110101e+01
3.724541646190022703e+01
3.724263879951205070e+01
3.723985920277293360e+01
3.723707778471342067e+01
3.723429465828343865e+01
3.723150993626408933e+01
3.722872373117164102e+01
3.722593615516737486e+01
3.722314731997232684e+01
3.722035733677713409e+01
3.721756631614411504e+01
3.721477436790736704e+01
3.721198160107386599e+01
3.720918812372457296e+01
3.720639404292429475e+01
3.720359946465783452e+01
3.720080449380027687e+01
3.719800923411938953e+01
3.719521378830820879e+01
3.719241825803229773e+01
3.718962274396133694e+01
3.718682734577252802e+01
3.718403216214032625e+01
3.718123729072618744e+01
3.717844282816832902e+01
3.717564887007633700e+01
3.717285551104622954e+01
3.717006284470279809e+01
3.716727096374879835e+01
3.716447995998483833e+01
3.716168992428553963e+01
3.715890094654539411e+01
3.715611311561299601e+01
3.715332651922817320e+01
3.715054124397374125e+01
3.714775737524962551e+01
3.714497499726455487e+01
3.714219419302481384e+01
3.713941504431422658e+01
3.713663763168776910e+01
3.713386203449343981e+01
3.713108833091263961e+01
3.712831659800927753e+01
3.712554691178477384e+01
3.712277934722523298e+01
3.712001397832037242e+01
3.711725087805225343e+01
3.711449011837814282e+01
3.711173177023678704e+01
3.710897590358389664e+01
3.710622258744121638e+01
3.710347188995832823e+01
3.710072387849874787e+01
3.709797861972117516e+01
3.709523617959935393e+01
3.709249662337082043e+01
3.708976001545062218e+01
3.708702641934299749e+01
3.708429589757067646e+01
3.708156851162847545e+01
3.707884432194857283e+01
3.707612338785606454e+01
3.707340576750991801e+01
3.707069151785552208e+01
3.706798069462509915e+01
3.706527335237306175e+01
3.706256954448999608e+01
3.705986932319127902e+01
3.705717273953203517e+01
3.705447984345416756e+01
3.705179068381982432e+01
3.704910530840192706e+01
3.704642376383286972e+01
3.704374609552684205e+01
3.704107234760317624e+01
3.703840256284571097e+01
3.703573678272451986e+01
3.703307504746429402e+01
3.703041739611187921e+01
3.702776386658423746e+01
3.702511449570666713e+01
3.702246931923838957e+01
3.701982837187862430e+01
3.701719168725998799e+01
3.701455929794969535e+01
3.701193123547800923e+01
3.700930753038717569e+01
3.700668821227640137e+01
3.700407330983032494e+01
3.700146285083864939e+01
3.699885686222656034e+01
3.699625537009870868e+01
3.699365839977834014e+01
3.699106597583376299e+01
3.698847812208921226e+01
3.698589486160548745e+01
3.698331621663824365e+01
3.698074220861472838e+01
3.697817285815044386e+01
3.697560818508338798e+01
3.697304820849654305e+01
3.697049294671895581e+01
3.696794241731024044e+01
3.696539663705387113e+01
3.696285562201176589e+01
3.696031938767051628e+01
3.695778794913430687e+01
3.695526132129737817e+01
3.695273951898534648e+01
3.695022255709256598e+01
3.694771045072440785e+01
3.694520321533364182e+01
3.694270086683637544e+01
3.694020342168413862e+01
3.693771089689022347e+01
3.693522331005011949e+01
3.693274067937654337e+01
3.693026302373257863e+01
3.692779036266767179e+01
3.692532271644681430e+01
3.692286010601544177e+01
3.692040255292535278e+01
3.691795007934438644e+01
3.691550270817616308e+01
3.691306046319934353e+01
3.691062336917658371e+01
3.690819145194314643e+01
3.690576473846425642e+01
3.690334325683108574e+01
3.690092703619830417e+01
3.689851610671578186e+01
3.689611049951381716e+01
3.689371024674687760e+01
3.689131538165673163e+01
3.688892593863268132e+01
3.688654195326502361e+01
3.688416346238867050e+01
3.688179050411999071e+01
3.687942311787708149e+01
3.687706134436204763e+01
3.687470522550621865e+01
3.687235480439883872e+01
3.687001012521378129e+01
3.686767123314309913e+01
3.686533817434512628e+01
3.686301099590429686e+01
3.686068974578997626e+01
3.685837447281040369e+01
3.685606522658414974e+01
3.685376205755935786e+01
3.685146501705821009e+01
3.684917415726688716e+01
3.684688953112130605e+01
3.684461119213435865e+01
3.684233919426015547e+01
3.684007359183626562e+01
3.683781443956966939e+01
3.683556179253057650e+01
3.683331570614424066e+01
3.683107623617012649e+01
3.682884343865671894e+01
3.682661736987387968e+01
3.682439808622964250e+01
3.682218564417529905e+01
3.681998010010268274e+01
3.681778151023752343e+01
3.681558993054160567e+01
3.681340541663339394e+01
3.681122802371254465e+01
3.680905780648534886e+01
3.680689481912336447e+01
3.680473911526480890e+01
3.680259074801600860e+01
3.680044976991190708e+01
3.679831623283851627e+01
3.679619018794475238e+01
3.679407168556583940e+01
3.679196077516721886e+01
3.678985750530692656e+01
3.678776192361161890e+01
3.678567407676523260e+01
3.678359401051031341e+01
3.678152176965418363e+01
3.677945739806729364e+01
3.677740093867091531e+01
3.677535243342376248e+01
3.677331192331934773e+01
3.677127944841549834e+01
3.676925504792811950e+01
3.676723876037171834e+01
3.676523062366676697e+01
3.676323067517305532e+01
3.676123895168892375e+01
3.675925548947191146e+01
3.675728032429935155e+01
3.675531349154254457e+01
3.675335502621562966e+01
3.675140496298838855e+01
3.674946333617469207e+01
3.674753017970729729e+01
3.674560552710870809e+01
3.674368941146399692e+01
3.674178186539168678e+01
3.673988292101065412e+01
3.673799260990806914e+01
3.673611096311505264e+01
3.673423801110475750e+01
3.673237378382456342e+01
3.673051831074470641e+01
3.672867162089046644e+01
3.672683374284698488e+01
3.672500470475045375e+01
3.672318453427929796e+01
3.672137325864434843e+01
3.671957090456441364e+01
3.671777749821748671e+01
3.671599306517536832e+01
3.671421763034018682e+01
3.671245121789754506e+01
3.671069385129002427e+01
3.670894555320339236e+01
3.670720634555475215e+01
3.670547624949231391e+01
3.670375528543416266e+01
3.670204347313817550e+01
3.670034083175045936e+01
3.669864737980220326e+01
3.669696313517531649e+01
3.669528811507873911e+01
3.669362233607640178e+01
3.669196581417460834e+01
3.669031856491520927e+01
3.668868060340837189e+01
3.668705194430495453e+01
3.668543260175815135e+01
3.668382258940166452e+01
3.668222192032985163e+01
3.668063060706221989e+01
3.667904866151963716e+01
3.667747609504726114e+01
3.667591291846180468e+01
3.667435914209198700e+01
3.667281477581310867e+01
3.667127982906216488e+01
3.666975431081389303e+01
3.666823822954619772e+01
3.666673159325713272e+01
3.666523440955491253e+01
3.666374668576841600e+01
3.666226842901767213e+01
3.666079964623763487e+01
3.665934034418049237e+01
3.665789052939261694e+01
3.665645020812428356e+01
3.665501938618681521e+01
3.665359806884766414e+01
3.665218626080537234e+01
3.665078396620932466e+01
3.664939118868431933e+01
3.664800793133962742e+01
3.664663419676623590e+01
3.664526998701956728e+01
3.664391530355729287e+01
3.664257014714799254e+01
3.664123451781477314e+01
3.663990841483154526e+01
3.663859183674166076e+01
3.663728478137653610e+01
3.663598724586257305e+01
3.663469922660663514e+01
3.663342071926983579e+01
3.663215171879777898e+01
3.663089221960276376e+01
3.662964221588332236e+01
3.662840170193788936e+01
3.662717067234501656e+01
3.662594912198675701e+01
3.662473704599891278e+01
3.662353443974960499e+01
3.662234129886840606e+01
3.662115761930667190e+01
3.661998339738907760e+01
3.661881862981059754e+01
3.661766331361106097e+01
3.661651744618669113e+01
3.661538102530946759e+01
3.661425404910551151e+01
3.661313651603933295e+01
3.661202842497208110e+01
3.661092977525973424e+01
3.660984056682786303e+01
3.660876080024057444e+01
3.660769047678402188e+01
3.660662959852849951e+01
3.660557816835249412e+01
3.660453618994728231e+01
3.660350366779417897e+01
3.660248060706393147e+01
3.660146701342151232e+01
3.660046289282222176e+01
3.659946825138951709e+01
3.659848309538251243e+01
3.659750743124622119e+01
3.659654126573290966e+01
3.659558460604972652e+01
3.659463746000924544e+01
3.659369983617612121e+01
3.659277174397372789e+01
3.659185319372073764e+01
3.659094419661303732e+01
3.659004476469109335e+01
3.658915491083553917e+01
3.658827464880262426e+01
3.658740399323733072e+01
3.658654295961724756e+01
3.658569156419744672e+01
3.658484982404591790e+01
3.658401775715690007e+01
3.658319538255352654e+01
3.658238272030469318e+01
3.658157979145423866e+01
3.658078661791996922e+01
3.658000322241889535e+01
3.657922962844413206e+01
3.657846586027682179e+01
3.657771194297956185e+01
3.657696790235766571e+01
3.657623376496029977e+01
3.657550955816838467e+01
3.657479531030870135e+01
3.657409105072712663e+01
3.657339680982674679e+01
3.657271261909818350e+01
3.657203851113918347e+01
3.657137451964105423e+01
3.657072067933422943e+01
3.657007702591524634e+01
3.656944359598152516e+01
3.656882042696906865e+01
3.656820755708233861e+01
3.656760502523383849e+01
3.656701287100223396e+01
3.656643113458456895e+01
3.656585985673290651e+01
3.656529907870748985e+01
3.656474884226694400e+01
3.656420918966424694e+01
3.656368016360768536e+01
3.656316180718081199e+01
3.656265416375563149e+01
3.656215727694076634e+01
3.656167119056475201e+01
3.656119594866413536e+01
3.656073159546377838e+01
3.656027817535323265e+01
3.655983573286117405e+01
3.655940431262980894e+01
3.655898395939120604e+01
3.655857471794654145e+01
3.655817663315116306e+01
3.655778974990452923e+01
3.655741411313717038e+01
3.655704976778696391e+01
3.655669675876268343e+01
3.655635513090072664e+01
3.655602492892964506e+01
3.655570619746871586e+01
3.655539898107520003e+01
3.655510332430331744e+01
3.655481927171835110e+01
3.655454686785910923e+01
3.655428615717796959e+01
3.655403718397508328e+01
3.655379999232569332e+01
3.655357462599191365e+01
3.655336112832469553e+01
3.655315954219501151e+01
3.655296990998253648e+01
3.655279227359832106e+01
3.655262667450361391e+01
3.655247315371207861e+01
3.655233175178128846e+01
3.655220250880422839e+01
3.655208546440361062e+01
3.655198065771750748e+01
3.655188812737323190e+01
3.655180791145924957e+01
3.655174004748926109e+01
3.655168457235461688e+01
3.655164152229323804e+01
3.655161093291113872e+01
3.655159283925653568e+01
3.655158727590657719e+01
3.655159427702971442e+01
3.655161387641201287e+01
3.655164610745033116e+01
3.655169100312695463e+01
3.655174859598227499e+01
3.655181891809133532e+01
3.655190200104718912e+01
3.655199787596077243e+01
3.655210657348418124e+01
3.655222812384459274e+01
3.655236255687139391e+01
3.655250990202516448e+01
3.655267018844526916e+01
3.655284344500120852e+01
3.655302970032548870e+01
3.655322898283384347e+01
3.655344132074242935e+01
3.655366674206950250e+01
3.655390527460584593e+01
3.655415694586181985e+01
3.655442178301829159e+01
3.655469981289798653e+01
3.655499106194462655e+01
3.655529555618740289e+01
3.655561332119282270e+01
3.655594438203110030e+01
3.655628876327468646e+01
3.655664648901920089e+01
3.655701758290820180e+01
3.655740206815211479e+01
3.655779996754031913e+01
3.655821130344833847e+01
3.655863609783723689e+01
3.655907437224612977e+01
3.655952614781201504e+01
3.655999144535185508e+01
3.656047028546610989e+01
3.656096268858966170e+01
3.656146867498519271e+01
3.656198826472100905e+01
3.656252147764978844e+01
3.656306833337465179e+01
3.656362885118794281e+01
3.656420304999144832e+01
3.656479094822639553e+01
3.656539256383162240e+01
3.656600791422415853e+01
3.656663701628176000e+01
3.656727988631461557e+01
3.656793654003227090e+01
3.656860699251728164e+01
3.656929125821248050e+01
3.656998935091704794e+01
3.657070128377762330e+01
3.657142706927457709e+01
3.657216671921698747e+01
3.657292024475612635e+01
3.657368765642229391e+01
3.657446896417430082e+01
3.657526417743626013e+01
3.657607330511390842e+01
3.657689635560016939e+01
3.657773333677684491e+01
3.657858425602986330e+01
3.657944912029766726e+01
3.658032793611371147e+01
3.658122070957103489e+01
3.658212744622250767e+01
3.658304815100345309e+01
3.658398282820976277e+01
3.658493148149649699e+01
3.658589411386567036e+01
3.658687072764046633e+01
3.658786132443545114e+01
3.658886590513363757e+01
3.658988446987519438e+01
3.659091701805296282e+01
3.659196354830696407e+01
3.659302405851405382e+01
3.659409854576773569e+01
3.659518700634536970e+01
3.659628943567727788e+01
3.659740582836255385e+01
3.659853617827743477e+01
3.659968047874207286e+01
3.660083872265322924e+01
3.660201090255257839e+01
3.660319701066099185e+01
3.660439703889908714e+01
3.660561097890293070e+01
3.660683882203772299e+01
3.660808055938911565e+01
3.660933618170088977e+01
3.661060567927855658e+01
3.661188904193866733e+01
3.661318625904872448e+01
3.661449731960798459e+01
3.661582221229804901e+01
3.661716092549053769e+01
3.661851344723630319e+01
3.661987976525257693e+01
3.662125986690822543e+01
3.662265373919726130e+01
3.662406136869967099e+01
3.662548274153930095e+01
3.662691784333104295e+01
3.662836665908213263e+01
3.662982917303508401e+01
3.663130536852901287e+01
3.663279522800518606e+01
3.663429873318198560e+01
3.663581586527076439e+01
3.663734660507777363e+01
3.663889093295696142e+01
3.664044882870434350e+01
3.664202027149521257e+01
3.664360523989728335e+01
3.664520371194909387e+01
3.664681566526857637e+01
3.664844107713047094e+01
3.665007992447254281e+01
3.665173218385019993e+01
3.665339783138817609e+01
3.665507684275941358e+01
3.665676919318543270e+01
3.665847485743854861e+01
3.666019380984313614e+01
3.666192602428372282e+01
3.666367147422563733e+01
3.666543013275323659e+01
3.666720197261007286e+01
3.666898696619805520e+01
3.667078508551434624e+01
3.667259630206280718e+01
3.667442058679281303e+01
3.667625791007590408e+01
3.667810824169909267e+01
3.667997155085515004e+01
3.668184780612123319e+01
3.668373697543065504e+01
3.668563902604949334e+01
3.668755392455710052e+01
3.668948163682170360e+01
3.669142212797403602e+01
3.669337536238874264e+01
3.669534130367456015e+01
3.669731991466152010e+01
3.669931115736375915e+01
3.670131499296481081e+01
3.670333138196443912e+01
3.670536028445905430e+01
3.670740166031676921e+01
3.670945546916745172e+01
3.671152167032160918e+01
3.671360022269411871e+01
3.671569108476206367e+01
3.671779421457121373e+01
3.671990956976979703e+01
3.672203710764905793e+01
3.672417678520130835e+01
3.672632855919846406e+01
3.672849238626272239e+01
3.673066822290218170e+01
3.673285602550453888e+01
3.673505575029375336e+01
3.673726735326432902e+01
3.673949079011843111e+01
3.674172601622739620e+01
3.674397298661848765e+01
3.674623165597144236e+01
3.674850197861206169e+01
3.675078390850184462e+01
3.675307739922762096e+01
3.675538240399509249e+01
3.675769887562625371e+01
3.676002676655380697e+01
3.676236602880977244e+01
3.676471661401603086e+01
3.676707847338066415e+01
3.676945155769139717e+01
3.677183581729919837e+01
3.677423120209709850e+01
3.677663766149794355e+01
3.677905514440826096e+01
3.678148359920211163e+01
3.678392297370562147e+01
3.678637321519416759e+01
3.678883427039638576e+01
3.679130608550396886e+01
3.679378860619804925e+01
3.679628177770086239e+01
3.679878554481278030e+01
3.680129985186557917e+01
3.680382464260943465e+01
3.680635986012814698e+01
3.680890544681670207e+01
3.681146134438608186e+01
3.681402749387584805e+01
3.681660383567648154e+01
3.681919030954585281e+01
3.682178685459736300e+01
3.682439340926769233e+01
3.682700991129426171e+01
3.682963629772184788e+01
3.683227250493651894e+01
3.683491846871609710e+01
3.683757412429617517e+01
3.684023940645365514e+01
3.684291424959126715e+01
3.684559858779769570e+01
3.684829235486386523e+01
3.685099548423882254e+01
3.685370790893496462e+01
3.685642956143222193e+01
3.685916037362905939e+01
3.686190027685282189e+01
3.686464920190907435e+01
3.686740707913575932e+01
3.687017383845054752e+01
3.687294940940594046e+01
3.687573372124734306e+01
3.687852670292136281e+01
3.688132828297504773e+01
3.688413838937815115e+01
3.688695694941257130e+01
3.688978388973910683e+01
3.689261913661513148e+01
3.689546261616295908e+01
3.689831425459139780e+01
3.690117397833354573e+01
3.690404171414756007e+01
3.690691738922808440e+01
3.690980093132358064e+01
3.691269226885361121e+01
3.691559133101633705e+01
3.691849804784539657e+01
3.692141235020051226e+01
3.692433416972108517e+01
3.692726343877000517e+01
3.693020009038819751e+01
3.693314405828031965e+01
3.693609527683257454e+01
3.693905368115198229e+01
3.694201920713188514e+01
3.694499179155840807e+01
3.694797137223441297e+01
3.695095788806544590e+01
3.695395127910284572e+01
3.695695148657705431e+01
3.695995845291731996e+01
3.696297212174799540e+01
3.696599243787993316e+01
3.696901934730875894e+01
3.697205279722570737e+01
3.697509273604114810e+01
3.697813911338574400e+01
3.698119188006282343e+01
3.698425098798420407e+01
3.698731639013235650e+01
3.699038804055461327e+01
3.699346589437497812e+01
3.699654990781271380e+01
3.699964003820189617e+01
3.700273624399829231e+01
3.700583848473754500e+01
3.700894672090465320e+01
3.701206091376065643e+01
3.701518102525983522e+01
3.701830701808871993e+01
3.702143885570696114e+01
3.702457650230451947e+01
3.702771992268085199e+01
3.703086908207245642e+01
3.703402394596584202e+01
3.703718447992991258e+01
3.704035064946982914e+01
3.704352241989447236e+01
3.704669975621118283e+01
3.704988262306527247e+01
3.705307098471075022e+01
3.705626480497902264e+01
3.705946404722720899e+01
3.706266867425615885e+01
3.706587864819641709e+01
3.706909393039994427e+01
3.707231448138447405e+01
3.707554026082069498e+01
3.707877122752336874e+01
3.708200733944138250e+01
3.708524855367318906e+01
3.708849482651536533e+01
3.709174611351110684e+01
3.709500236946270491e+01
3.709826354840311069e+01
3.710152960353434537e+01
3.710480048714062207e+01
3.710807615049943564e+01
3.711135654381808280e+01
3.711464161620415325e+01
3.711793131566531656e+01
3.712122558912559356e+01
3.712452438244073960e+01
3.712782764040183991e+01
3.713113530671750340e+01
3.713444732395613812e+01
3.713776363345992593e+01
3.714108417529387651e+01
3.714440888827670761e+01
3.714773771006723990e+01
3.715107057724298301e+01
3.715440742533878193e+01
3.715774818886987418e+01
3.716109280137830240e+01
3.716444119549689162e+01
3.716779330299468143e+01
3.717114905478240416e+01
3.717450838087125931e+01
3.717787121030918485e+01
3.718123747114352540e+01
3.718460709041964662e+01
3.718797999419911093e+01
3.719135610760503141e+01
3.719473535490159577e+01
3.719811765958620242e+01
3.720150294446211348e+01
3.720489113166827622e+01
3.720828214266916234e+01
3.721167589823195243e+01
3.721507231841149377e+01
3.721847132254309543e+01
3.722187282923623286e+01
3.722527675635953415e+01
3.722868302099259097e+01
3.723209153931256310e+01
3.723550222641934226e+01
3.723891499616269840e+01
3.724232976104053705e+01
3.724574643219066417e+01
3.724916491946240882e+01
3.725258513152623152e+01
3.725600697596680533e+01
3.725943035936632697e+01
3.726285518745793013e+01
3.726628136536682234e+01
3.726970879783387147e+01
3.727313738933492715e+01
3.727656704410961197e+01
3.727999766614033206e+01
3.728342915911678546e+01
3.728686142643448420e+01
3.729029437125176827e+01
3.729372789657503517e+01
3.729716190534592357e+01
3.730059630054118713e+01
3.730403098528128680e+01
3.730746586291565592e+01
3.731090083706408222e+01
3.731433581160454338e+01
3.731777069061135421e+01
3.732120537830598295e+01
3.732463977909846875e+01
3.732807379771158196e+01
3.733150733932259868e+01
3.733494030968163457e+01
3.733837261519012429e+01
3.734180416292946347e+01
3.734523486063626052e+01
3.734866461663657589e+01
3.735209333977822155e+01
3.735552093939422491e+01
3.735894732529265383e+01
3.736237240774833879e+01
3.736579609748583408e+01
3.736921830566435432e+01
3.737263894387824337e+01
3.737605792417410555e+01
3.737947515907952578e+01
3.738289056162891910e+01
3.738630404536309015e+01
3.738971552430830769e+01
3.739312491296903573e+01
3.739653212635477786e+01
3.739993708004586637e+01
3.740333969028360883e+01
3.740673987403901890e+01
3.741013754902602528e+01
3.741353263366886495e+01
3.741692504703936351e+01
3.742031470875907928e+01
3.742370153888200690e+01
3.742708545781230356e+01
3.743046638629710543e+01
3.743384424547772937e+01
3.743721895694869772e+01
3.744059044278366599e+01
3.744395862552136123e+01
3.744732342814865689e+01
3.745068477412356600e+01
3.745404258743234749e+01
3.745739679264369215e+01
3.746074731491613363e+01
3.746409407991977503e+01
3.746743701370736090e+01
3.747077604264865158e+01
3.747411109348173142e+01
3.747744209341200872e+01
3.748076897018886200e+01
3.748409165214818017e+01
3.748741006819451371e+01
3.749072414770235895e+01
3.749403382039605503e+01
3.749733901629397792e+01
3.750063966574136742e+01
3.750393569949478234e+01
3.750722704879976277e+01
3.751051364541492461e+01
3.751379542158247204e+01
3.751707230999090825e+01
3.752034424376117983e+01
3.752361115644838918e+01
3.752687298204349275e+01
3.753012965496043307e+01
3.753338111001545485e+01
3.753662728244152191e+01
3.753986810795046836e+01
3.754310352275911811e+01
3.754633346345075040e+01
3.754955786664668693e+01
3.755277666863008790e+01
3.755598980513738638e+01
3.755919721142725365e+01
3.756239882251819040e+01
3.756559457341045771e+01
3.756878439921747059e+01
3.757196823518127360e+01
3.757514601653900854e+01
3.757831767830946035e+01
3.758148315517222926e+01
3.758464238151144343e+01
3.758779529153553511e+01
3.759094181939019563e+01
3.759408189926253385e+01
3.759721546548042426e+01
3.760034245257968166e+01
3.760346279532938496e+01
3.760657642875133178e+01
3.760968328816393580e+01
3.761278330922989710e+01
3.761587642797872633e+01
3.761896258081644362e+01
3.762204170454904784e+01
3.762511373641665102e+01
3.762817861410916009e+01
3.763123627574100993e+01
3.763428665981231802e+01
3.763732970520604226e+01
3.764036535121246629e+01
3.764339353753612727e+01
3.764641420427844309e+01
3.764942729191251658e+01
3.765243274126287076e+01
3.765543049350655025e+01
3.765842049019867943e+01
3.766140267330382585e+01
3.766437698521663435e+01
3.766734336876208999e+01
3.767030176716845347e+01
3.767325212400807999e+01
3.767619438310419611e+01
3.767912848842886575e+01
3.768205438403705188e+01
3.768497201404158403e+01
3.768788132259396662e+01
3.769078225386524394e+01
3.769367475206193063e+01
3.769655876149255391e+01
3.769943422666548116e+01
3.770230109239640370e+01
3.770515930390617143e+01
3.770800880688447876e+01
3.771084954750102725e+01
3.771368147237671309e+01
3.771650452856069080e+01
3.771931866353666862e+01
3.772212382523217400e+01
3.772491996199953235e+01
3.772770702257349740e+01
3.773048495604550112e+01
3.773325371188946775e+01
3.773601324002179780e+01
3.773876349084378745e+01
3.774150441525488731e+01
3.774423596466593978e+01
3.774695809101828559e+01
3.774967074680287737e+01
3.775237388509306413e+01
3.775506745958419685e+01
3.775775142461083078e+01
3.776042573514059342e+01
3.776309034676805965e+01
3.776574521571350118e+01
3.776839029880604670e+01
3.777102555343476809e+01
3.777365093746661273e+01
3.777626640914684941e+01
3.777887192702579000e+01
3.778146744995181194e+01
3.778405293712182100e+01
3.778662834815712301e+01
3.778919364318020513e+01
3.779174878286531225e+01
3.779429372844804647e+01
3.779682844170874034e+01
3.779935288492076495e+01
3.780186702071311089e+01
3.780437081185411330e+01
3.780686422105952005e+01
3.780934721089801798e+01
3.781181974374348442e+01
3.781428178170099130e+01
3.781673328654940747e+01
3.781917421978037197e+01
3.782160454271041061e+01
3.782402421659599412e+01
3.782643320272615028e+01
3.782883146249859863e+01
3.783121895748805485e+01
3.783359564951752674e+01
3.783596150073640985e+01
3.783831647367910023e+01
3.784066053126912266e+01
3.784299363678236006e+01
3.784531575381899415e+01
3.784762684629991725e+01
3.784992687846699511e+01
3.785221581488627152e+01
3.785449362047557997e+01
3.785676026054964183e+01
3.785901570084676138e+01
3.786125990752817216e+01
3.786349284716870756e+01
3.786571448674256146e+01
3.786792479360133967e+01
3.787012373545886135e+01
3.787231128040236428e+01
3.787448739693095945e+01
3.787665205400477930e+01
3.787880522108254411e+01
3.788094686813084877e+01
3.788307696560812587e+01
3.788519548444572393e+01
3.788730239604460337e+01
3.788939767228468014e+01
3.789148128554298722e+01
3.789355320872252975e+01
3.789561341527537763e+01
3.789766187919259721e+01
3.789969857494841676e+01
3.790172347741621905e+01
3.790373656179814787e+01
3.790573780359173384e+01
3.790772717858676799e+01
3.790970466288069218e+01
3.791167023289400362e+01
3.791362386536717821e+01
3.791556553734493917e+01
3.791749522616346724e+01
3.791941290944056675e+01
3.792131856506291854e+01
3.792321217117429910e+01
3.792509370617070630e+01
3.792696314869736796e+01
3.792882047763901454e+01
3.793066567210232165e+01
3.793249871139357765e+01
3.793431957499337415e+01
3.793612824252939220e+01
3.793792469375020460e+01
3.793970890851076661e+01
3.794148086678032428e+01
3.794324054868445018e+01
3.794498793459674602e+01
3.794672300526080733e+01
3.794844574188783781e+01
3.795015612620456835e+01
3.795185414046912342e+01
3.795353976747709623e+01
3.795521299055791786e+01
3.795687379354399837e+01
3.795852216071064333e+01
3.796015807670236342e+01
3.796178152643774695e+01
3.796339249497152935e+01
3.796499096737029078e+01
3.796657692872357615e+01
3.796815036428850476e+01
3.796971125961878357e+01
3.797125960059929639e+01
3.797279537343975875e+01
3.797431856468401179e+01
3.797582916123195673e+01
3.797732715034400286e+01
3.797881251962314764e+01
3.798028525701458591e+01
3.798174535084428527e+01
3.798319278985469793e+01
3.798462756321222145e+01
3.798604966052638332e+01
3.798745907190117066e+01
3.798885578797567319e+01
3.799023979991311251e+01
3.799161109933634606e+01
3.799296967822535720e+01
3.799431552879725160e+01
3.799564864339895109e+01
3.799696901444567487e+01
3.799827663441688941e+01
3.799957149589616279e+01
3.800085359163731624e+01
3.800212291464711711e+01
3.800337945827779862e+01
3.800462321631470530e+01
3.800585418303470675e+01
3.800707235321792155e+01
3.800827772211751920e+01
3.800947028541499861e+01
3.801065003918805729e+01
3.801181697988346997e+01
3.801297110427331916e+01
3.801411240941910563e+01
3.801524089269233286e+01
3.801635655184775686e+01
3.801745938508980061e+01
3.801854939109225029e+01
3.801962656898678716e+01
3.802069091833596559e+01
3.802174243906823392e+01
3.802278113137885640e+01
3.802380699566104738e+01
3.802482003250923981e+01
3.802582024276615869e+01
3.802680762756513388e+01
3.802778218833627477e+01
3.802874392676991988e+01
3.802969284475272360e+01
3.803062894429508844e+01
3.803155222747121655e+01
3.803246269638939481e+01
3.803336035317597918e+01
3.803424519995152764e+01
3.803511723880800588e+01
3.803597647178693819e+01
3.803682290082349482e+01
3.803765652764288063e+01
3.803847735366839800e+01
3.803928538000266002e+01
3.804008060747206343e+01
3.804086303670833047e+01
3.804163266825931089e+01
3.804238950270266173e+01
3.804313354072262854e+01
3.804386478313415410e+01
3.804458323087006022e+01
3.804528888495747196e+01
3.804598174650892872e+01
3.804666181674951986e+01
3.804732909707620792e+01
3.804798358912593415e+01
3.804862529484664435e+01
3.804925421655767082e+01
3.804987035696329656e+01
3.805047371913427412e+01
3.805106430651562732e+01
3.805164212295296977e+01
3.805220717267894770e+01
3.805275946026945633e+01
3.805329899062719079e+01
3.805382576899536673e+01
3.805433980095887136e+01
3.805484109240835267e+01
3.805532964947317254e+01
3.805580547842516381e+01
3.805626858551422487e+01
3.805671897670847414e+01
3.805715665745388776e+01
3.805758163264437854e+01
3.805799390682470573e+01
3.805839348447326387e+01
3.805878037023038019e+01
3.805915456902331329e+01
3.805951608609684200e+01
3.805986492700004220e+01
3.806020109757690761e+01
3.806052460395513748e+01
3.806083545250660904e+01
3.806113364979429292e+01
3.806141920254351874e+01
3.806169211765709548e+01
3.806195240226065124e+01
3.806220006372071651e+01
3.806243510957904874e+01
3.806265754743630936e+01
3.806286738489622223e+01
3.806306462962459847e+01
3.806324928945326747e+01
3.806342137244015333e+01
3.806358088687483132e+01
3.806372784126461539e+01
3.806386224433335030e+01
3.806398410503578589e+01
3.806409343256225242e+01
3.806419023631507059e+01
3.806427452585676718e+01
3.806434631085535614e+01
3.806440560107643734e+01
3.806445240644152506e+01
3.806448673711853559e+01
3.806450860359868926e+01
3.806451801671785518e+01
3.806451498760200280e+01
3.806449952757950683e+01
3.806447164811974915e+01
3.806443136080105916e+01
3.806437867728636348e+01
3.806431360930181285e+01
3.806423616861449943e+01
3.806414636699160070e+01
3.806404421612551658e+01
3.806392972756874116e+01
3.806380291275838346e+01
3.806366378311569321e+01
3.806351235014172829e+01
3.806334862549355336e+01
3.806317262104289512e+01
3.806298434888519466e+01
3.806278382129310245e+01
3.806257105064570112e+01
3.806234604936253163e+01
3.806210882985914878e+01
3.806185940452895267e+01
3.806159778573282892e+01
3.806132398575670805e+01
3.806103801672719555e+01
3.806073989053604123e+01
3.806042961881719577e+01
3.806010721296870969e+01
3.805977268420580373e+01
3.805942604362179083e+01
3.805906730221196455e+01
3.805869647086731788e+01
3.805831356039263369e+01
3.805791858156064222e+01
3.805751154515450452e+01
3.805709246196842344e+01
3.805666134279952217e+01
3.805621819845627840e+01
3.805576303976698682e+01
3.805529587758341137e+01
3.805481672277948491e+01
3.805432558622383254e+01
3.805382247871425960e+01
3.805330741089182567e+01
3.805278039315784611e+01
3.805224143561822103e+01
3.805169054807644358e+01
3.805112774004712151e+01
3.805055302073343881e+01
3.804996639896277344e+01
3.804936788311747620e+01
3.804875748109678568e+01
3.804813520032265473e+01
3.804750104777284037e+01
3.804685503004323976e+01
3.804619715346773745e+01
3.804552742426433554e+01
3.804484584862481711e+01
3.804415243274405611e+01
3.804344718286198912e+01
3.804273010533579225e+01
3.804200120669261764e+01
3.804126049363266304e+01
3.804050797299719022e+01
3.803974365173167627e+01
3.803896753686263565e+01
3.803817963549005299e+01
3.803737995478763878e+01
3.803656850199813988e+01
3.803574528442102576e+01
3.803491030940300988e+01
3.803406358432763312e+01
3.803320511657859981e+01
3.803233491346995976e+01
3.803145298217246761e+01
3.803055932968083397e+01
3.802965396284819377e+01
3.802873688845964040e+01
3.802780811330078592e+01
3.802686764422546872e+01
3.802591548821757783e+01
3.802495165238473618e+01
3.802397614387115965e+01
3.802298896979385745e+01
3.802199013729580201e+01
3.802097965366630206e+01
3.801995752640488035e+01
3.801892376319952405e+01
3.801787837190483543e+01
3.801682136059532979e+01
3.801575273768391838e+01
3.801467251204046249e+01
3.801358069305090481e+01
3.801247729061214642e+01
3.801136231509964603e+01
3.801023577732821224e+01
3.800909768849921733e+01
3.800794806013804816e+01
3.800678690404621562e+01
3.800561423228170099e+01
3.800443005715784039e+01
3.800323439125198632e+01
3.800202724742973004e+01
3.800080863889161265e+01
3.799957857923732263e+01
3.799833708253287057e+01
3.799708416335923999e+01
3.799581983682897857e+01
3.799454411858614833e+01
3.799325702480251721e+01
3.799195857214345295e+01
3.799064877769395565e+01
3.798932765889544072e+01
3.798799523352632690e+01
3.798665151968948805e+01
3.798529653578513177e+01
3.798393030050018382e+01
3.798255283281823580e+01
3.798116415202650842e+01
3.797976427772678676e+01
3.797835322985319806e+01
3.797693102867919634e+01
3.797549769483443782e+01
3.797405324936150350e+01
3.797259771377952831e+01
3.797113111010104802e+01
3.796965346080115467e+01
3.796816478877789081e+01
3.796666511732242100e+01
3.796515447007264044e+01
3.796363287094047934e+01
3.796210034405878986e+01
3.796055691379243768e+01
3.795900260482446953e+01
3.795743744228906991e+01
3.795586145189084704e+01
3.795427465997743610e+01
3.795267709356919994e+01
3.795106878033836040e+01
3.794944974852477770e+01
3.794782002681180444e+01
3.794617964420804412e+01
3.794452862995441933e+01
3.794286701344880441e+01
3.794119482419111478e+01
3.793951209178395345e+01
3.793781884602388743e+01
3.793611511704039430e+01
3.793440093538232816e+01
3.793267633202540878e+01
3.793094133836125792e+01
3.792919598620498078e+01
3.792744030779685005e+01
3.792567433576125069e+01
3.792389810301975928e+01
3.792211164269358648e+01
3.792031498803618206e+01
3.791850817241170546e+01
3.791669122931141089e+01
3.791486419240033712e+01
3.791302709558054573e+01
3.791117997304456821e+01
3.790932285932021983e+01
3.790745578932700965e+01
3.790557879842774724e+01
3.790369192244217089e+01
3.790179519762358495e+01
3.789988866062281403e+01
3.789797234846000862e+01
3.789604629851495332e+01
3.789411054852613603e+01
3.789216513657330410e+01
3.789021010103958531e+01
3.788824548057553443e+01
3.788627131408367177e+01
3.788428764072935451e+01
3.788229449997792386e+01
3.788029193164847896e+01
3.787827997595397989e+01
3.787625867349854047e+01
3.787422806524838848e+01
3.787218819252725410e+01
3.787013909706334402e+01
3.786808082105780926e+01
3.786601340721031050e+01
3.786393689867941248e+01
3.786185133902245070e+01
3.785975677216372048e+01
3.785765324239285690e+01
3.785554079436419528e+01
3.785341947309223798e+01
3.785128932398323798e+01
3.784915039292906158e+01
3.784700272641962471e+01
3.784484637161342846e+01
3.784268137637111096e+01
3.784050778927732495e+01
3.783832565963825090e+01
3.783613503744408035e+01
3.783393597330227465e+01
3.783172851833968764e+01
3.782951272408130450e+01
3.782728864234456978e+01
3.782505632519413297e+01
3.782281582495799199e+01
3.782056719425629154e+01
3.781831048600774636e+01
3.781604575342728936e+01
3.781377305003447731e+01
3.781149242968037782e+01
3.780920394659982975e+01
3.780690765546759735e+01
3.780460361141848580e+01
3.780229187002657198e+01
3.779997248726790104e+01
3.779764551948024121e+01
3.779531102332089176e+01
3.779296905572068255e+01
3.779061967382815368e+01
3.778826293494404354e+01
3.778589889645191136e+01
3.778352761574194574e+01
3.778114915013178887e+01
3.777876355680505327e+01
3.777637089277597937e+01
3.777397121487275911e+01
3.777156457972760961e+01
3.776915104376296739e+01
3.776673066317383132e+01
3.776430349390423657e+01
3.776186959160523315e+01
3.775942901157731058e+01
3.775698180871086151e+01
3.775452803741988816e+01
3.775206775156394201e+01
3.774960100435360744e+01
3.774712784821501543e+01
3.774464833464368496e+01
3.774216251413724876e+01
3.773967043622076289e+01
3.773717214950806920e+01
3.773466770177286378e+01
3.773215714001302246e+01
3.772964051048951717e+01
3.772711785876251867e+01
3.772458922975177842e+01
3.772205466780783212e+01
3.771951421677628957e+01
3.771696792006412835e+01
3.771441582071283705e+01
3.771185796145690716e+01
3.770929438475023687e+01
3.770672513277499149e+01
3.770415024745629040e+01
3.770156977048765157e+01
3.769898374336032987e+01
3.769639220737808216e+01
3.769379520362608105e+01
3.769119277289219383e+01
3.768858495558529142e+01
3.768597179168962441e+01
3.768335332076598121e+01
3.768072958200639277e+01
3.767810061432589919e+01
3.767546645643676584e+01
3.767282714687011236e+01
3.767018272396249756e+01
3.766753322584344943e+01
3.766487869044642878e+01
3.766221915553730781e+01
3.765955465873506114e+01
3.765688523751201444e+01
3.765421092917849677e+01
3.765153177085392855e+01
3.764884779941640147e+01
3.764615905142503749e+01
3.764346556303554081e+01
3.764076736995176731e+01
3.763806450742701060e+01
3.763535701028768443e+01
3.763264491296579450e+01
3.762992824954211812e+01
3.762720705376892738e+01
3.762448135903820656e+01
3.762175119832352976e+01
3.761901660415800563e+01
3.761627760867654047e+01
3.761353424370677345e+01
3.761078654087272355e+01
3.760803453168673371e+01
3.760527824763069304e+01
3.760251772022463257e+01
3.759975298107094943e+01
3.759698406187526132e+01
3.759421099445658143e+01
3.759143381075162438e+01
3.758865254280645729e+01
3.758586722274672809e+01
3.758307788271579142e+01
3.758028455477479923e+01
3.757748727077749606e+01
3.757468606224210106e+01
3.757188096024265889e+01
3.756907199534619934e+01
3.756625919761126653e+01
3.756344259663221408e+01
3.756062222159622621e+01
3.755779810132664664e+01
3.755497026430102636e+01
3.755213873865356788e+01
3.754930355218830584e+01
3.754646473241760418e+01
3.754362230662210465e+01
3.754077630193209814e+01
3.753792674542744123e+01
3.753507366423644953e+01
3.753221708562900005e+01
3.752935703711936100e+01
3.752649354657291525e+01
3.752362664229147526e+01
3.752075635306158574e+01
3.751788270816092563e+01
3.751500573733064670e+01
3.751212547073311043e+01
3.750924193891248848e+01
3.750635517276813147e+01
3.750346520354442958e+01
3.750057206283630507e+01
3.749767578260341594e+01
3.749477639519516714e+01
3.749187393340194774e+01
3.748896843052493466e+01
3.748605992042249824e+01
3.748314843750887349e+01
3.748023401673339094e+01
3.747731669358888951e+01
3.747439650416010437e+01
3.747147348517495402e+01
3.746854767402665232e+01
3.746561910877532853e+01
3.746268782814867393e+01
3.745975387154457792e+01
3.745681727904253222e+01
3.745387809143544899e+01
3.745093635027515688e+01
3.744799209790424754e+01
3.744504537744510486e+01
3.744209623274893062e+01
3.743914470833510677e+01
3.743619084933830266e+01
3.743323470146926724e+01
3.743027631098820507e+01
3.742731572467339163e+01
3.742435298977218139e+01
3.742138815393841611e+01
3.741842126516107925e+01
3.741545237169681570e+01
3.741248152202682320e+01
3.740950876484199483e+01
3.740653414903881213e+01
3.740355772369958487e+01
3.740057953804451785e+01
3.739759964135936343e+01
3.739461808289975409e+01
3.739163491178286591e+01
3.738865017689850845e+01
3.738566392685828532e+01
3.738267620996028029e+01
3.737968707414017189e+01
3.737669656690572140e+01
3.737370473525475489e+01
3.737071162557557358e+01
3.736771728354936783e+01
3.736472175407887875e+01
3.736172508125994796e+01
3.735872730840957701e+01
3.735572847814265884e+01
3.735272863246142805e+01
3.734972781282926491e+01
3.734672606022508035e+01
3.734372341517816096e+01
3.734071991778260724e+01
3.733771560769518771e+01
3.733471052412249236e+01
3.733170470580418510e+01
3.732869819100110931e+01
3.732569101749413676e+01
3.732268322258594395e+01
3.731967484308816552e+01
3.731666591528709631e+01
3.731365647490164150e+01
3.731064655705779387e+01
3.730763619629043859e+01
3.730462542655773461e+01
3.730161428125168044e+01
3.729860279320279659e+01
3.729559099468968952e+01
3.729257891747883491e+01
3.728956659291495157e+01
3.728655405206309581e+01
3.728354132589156933e+01
3.728052844545879196e+01
3.727751544204950562e+01
3.727450234724374667e+01
3.727148919294981511e+01
3.726847601142355870e+01
3.726546283525846803e+01
3.726244969732998413e+01
3.725943663070862044e+01
3.725642366857210419e+01
3.725341084413704351e+01
3.725039819062173052e+01
3.724738574124887691e+01
3.724437352928439537e+01
3.724136158809861286e+01
3.723834995123233682e+01
3.723533865244828434e+01
3.723232772576306360e+01
3.722931720545576439e+01
3.722630712603174885e+01
3.722329752214645993e+01
3.722028842854098940e+01
3.721727988002726306e+01
3.721427191150149838e+01
3.721126455793429244e+01
3.720825785431394905e+01
3.720525183555761828e+01
3.720224653641080437e+01
3.719924199135367360e+01
3.719623823453071054e+01
3.719323529970377251e+01
3.719023322021978828e+01
3.718723202899494851e+01
3.718423175851549445e+01
3.718123244084340229e+01
3.717823410763562464e+01
3.717523679020332139e+01
3.717224051960228337e+01
3.716924532671843195e+01
3.716625124233387112e+01
3.716325829717538198e+01
3.716026652194051394e+01
3.715727594729640515e+01
3.715428660385718018e+01
3.715129852214964501e+01
3.714831173257020680e+01
3.714532626534181503e+01
3.714234215049619081e+01
3.713935941788824380e+01
3.713637809721628713e+01
3.713339821803256058e+01
3.713041980975369682e+01
3.712744290167997008e+01
3.712446752301554653e+01
3.712149370286824279e+01
3.711852147021323844e+01
3.711555085382370578e+01
3.711258188218289433e+01
3.710961458339327379e+01
3.710664898509645582e+01
3.710368511442518979e+01
3.710072299801090878e+01
3.709776266203998318e+01
3.709480413232553531e+01
3.709184743438123633e+01
3.708889259350384293e+01
3.708593963487129486e+01
3.708298858367690087e+01
3.708003946530733685e+01
3.707709230552060831e+01
3.707414713056463285e+01
3.707120396721301603e+01
3.706826284274331584e+01
3.706532378490366852e+01
3.706238682189982114e+01
3.705945198242112326e+01
3.705651929570455394e+01
3.705358879161236274e+01
3.705066050070381323e+01
3.704773445429530909e+01
3.704481068449709369e+01
3.704188922421000996e+01
3.703897010708426762e+01
3.703605336746070975e+01
3.703313904030715520e+01
3.703022716116449686e+01
3.702731776614151471e+01
3.702441089197881752e+01
3.702150657615370477e+01
3.701860485698506409e+01
3.701570577370701898e+01
3.701280936650175590e+01
3.700991567650787317e+01
3.700702474581812851e+01
3.700413661746052441e+01
3.700125133535803457e+01
3.699836894428633371e+01
3.699548948985690089e+01
3.699261301852828865e+01
3.698973957763887199e+01
3.698686921546197937e+01
3.698400198126591931e+01
3.698113792534864075e+01
3.697827709904899507e+01
3.697541955475415421e+01
3.697256534589721610e+01
3.696971452692761062e+01
3.696686715325510164e+01
3.696402328119000913e+01
3.696118296790957913e+01
3.695834627146441420e+01
3.695551325081211047e+01
3.695268396585672832e+01
3.694985847747663144e+01
3.694703684753080353e+01
3.694421913885645381e+01
3.694140541528995669e+01
3.693859574171313653e+01
3.693579018408200909e+01
3.693298880942531781e+01
3.693019168585474432e+01
3.692739888260533121e+01
3.692461047007099495e+01
3.692182651980206742e+01
3.691904710448334015e+01
3.691627229793549958e+01
3.691350217512719922e+01
3.691073681214047753e+01
3.690797628608738989e+01
3.690522067504221582e+01
3.690247005803408342e+01
3.689972451507951945e+01
3.689698412720524345e+01
3.689424897644365586e+01
3.689151914581766789e+01
3.688879471931863208e+01
3.688607578186677927e+01
3.688336241925018300e+01
3.688065471804036832e+01
3.687795276550204449e+01
3.687525664953693649e+01
3.687256645866754923e+01
3.686988228202088180e+01
3.686720420927907327e+01
3.686453233058908552e+01
3.686186673643148737e+01
3.685920751745997848e+01
3.685655476434189382e+01
3.685390856762698064e+01
3.685126901765310947e+01
3.684863620448712851e+01
3.684601021789481479e+01
3.684339114733822385e+01
3.684077908201090423e+01
3.683817411090630856e+01
3.683557632287541139e+01
3.683298580663664268e+01
3.683040265074677677e+01
3.682782694356313158e+01
3.682525877321640451e+01
3.682269822759811007e+01
3.682014539435679978e+01
3.681760036089134047e+01
3.681506321433248985e+01
3.681253404151375008e+01
3.681001292894023180e+01
3.680749996276728808e+01
3.680499522879468799e+01
3.680249881247347332e+01
3.680001079891863469e+01
3.679753127291589720e+01
3.679506031890809226e+01
3.679259802095417342e+01
3.679014446267076721e+01
3.678769972717948633e+01
3.678526389707472788e+01
3.678283705440409790e+01
3.678041928065564292e+01
3.677801065676359826e+01
3.677561126313064221e+01
3.677322117963653625e+01
3.677084048561554397e+01
3.676846925982511749e+01
3.676610758043985072e+01
3.676375552507465727e+01
3.676141317080598014e+01
3.675908059416767770e+01
3.675675787113907234e+01
3.675444507715445752e+01
3.675214228713492304e+01
3.674984957552999987e+01
3.674756701637672762e+01
3.674529468338509020e+01
3.674303265000973795e+01
3.674078098944573867e+01
3.673853977455222974e+01
3.673630907778580479e+01
3.673408897120495453e+01
3.673187952651544919e+01
3.672968081508938099e+01
3.672749290793353083e+01
3.672531587563045008e+01
3.672314978828443799e+01
3.672099471547909388e+01
3.671885072623690149e+01
3.671671788897288735e+01
3.671459627143075011e+01
3.671248594063458626e+01
3.671038696294377246e+01
3.670829940420824755e+01
3.670622332990329539e+01
3.670415880517563068e+01
3.670210589483691876e+01
3.670006466335528472e+01
3.669803517485951971e+01
3.669601749314220740e+01
3.669401168164735338e+01
3.669201780342966401e+01
3.669003592106806622e+01
3.668806609654316730e+01
3.668610839112245259e+01
3.668416286528156434e+01
3.668222957865958733e+01
3.668030859003968658e+01
3.667839995734529168e+01
3.667650373764215033e+01
3.667461998714127702e+01
3.667274876119998339e+01
3.667089011431989576e+01
3.666904410016162075e+01
3.666721077160505615e+01
3.666539018083706480e+01
3.666358237941371812e+01
3.666178741828459664e+01
3.666000534779946207e+01
3.665823621770427820e+01
3.665648007712348999e+01
3.665473697454041968e+01
3.665300695779217932e+01
3.665129007407141870e+01
3.664958636991638485e+01
3.664789589119504853e+01
3.664621868310387498e+01
3.664455479018315032e+01
3.664290425633321036e+01
3.664126712482286763e+01
3.663964343829299253e+01
3.663803323875706752e+01
3.663643656759209222e+01
3.663485346551375699e+01
3.663328397255071422e+01
3.663172812804217671e+01
3.663018597065690329e+01
3.662865753840829797e+01
3.662714286865389113e+01
3.662564199808312537e+01
3.662415496268072701e+01
3.662268179764723897e+01
3.662122253729904742e+01
3.661977721499371796e+01
3.661834586309722539e+01
3.661692851298423079e+01
3.661552519506467007e+01
3.661413593884638118e+01
3.661276077304735566e+01
3.661139972572937751e+01
3.661005282439470676e+01
3.660872009602321242e+01
3.660740156706769000e+01
3.660609726343253811e+01
3.660480721045831132e+01
3.660353143292080347e+01
3.660226995503696656e+01
3.660102280046396572e+01
3.659978999228069796e+01
3.659857155294590569e+01
3.659736750422117524e+01
3.659617786705011611e+01
3.659500266143458447e+01
3.659384190637416623e+01
3.659269561986999264e+01
3.659156381894504051e+01
3.659044651966053152e+01
3.658934373712937571e+01
3.658825548551987339e+01
3.658718177805255323e+01
3.658612262701453233e+01
3.658507804379627260e+01
3.658404803891855295e+01
3.658303262203020267e+01
3.658203180189214976e+01
3.658104558637025150e+01
3.658007398244757979e+01
3.657911699625226731e+01
3.657817463308820294e+01
3.657724689746773095e+01
3.657633379315596045e+01
3.657543532321216162e+01
3.657455148999899563e+01
3.657368229516146840e+01
3.657282773959425981e+01
3.657198782340602605e+01
3.657116254591004889e+01
3.657035190568785765e+01
3.656955590072104911e+01
3.656877452852993571e+01
3.656800778627702186e+01
3.656725567083740458e+01
3.656651817884673505e+01
3.656579530673061385e+01
3.656508705072037912e+01
3.656439340686200268e+01
3.656371437102207267e+01
3.656304993889276744e+01
3.656240010599291423e+01
3.656176486765735945e+01
3.656114421901359179e+01
3.656053815495062764e+01
3.655994667008000221e+01
3.655936975868510075e+01
3.655880741464903139e+01
3.655825963135030321e+01
3.655772640154488329e+01
3.655720771728717011e+01
3.655670356994540526e+01
3.655621395033987397e+01
3.655573884896282522e+01
3.655527825617213722e+01
3.655483216229141163e+01
3.655440055766425189e+01
3.655398343273874673e+01
3.655358077817138707e+01
3.655319258486961331e+01
3.655281884392618252e+01
3.655245954649026174e+01
3.655211468365399696e+01
3.655178424637612977e+01
3.655146822541533425e+01
3.655116661126348276e+01
3.655087939409261821e+01
3.655060656372227612e+01
3.655034810960433589e+01
3.655010402082248788e+01
3.654987428610237288e+01
3.654965889382462763e+01
3.654945783203206844e+01
3.654927108842707639e+01
3.654909865036025707e+01
3.654894050481804868e+01
3.654879663843174598e+01
3.654866703752453105e+01
3.654855168817306321e+01
3.654845057623103344e+01
3.654836368728260254e+01
3.654829100656465357e+01
3.654823251894350022e+01
3.654818820896569775e+01
3.654815806091655617e+01
3.654814205883971567e+01
3.654814018652449192e+01
3.654815242747475423e+01
3.654817876486607275e+01
3.654821918150476989e+01
3.654827365980354159e+01
3.654834218177359872e+01
3.654842472902357287e+01
3.654852128275850731e+01
3.654863182377577147e+01
3.654875633245713829e+01
3.654889478875596609e+01
3.654904717217943499e+01
3.654921346176789854e+01
3.654939363606932545e+01
3.654958767310783685e+01
3.654979555035521344e+01
3.655001724471399882e+01
3.655025273251136753e+01
3.655050198949777496e+01
3.655076499084660213e+01
3.655104171115670653e+01
3.655133212446756374e+01
3.655163620429296145e+01
3.655195392366240270e+01
3.655228525515962446e+01
3.655263017095909817e+01
3.655298864285474281e+01
3.655336064226914772e+01
3.655374614024518110e+01
3.655414510743182888e+01
3.655455751407281895e+01
3.655498332999726330e+01
3.655542252460049468e+01
3.655587506681517596e+01
3.655634092509402677e+01
3.655682006741110257e+01
3.655731246126687495e+01
3.655781807370017589e+01
3.655833687132346199e+01
3.655886882037169272e+01
3.655941388673173975e+01
3.655997203593376810e+01
3.656054323311724374e+01
3.656112744301157846e+01
3.656172462997223249e+01
3.656233475806749311e+01
3.656295779117300526e+01
3.656359369304385609e+01
3.656424242735747043e+01
3.656490395773110436e+01
3.656557824771694953e+01
3.656626526076993144e+01
3.656696496019403497e+01
3.656767730908963898e+01
3.656840227031442936e+01
3.656913980645400386e+01
3.656988987979643468e+01
3.657065245230771922e+01
3.657142748560431045e+01
3.657221494092076597e+01
3.657301477908709586e+01
3.657382696053535653e+01
3.657465144532758217e+01
3.657548819317793232e+01
3.657633716345140584e+01
3.657719831514206277e+01
3.657807160685124614e+01
3.657895699678333301e+01
3.657985444275509934e+01
3.658076390221084040e+01
3.658168533225028085e+01
3.658261868966603458e+01
3.658356393096563153e+01
3.658452101236609622e+01
3.658548988977887007e+01
3.658647051880442547e+01
3.658746285473755222e+01
3.658846685257073261e+01
3.658948246698965079e+01
3.659050965237553044e+01
3.659154836282790058e+01
3.659259855218928692e+01
3.659366017404945381e+01
3.659473318174475054e+01
3.659581752837005553e+01
3.659691316678591733e+01
3.659802004959929889e+01
3.659913812912486009e+01
3.660026735735110037e+01
3.660140768592010119e+01
3.660255906611017451e+01
3.660372144882141754e+01
3.660489478457392920e+01
3.660607902351086551e+01
3.660727411540050014e+01
3.660848000965876281e+01
3.660969665539798257e+01
3.661092400146597470e+01
3.661216199644699998e+01
3.661341058863749964e+01
3.661466972602175929e+01
3.661593935626018492e+01
3.661721942669907293e+01
3.661850988441633348e+01
3.661981067632081732e+01
3.662112174930226871e+01
3.662244305038220915e+01
3.662377452680834011e+01
3.662511612608950884e+01
3.662646779600530778e+01
3.662782948461473609e+01
3.662920114027548379e+01
3.663058271166907076e+01
3.663197414780558603e+01
3.663337539801077014e+01
3.663478641194724617e+01
3.663620713968246179e+01
3.663763753174201554e+01
3.663907753909771259e+01
3.664052711311078525e+01
3.664198620550430974e+01
3.664345476841062066e+01
3.664493275444990417e+01
3.664642011678147071e+01
3.664791680913654659e+01
3.664942278585488822e+01
3.665093800190388862e+01
3.665246241285578321e+01
3.665399597484437066e+01
3.665553864455093702e+01
3.665709037923986813e+01
3.665865113681859810e+01
3.666022087589263379e+01
3.666179955580505379e+01
3.666338713666615945e+01
3.666498357938512953e+01
3.666658884568605714e+01
3.666820289810933531e+01
3.666982570007933617e+01
3.667145721605186282e+01
3.667309741161488290e+01
3.667474625348017270e+01
3.667640370942519468e+01
3.667806974822237009e+01
3.667974433956148061e+01
3.668142745398277071e+01
3.668311906281299883e+01
3.668481913808873429e+01
3.668652765247875180e+01
3.668824457920734261e+01
3.668996989196593006e+01
3.669170356481492945e+01
3.669344557208170698e+01
3.669519588825460232e+01
3.669695448787796010e+01
3.669872134546073994e+01
3.670049643541533868e+01
3.670227973203534333e+01
3.670407120949960245e+01
3.670587084187624782e+01
3.670767860311113395e+01
3.670949446700264929e+01
3.671131840716380879e+01
3.671315039697073246e+01
3.671499040951400872e+01
3.671683841757442224e+01
3.671869439362299659e+01
3.672055830982785807e+01
3.672243013804939693e+01
3.672430984981788527e+01
3.672619741630229839e+01
3.672809280828109735e+01
3.672999599611590327e+01
3.673190694971737003e+01
3.673382563849156668e+01
3.673575203126490862e+01
3.673768609620228176e+01
3.673962780074459999e+01
3.674157711156490791e+01
3.674353399450588142e+01
3.674549841449014309e+01
3.674747033545485664e+01
3.674944972036034585e+01
3.675143653124450083e+01
3.675343072924697196e+01
3.675543227458266671e+01
3.675744112650653506e+01
3.675945724331141662e+01
3.676148058237942706e+01
3.676351110026652691e+01
3.676554875277239631e+01
3.676759349497625351e+01
3.676964528124536002e+01
3.677170406522986923e+01
3.677376979986452454e+01
3.677584243738102998e+01
3.677792192931848092e+01
3.678000822653177693e+01
3.678210127920402783e+01
3.678420103685689213e+01
3.678630744835219701e+01
3.678842046188283632e+01
3.679054002494999054e+01
3.679266608432964603e+01
3.679479858604103271e+01
3.679693747532676440e+01
3.679908269663878428e+01
3.680123419360486281e+01
3.680339190895603707e+01
3.680555578444050724e+01
3.680772576075791136e+01
3.680990177749363568e+01
3.681208377302773016e+01
3.681427168445847542e+01
3.681646544758727657e+01
3.681866499694157824e+01
3.682087026578410871e+01
3.682308118609774539e+01
3.682529768857330765e+01
3.682751970264704511e+01
3.682974715662184906e+01
3.683197997783035760e+01
3.683421809275426284e+01
3.683646142707824822e+01
3.683870990572647486e+01
3.684096345292627461e+01
3.684322199229622896e+01
3.684548544691863725e+01
3.684775373936811604e+01
3.685002679170030859e+01
3.685230452544152513e+01
3.685458686163779163e+01
3.685687372097113013e+01
3.685916502389042648e+01
3.686146069071109821e+01
3.686376064167971833e+01
3.686606479700551375e+01
3.686837307684899656e+01
3.687068540129595107e+01
3.687300169036554109e+01
3.687532186405247359e+01
3.687764584237697107e+01
3.687997354543571049e+01
3.688230489346832996e+01
3.688463980694536559e+01
3.688697820665035465e+01
3.688932001373559189e+01
3.689166514976233202e+01
3.689401353672831618e+01
3.689636509706799927e+01
3.689871975362650858e+01
3.690107742962282344e+01
3.690343804860523136e+01
3.690580153441063516e+01
3.690816781116958367e+01
3.691053680337379461e+01
3.691290843595809434e+01
3.691528263432017098e+01
3.691765932423501084e+01
3.692003843175575639e+01
3.692241988327622693e+01
3.692480360574835174e+01
3.692718952687422274e+01
3.692957757521250528e+01
3.693196768026525945e+01
3.693435977254436864e+01
3.693675378356004302e+01
3.693914964570698345e+01
3.694154729208241861e+01
3.694394665638689901e+01
3.694634767306277467e+01
3.694875027759731267e+01
3.695115440677901120e+01
3.695355999880298725e+01
3.695596699325746215e+01
3.695837533104307226e+01
3.696078495425319232e+01
3.696319580605818089e+01
3.696560783062853517e+01
3.696802097309220159e+01
3.697043517951227187e+01
3.697285039685500863e+01
3.697526657288864982e+01
3.697768365602964025e+01
3.698010159523755647e+01
3.698252033996556776e+01
3.698493984008748470e+01
3.698736004582191583e+01
3.698978090773142924e+01
3.699220237677039336e+01
3.699462440430266241e+01
3.699704694207827060e+01
3.699946994218296936e+01
3.700189335693500681e+01
3.700431713872069395e+01
3.700674123980844854e+01
3.700916561219499101e+01
3.701159020754605677e+01
3.701401497725887424e+01
3.701643987258984936e+01
3.701886484479789630e+01
3.702128984530821754e+01
3.702371482587410156e+01
3.702613973870953146e+01
3.702856453661202352e+01
3.703098917305336357e+01
3.703341360216312950e+01
3.703583777861388171e+01
3.703826165749271127e+01
3.704068519417177896e+01
3.704310834412142128e+01
3.704553106267355389e+01
3.704795330483867133e+01
3.705037502526700877e+01
3.705279617833727457e+01
3.705521671828733332e+01
3.705763659933899135e+01
3.706005577581990451e+01
3.706247420226205946e+01
3.706489183343896343e+01
3.706730862434137208e+01
3.706972453011022850e+01
3.707213950593840224e+01
3.707455350695587981e+01
3.707696648810616580e+01
3.707937840401883278e+01
3.708178920890251362e+01
3.708419885647877123e+01
3.708660729994134897e+01
3.708901449191147748e+01
3.709142038437083500e+01
3.709382492856619962e+01
3.709622807490929119e+01
3.709862977290968900e+01
3.710102997114088197e+01
3.710342861720733509e+01
3.710582565770369001e+01
3.710822103818378537e+01
3.711061470314230348e+01
3.711300659599641705e+01
3.711539665907036323e+01
3.711778483359660186e+01
3.712017105972279296e+01
3.712255527649931963e+01
3.712493742185218082e+01
3.712731743256759387e+01
3.712969524429119872e+01
3.713207079152044798e+01
3.713444400757948216e+01
3.713681482459594463e+01
3.713918317351089371e+01
3.714154898412579797e+01
3.714391218516409054e+01
3.714627270433859252e+01
3.714863046842771155e+01
3.715098540334968646e+01
3.715333743423197888e+01
3.715568648549720621e+01
3.715803248095592437e+01
3.716037534383510632e+01
3.716271499672189549e+01
3.716505136152387934e+01
3.716738435951224062e+01
3.716971391139700387e+01
3.717203993741689771e+01
3.717436235747602069e+01
3.717668109128825904e+01
3.717899605846132971e+01
3.718130717852046985e+01
3.718361437090482724e+01
3.718591755493849860e+01
3.718821664977242847e+01
3.719051157432427601e+01
3.719280224724759165e+01
3.719508858694184994e+01
3.719737051160248598e+01
3.719964793928939173e+01
3.720192078798181257e+01
3.720418897561960847e+01
3.720645242016109933e+01
3.720871103967689919e+01
3.721096475248083379e+01
3.721321347727838713e+01
3.721545713329955873e+01
3.721769564040349820e+01
3.721992891915291324e+01
3.722215689085247448e+01
3.722437947755411614e+01
3.722659660203016330e+01
3.722880818773189304e+01
3.723101415877730602e+01
3.723321443998372615e+01
3.723540895691792230e+01
3.723759763592387628e+01
3.723978040407843793e+01
3.724195718903400376e+01
3.724412791880764217e+01
3.724629252167635940e+01
3.724845092622051368e+01
3.725060306137886101e+01
3.725274885643546696e+01
3.725488824095985052e+01
3.725702114470622917e+01
3.725914749752251964e+01
3.726126722935185853e+01
3.726338027030821820e+01
3.726548655075492888e+01
3.726758600135300270e+01
3.726967855307147914e+01
3.727176413717638326e+01
3.727384268523329780e+01
3.727591412915182900e+01
3.727797840127687579e+01
3.728003543449546697e+01
3.728208516232608360e+01
3.728412751899630706e+01
3.728616243952142639e+01
3.728818985976657530e+01
3.729020971647077687e+01
3.729222194724382433e+01
3.729422649056407835e+01
3.729622328577632828e+01
3.729821227305259868e+01
3.730019339330237216e+01
3.730216658808861752e+01
3.730413179961692549e+01
3.730608897077624420e+01
3.730803804515532107e+01
3.730997896701724414e+01
3.731191168127301694e+01
3.731383613348828732e+01
3.731575226992318051e+01
3.731766003757606853e+01
3.731955938420201591e+01
3.732145025830881480e+01
3.732333260916865214e+01
3.732520638686095538e+01
3.732707154231228941e+01
3.732892802731293358e+01
3.733077579451008887e+01
3.733261479737380029e+01
3.733444499017068097e+01
3.733626632798447531e+01
3.733807876674822523e+01
3.733988226324242277e+01
3.734167677507661409e+01
3.734346226068949903e+01
3.734523867937144814e+01
3.734700599129389076e+01
3.734876415753477374e+01
3.735051314010113543e+01
3.735225290195267434e+01
3.735398340702241882e+01
3.735570462022663207e+01
3.735741650747873877e+01
3.735911903574112358e+01
3.736081217310920977e+01
3.736249588887890383e+01
3.736417015355957716e+01
3.736583493881006035e+01
3.736749021729769282e+01
3.736913596250873582e+01
3.737077214855970908e+01
3.737239875009352374e+01
3.737401574230712953e+01
3.737562310104835461e+01
3.737722080289128712e+01
3.737880882516301995e+01
3.738038714594601686e+01
3.738195574408537425e+01
3.738351459921073427e+01
3.738506369175914301e+01
3.738660300296776740e+01
3.738813251481983002e+01
3.738965220997697969e+01
3.739116207174668460e+01
3.739266208408668746e+01
3.739415223161239510e+01
3.739563249958674618e+01
3.739710287390328602e+01
3.739856334107702907e+01
3.740001388823536388e+01
3.740145450310017594e+01
3.740288517395342893e+01
3.740430588957164559e+01
3.740571663916519896e+01
3.740711741239948651e+01
3.740850819950278350e+01
3.740988899139560431e+01
3.741125977980734518e+01
3.741262055737739445e+01
3.741397131771631734e+01
3.741531205539887139e+01
3.741664276590829985e+01
3.741796344559823240e+01
3.741927409171297825e+01
3.742057470244493089e+01
3.742186527698508769e+01
3.742314581553857522e+01
3.742441631931972523e+01
3.742567679056955399e+01
3.742692723259759191e+01
3.742816764980918265e+01
3.742939804770156087e+01
3.743061843283562240e+01
3.743182881278335827e+01
3.743302919605191192e+01
3.743421959198331450e+01
3.743540001062305578e+01
3.743657046259451704e+01
3.743773095905623194e+01
3.743888151177017676e+01
3.744002213323537376e+01
3.744115283680981321e+01
3.744227363676224485e+01
3.744338454825287243e+01
3.744448558727999909e+01
3.744557677060814171e+01
3.744665811564651392e+01
3.744772964027392703e+01
3.744879136270658648e+01
3.744984330149447516e+01
3.745088547559856096e+01
3.745191790444376068e+01
3.745294060790266855e+01
3.745395360623746228e+01
3.745495692003206756e+01
3.745595057011072271e+01
3.745693457743896460e+01
3.745790896301982542e+01
3.745887374778513390e+01
3.745982895246544331e+01
3.746077459743361260e+01
3.746171070255429214e+01
3.746263728708309770e+01
3.746355436961545848e+01
3.746446196805110418e+01
3.746536009955654123e+01
3.746624878052571717e+01
3.746712802653377139e+01
3.746799785228500212e+01
3.746885827157350235e+01
3.746970929726622046e+01
3.747055094128896968e+01
3.747138321459197385e+01
3.747220612709692489e+01
3.747301968764794822e+01
3.747382390398890095e+01
3.747461878276891412e+01
3.747540432955478451e+01
3.747618054883558614e+01
3.747694744403019484e+01
3.747770501751238470e+01
3.747845327065056864e+01
3.747919220384163452e+01
3.747992181651957111e+01
3.748064210714456124e+01
3.748135307319987675e+01
3.748205471121416110e+01
3.748274701679828524e+01
3.748342998467253295e+01
3.748410360867425339e+01
3.748476788175586449e+01
3.748542279598181182e+01
3.748606834252755959e+01
3.748670451168830198e+01
3.748733129289939114e+01
3.748794867475483983e+01
3.748855664501216722e+01
3.748915519058851231e+01
3.748974429755775617e+01
3.749032395114373628e+01
3.749089413569302565e+01
3.749145483461755646e+01
3.749200603031576406e+01
3.749254770409964976e+01
3.749307983615688755e+01
3.749360240555974144e+01
3.749411539032951168e+01
3.749461876757595036e+01
3.749511251369717257e+01
3.749559660457366306e+01
3.749607101570195056e+01
3.749653572226883824e+01
3.749699069921107508e+01
3.749743592130521819e+01
3.749787136328381365e+01
3.749829699993603072e+01
3.749871280617124114e+01
3.749911875706806796e+01
3.749951482793018442e+01
3.749990099434127444e+01
3.750027723222280684e+01
3.750064351790846473e+01
3.750099982820880484e+01
3.750134614042922721e+01
3.750168243234892884e+01
3.750200868218824013e+01
3.750232486856814518e+01
3.750263097045525029e+01
3.750292696711936458e+01
3.750321283815548412e+01
3.750348856356706051e+01
3.750375412385810137e+01
3.750400950010189405e+01
3.750425467396790680e+01
3.750448962770379069e+01
3.750471434411364413e+01
3.750492880657220240e+01
3.750513299906930342e+01
3.750532690625634302e+01
3.750551051347806464e+01
3.750568380677324143e+01
3.750584677281013057e+01
3.750599939876243383e+01
3.750614167219999473e+01
3.750627358103886166e+01
3.750639511352351718e+01
3.750650625821111817e+01
3.750660700393427049e+01
3.750669733970440944e+01
3.750677725456556288e+01
3.750684673749384501e+01
3.750690577742364695e+01
3.750695436335661981e+01
3.750699248444733058e+01
3.750702013004503499e+01
3.750703728976473883e+01
3.750704395363426613e+01
3.750704011227831813e+01
3.750702575707333608e+01
3.750700088023713619e+01
3.750696547483575927e+01
3.750691953471823581e+01
3.750686305445138657e+01
3.750679602931597856e+01
3.750671845532922788e+01
3.750663032923517903e+01
3.750653164847264520e+01
3.750642241117537878e+01
3.750630261624625206e+01
3.750617226347622335e+01
3.750603135362154461e+01
3.750587988839807707e+01
3.750571787040652794e+01
3.750554530300311740e+01
3.750536219015760508e+01
3.750516853634933767e+01
3.750496434648864152e+01
3.750474962583432870e+01
3.750452437992677091e+01
3.750428861455708329e+01
3.750404233576944080e+01
3.750378554991498703e+01
3.750351826377790587e+01
3.750324048472776894e+01
3.750295222082125690e+01
3.750265348084058559e+01
3.750234427431050932e+01
3.750202461150172439e+01
3.750169450337094190e+01
3.750135396140845501e+01
3.750100299743605348e+01
3.750064162342148677e+01
3.750026985135919233e+01
3.749988769325332783e+01
3.749949516119627191e+01
3.749909226748809488e+01
3.749867902476279369e+01
3.749825544612237849e+01
3.749782154525637878e+01
3.749737733649021010e+01
3.749692283472545284e+01
3.749645805533437937e+01
3.749598301415288404e+01
3.749549772760587274e+01
3.749500221283464185e+01
3.749449648773853738e+01
3.749398057096697556e+01
3.749345448191243690e+01
3.749291824071904955e+01
3.749237186828536750e+01
3.749181538623209775e+01
3.749124881685618504e+01
3.749067218310243987e+01
3.749008550852450128e+01
3.748948881720097859e+01
3.748888213361462363e+01
3.748826548251490465e+01
3.748763888877968498e+01
3.748700237728370155e+01
3.748635597280698306e+01
3.748569970005240748e+01
3.748503358376946437e+01
3.748435764888969857e+01
3.748367192062611508e+01
3.748297642455606393e+01
3.748227118668174285e+01
3.748155623343127729e+01
3.748083159159647693e+01
3.748009728825214637e+01
3.747935335069099949e+01
3.747859980637021238e+01
3.747783668286292169e+01
3.747706400780582925e+01
3.747628180883024385e+01
3.747549011350581338e+01
3.747468894933786032e+01
3.747387834377056492e+01
3.747305832410442150e+01
3.747222891733971295e+01
3.747139015004236740e+01
3.747054204827416868e+01
3.746968463756287804e+01
3.746881794289772216e+01
3.746794198874435011e+01
3.746705679905496567e+01
3.746616239725215536e+01
3.746525880618739279e+01
3.746434604808302282e+01
3.746342414446160518e+01
3.746249311607327570e+01
3.746155298283972712e+01
3.746060376381765167e+01
3.745964547716906168e+01
3.745867814013742958e+01
3.745770176904042614e+01
3.745671637927724618e+01
3.745572198533502473e+01
3.745471860078450987e+01
3.745370623826602952e+01
3.745268490947256623e+01
3.745165462514645327e+01
3.745061539509947579e+01
3.744956722823395978e+01
3.744851013252683458e+01
3.744744411496409242e+01
3.744636918146935045e+01
3.744528533689966565e+01
3.744419258512809989e+01
3.744309092916420667e+01
3.744198037125997303e+01
3.744086091297291574e+01
3.743973255517560972e+01
3.743859529802525543e+01
3.743744914092066267e+01
3.743629408245821821e+01
3.743513012039375099e+01
3.743395725163555454e+01
3.743277547227251745e+01
3.743158477758957048e+01
3.743038516203737487e+01
3.742917661918550465e+01
3.742795914170091010e+01
3.742673272136345730e+01
3.742549734912918780e+01
3.742425301528515291e+01
3.742299970972215561e+01
3.742173742225813271e+01
3.742046614289144202e+01
3.741918586192262097e+01
3.741789656998074776e+01
3.741659825803319706e+01
3.741529091743640123e+01
3.741397454003718082e+01
3.741264911828587003e+01
3.741131464528314865e+01
3.740997111469545189e+01
3.740861852055925851e+01
3.740725685709131199e+01
3.740588611863519475e+01
3.740450629973653207e+01
3.740311739519574985e+01
3.740171940003907025e+01
3.740031230950996388e+01
3.739889611911224421e+01
3.739747082459567906e+01
3.739603642186081345e+01
3.739459290689394777e+01
3.739314027575576205e+01
3.739167852453486773e+01
3.739020764926431895e+01
3.738872764590541209e+01
3.738723851046099611e+01
3.738574023917944800e+01
3.738423282875668008e+01
3.738271627646118844e+01
3.738119058018611440e+01
3.737965573850416945e+01
3.737811175075676573e+01
3.737655861712063654e+01
3.737499633864145920e+01
3.737342491727814320e+01
3.737184435591988318e+01
3.737025465831067095e+01
3.736865582891832815e+01
3.736704787285025020e+01
3.736543079586762417e+01
3.736380460443369600e+01
3.736216930569975148e+01
3.736052490741408860e+01
3.735887141778923848e+01
3.735720884536811326e+01
3.735553719893889024e+01
3.735385648752011889e+01
3.735216672038961150e+01
3.735046790710553921e+01
3.734876005747403838e+01
3.734704318146805946e+01
3.734531728915114002e+01
3.734358239063917750e+01
3.734183849609529915e+01
3.734008561576180085e+01
3.733832376003202569e+01
3.733655293955636978e+01
3.733477316540865587e+01
3.733298444931488547e+01
3.733118680386349553e+01
3.732938024263090426e+01
3.732756478024760582e+01
3.732574043246333417e+01
3.732390721622491725e+01
3.732206514972196487e+01
3.732021425233029532e+01
3.731835454441707611e+01
3.731648604707096695e+01
3.731460878188973851e+01
3.731272277089842504e+01
3.731082803656978797e+01
3.730892460190616333e+01
3.730701249056222935e+01
3.730509172695997222e+01
3.730316233634722778e+01
3.730122434480650639e+01
3.729927777923753496e+01
3.729732266731353718e+01
3.729535903741799530e+01
3.729338691859026511e+01
3.729140634048768277e+01
3.728941733334388431e+01
3.728741992794456195e+01
3.728541415568319195e+01
3.728340004868688595e+01
3.728137763992958753e+01
3.727934696329462838e+01
3.727730805361390765e+01
3.727526094671299006e+01
3.727320567945514540e+01
3.727114228976309818e+01
3.726907081663873100e+01
3.726699130022868189e+01
3.726490378193762609e+01
3.726280830453674753e+01
3.726070491220885117e+01
3.725859365049223726e+01
3.725647456612517772e+01
3.725434770686022290e+01
3.725221312133894003e+01
3.725007085904943693e+01
3.724792097031705396e+01
3.724576350627160082e+01
3.724359851877771632e+01
3.724142606038071079e+01
3.723924618434794809e+01
3.723705894479596168e+01
3.723486439679901139e+01
3.723266259643636289e+01
3.723045360082782906e+01
3.722823746818983892e+01
3.722601425790116991e+01
3.722378403055125773e+01
3.722154684792805313e+01
3.721930277292216260e+01
3.721705186939002630e+01
3.721479420205028532e+01
3.721252983644151158e+01
3.721025883891307018e+01
3.720798127661984012e+01
3.720569721753261661e+01
3.720340673047670776e+01
3.720110988517934913e+01
3.719880675230343314e+01
3.719649740343846389e+01
3.719418191105056337e+01
3.719186034845974120e+01
3.718953278987567757e+01
3.718719931046366867e+01
3.718485998643107138e+01
3.718251489510496555e+01
3.718016411492312301e+01
3.717780772530617384e+01
3.717544580648299757e+01
3.717307843937068412e+01
3.717070570553438813e+01
3.716832768718420255e+01
3.716594446717592604e+01
3.716355612900893846e+01
3.716116275682502845e+01
3.715876443542380514e+01
3.715636125030734860e+01
3.715395328775212391e+01
3.715154063488872538e+01
3.714912337975334822e+01
3.714670161129253501e+01
3.714427541933184074e+01
3.714184489452025417e+01
3.713941012826960275e+01
3.713697121272139867e+01
3.713452824074959580e+01
3.713208130597907086e+01
3.712963050280398392e+01
3.712717592640331787e+01
3.712471767274759316e+01
3.712225583859589051e+01
3.711979052147729163e+01
3.711732181961285448e+01
3.711484983173440355e+01
3.711237465684678938e+01
3.710989639406128759e+01
3.710741514256339713e+01
3.710493100165567881e+01
3.710244407081323459e+01
3.709995444973434786e+01
3.709746223835507095e+01
3.709496753681804648e+01
3.709247044543351279e+01
3.708997106464424576e+01
3.708746949498073775e+01
3.708496583701932536e+01
3.708246019135389560e+01
3.707995265855991107e+01
3.707744333912034307e+01
3.707493233330395555e+01
3.707241974102305448e+01
3.706990566171956658e+01
3.706739019429880955e+01
3.706487343708376159e+01
3.706235548776341204e+01
3.705983644334605742e+01
3.705731640012812989e+01
3.705479545365238181e+01
3.705227369863677467e+01
3.704975122890829908e+01
3.704722813737862452e+01
3.704470451604805703e+01
3.704218045600166676e+01
3.703965604738107942e+01
3.703713137934164479e+01
3.703460654001450791e+01
3.703208161648032615e+01
3.702955669474981448e+01
3.702703185975018130e+01
3.702450719532026824e+01
3.702198278421645483e+01
3.701945870814677164e+01
3.701693504786250344e+01
3.701441188329070542e+01
3.701188929364337099e+01
3.700936735746903850e+01
3.700684615265970479e+01
3.700432575643231559e+01
3.700180624530445783e+01
3.699928769508269255e+01
3.699677018086649127e+01
3.699425377705897944e+01
3.699173855737669925e+01
3.698922459485158498e+01
3.698671196182028353e+01
3.698420072990076335e+01
3.698169096995732730e+01
3.697918275206158256e+01
3.697667614547207648e+01
3.697417121864693712e+01
3.697166803927505185e+01
3.696916667430239301e+01
3.696666718993882483e+01
3.696416965162985946e+01
3.696167412398848029e+01
3.695918067071524149e+01
3.695668935454275328e+01
3.695420023721035108e+01
3.695171337945237156e+01
3.694922884097964300e+01
3.694674668043757748e+01
3.694426695535743477e+01
3.694178972216117529e+01
3.693931503625297097e+01
3.693684295214390545e+01
3.693437352353467418e+01
3.693190680334284082e+01
3.692944284370474861e+01
3.692698169597641566e+01
3.692452341074325517e+01
3.692206803784336699e+01
3.691961562640156558e+01
3.691716622486148225e+01
3.691471988100395407e+01
3.691227664194699543e+01
3.690983655412813391e+01
3.690739966327222277e+01
3.690496601434551138e+01
3.690253565150396753e+01
3.690010861805225062e+01
3.689768495642214674e+01
3.689526470816763037e+01
3.689284791397052743e+01
3.689043461365213972e+01
3.688802484618963717e+01
3.688561864973640070e+01
3.688321606163647459e+01
3.688081711843027222e+01
3.687842185587781785e+01
3.687603030902287315e+01
3.687364251228430589e+01
3.687125849956020573e+01
3.686887830436014468e+01
3.686650195998132773e+01
3.686412949969835040e+01
3.686176095690523624e+01
3.685939636518534712e+01
3.685703575833458245e+01
3.685467917036896068e+01
3.685232663553023258e+01
3.684997818828468752e+01
3.684763386331319168e+01
3.684529369552360123e+01
3.684295772011872572e+01
3.684062597269638673e+01
3.683829848932905549e+01
3.683597530660060215e+01
3.683365646159823115e+01
3.683134199185571589e+01
3.682903193526154695e+01
3.682672632997388718e+01
3.682442521437548066e+01
3.682212862705874556e+01
3.681983660682542592e+01
3.681754919271651261e+01
3.681526642405963656e+01
3.681298834046676660e+01
3.681071498174915746e+01
3.680844638778061295e+01
3.680618259835004835e+01
3.680392365304131630e+01
3.680166959117243408e+01
3.679942045178937349e+01
3.679717627367834609e+01
3.679493709536927071e+01
3.679270295511886957e+01
3.679047389086347408e+01
3.678824994015333516e+01
3.678603114011229991e+01
3.678381752744903110e+01
3.678160913849362146e+01
3.677940600922242709e+01
3.677720817526739694e+01
3.677501567192339849e+01
3.677282853415746189e+01
3.677064679661514646e+01
3.676847049362392994e+01
3.676629965920245269e+01
3.676413432707853701e+01
3.676197453070815158e+01
3.675982030329241468e+01
3.675767167779363831e+01
3.675552868694352782e+01
3.675339136323878364e+01
3.675125973893563014e+01
3.674913384605804367e+01
3.674701371641373271e+01
3.674489938159548075e+01
3.674279087294748791e+01
3.674068822149652647e+01
3.673859145787634617e+01
3.673650061228127583e+01
3.673441571446657861e+01
3.673233679378577676e+01
3.673026387923872704e+01
3.672819699950407824e+01
3.672613618293861748e+01
3.672408145754639008e+01
3.672203285094099101e+01
3.671999039032052536e+01
3.671795410245425018e+01
3.671592401366820724e+01
3.671390014982405603e+01
3.671188253629593135e+01
3.670987119795120179e+01
3.670786615913898743e+01
3.670586744368550569e+01
3.670387507488844392e+01
3.670188907550448221e+01
3.669990946772609419e+01
3.669793627314274431e+01
3.669596951269043217e+01
3.669400920660407195e+01
3.669205537438745779e+01
3.669010803481631200e+01
3.668816720598714909e+01
3.668623290538650394e+01
3.668430514992806479e+01
3.668238395594693202e+01
3.668046933918411412e+01
3.667856131478949067e+01
3.667665989735112930e+01
3.667476510093332109e+01
3.667287693909612045e+01
3.667099542489336983e+01
3.666912057086694432e+01
3.666725238904867012e+01
3.666539089097008031e+01
3.666353608767798988e+01
3.666168798975491683e+01
3.665984660733853673e+01
3.665801195013041536e+01
3.665618402738622450e+01
3.665436284788643917e+01
3.665254841989632695e+01
3.665074075112202934e+01
3.664893984865592813e+01
3.664714571891127548e+01
3.664535836757335829e+01
3.664357779959352257e+01
3.664180401921829855e+01
3.664003703003110246e+01
3.663827683499592780e+01
3.663652343649906840e+01
3.663477683639178650e+01
3.663303703604077555e+01
3.663130403637764942e+01
3.662957783792991506e+01
3.662785844083143161e+01
3.662614584482027880e+01
3.662444004922873120e+01
3.662274105297424853e+01
3.662104885455435266e+01
3.661936345202781951e+01
3.661768484297058990e+01
3.661601302442480943e+01
3.661434799287124520e+01
3.661268974423872180e+01
3.661103827393396415e+01
3.660939357686174134e+01
3.660775564742157684e+01
3.660612447948209081e+01
3.660450006634066256e+01
3.660288240069287724e+01
3.660127147463599329e+01
3.659966727970756040e+01
3.659806980694732914e+01
3.659647904696108611e+01
3.659489498995241519e+01
3.659331762570663926e+01
3.659174694354945956e+01
3.659018293231240193e+01
3.658862558031869838e+01
3.658707487539060565e+01
3.658553080487521925e+01
3.658399335567413857e+01
3.658246251425757833e+01
3.658093826666872417e+01
3.657942059855530914e+01
3.657790949524799373e+01
3.657640494185332614e+01
3.657490692332817162e+01
3.657341542454635430e+01
3.657193043038280678e+01
3.657045192583960613e+01
3.656897989621097622e+01
3.656751432721416961e+01
3.656605520504142959e+01
3.656460251640417880e+01
3.656315624861612434e+01
3.656171638965300730e+01
3.656028292814220038e+01
3.655885585329966858e+01
3.655743515482894423e+01
3.655602082278701204e+01
3.655461284743940809e+01
3.655321121913188165e+01
3.655181592819229053e+01
3.655042696486359688e+01
3.654904431925539399e+01
3.654766798129153216e+01
3.654629794064212689e+01
3.654493418665166615e+01
3.654357670828272120e+01
3.654222549408202525e+01
3.654088053218062271e+01
3.653954181035248894e+01
3.653820931611500811e+01
3.653688303680704763e+01
3.653556295960758149e+01
3.653424907150949963e+01
3.653294135927298925e+01
3.653163980937786448e+01
3.653034440799739002e+01
3.652905514099446549e+01
3.652777199391972118e+01
3.652649495201549712e+01
3.652522400024024307e+01
3.652395912329777161e+01
3.652270030564899628e+01
3.652144753150999890e+01
3.652020078485691812e+01
3.651896004944445195e+01
3.651772530882242052e+01
3.651649654633769870e+01
3.651527374512640733e+01
3.651405688809827410e+01
3.651284595790446019e+01
3.651164093688977630e+01
3.651044180704001718e+01
3.650924854994975988e+01
3.650806114685829584e+01
3.650687957875186385e+01
3.650570382645409495e+01
3.650453387065421396e+01
3.650336969188252567e+01
3.650221127045379177e+01
3.650105858640381484e+01
3.649991161944445395e+01
3.649877034895374806e+01
3.649763475401471879e+01
3.649650481348631104e+01
3.649538050606261663e+01
3.649426181030583649e+01
3.649314870466652394e+01
3.649204116749993432e+01
3.649093917708434276e+01
3.648984271164125204e+01
3.648875174934587307e+01
3.648766626831719151e+01
3.648658624658649785e+01
3.648551166205427165e+01
3.648444249245879689e+01
3.648337871539044386e+01
3.648232030836642537e+01
3.648126724892985351e+01
3.648021951473614166e+01
3.647917708364913381e+01
3.647813993388007958e+01
3.647710804416654895e+01
3.647608139397470950e+01
3.647505996370356485e+01
3.647404373486283902e+01
3.647303269020511607e+01
3.647202681381508427e+01
3.647102609117836636e+01
3.647003050925802370e+01
3.646904005658384307e+01
3.646805472332398779e+01
3.646707450131579975e+01
3.646609938407217300e+01
3.646512936680549899e+01
3.646416444649541688e+01
3.646320462197994772e+01
3.646224989402228545e+01
3.646130026532005530e+01
3.646035574046004513e+01
3.645941632585444125e+01
3.645848202970235974e+01
3.645755286199712231e+01
3.645662883455894132e+01
3.645570996106260964e+01
3.645479625706722970e+01
3.645388774005854771e+01
3.645298442948055850e+01
3.645208634673499404e+01
3.645119351514765782e+01
3.645030595991137545e+01
3.644942370802795040e+01
3.644854678826088445e+01
3.644767523108313867e+01
3.644680906863272440e+01
3.644594833472577733e+01
3.644509306490268585e+01
3.644424329641969251e+01
3.644339906819472219e+01
3.644256042079602054e+01
3.644172739649025061e+01
3.644090003930417510e+01
3.644007839508440583e+01
3.643926251155033924e+01
3.643845243831098912e+01
3.643764822683900917e+01
3.643684993043492426e+01
3.643605760419917061e+01
3.643527130499047928e+01
3.643449109134915886e+01
3.643371702339511842e+01
3.643294916271992889e+01
3.643218757227410265e+01
3.643143231626012835e+01
3.643068346006548808e+01
3.642994107023753969e+01
3.642920521445252291e+01
3.642847596144465427e+01
3.642775338091860249e+01
3.642703754348050182e+01
3.642632852057188586e+01
3.642562638437724587e+01
3.642493120772486037e+01
3.642424306400599221e+01
3.642356202710103474e+01
3.642288817130652490e+01
3.642222157127385174e+01
3.642156230195186595e+01
3.642091043851389287e+01
3.642026605626914204e+01
3.641962923057897683e+01
3.641900003679653253e+01
3.641837855023365478e+01
3.641776484614625531e+01
3.641715899972555093e+01
3.641656108608733433e+01
3.641597118025538293e+01
3.641538935713317215e+01
3.641481569146387187e+01
3.641425025778841729e+01
3.641369313040935651e+01
3.641314438337420256e+01
3.641260409049385061e+01
3.641207232538629768e+01
3.641154916151739940e+01
3.641103467220366241e+01
3.641052893055071138e+01
3.641003200935377038e+01
3.640954398102049083e+01
3.640906491754061136e+01
3.640859489050028230e+01
3.640813397114814620e+01
3.640768223048466723e+01
3.640723973931255131e+01
3.640680656823452921e+01
3.640638278764036784e+01
3.640596846772028528e+01
3.640556367850645358e+01
3.640516848991850196e+01
3.640478297179139844e+01
3.640440719388189450e+01
3.640404122586232205e+01
3.640368513731633016e+01
3.640333899774235249e+01
3.640300287655221467e+01
3.640267684305123197e+01
3.640236096640560959e+01
3.640205531561175434e+01
3.640175995946854925e+01
3.640147496653983694e+01
3.640120040509934540e+01
3.640093634306587234e+01
3.640068284794331532e+01
3.640043998677432313e+01
3.640020782610855576e+01
3.639998643198162398e+01
3.639977586990083580e+01
3.639957620484555179e+01
3.639938750129672229e+01
3.639920982328398935e+01
3.639904323441417944e+01
3.639888779787455064e+01
3.639874357644470138e+01
3.639861063253873397e+01
3.639848902826097543e+01
3.639837882545004533e+01
3.639828008569946860e+01
3.639819287036372231e+01
3.639811724057201303e+01
3.639805325725276219e+01
3.639800098113276761e+01
3.639796047265837586e+01
3.639793179182413496e+01
3.639791499796731955e+01
3.639791014960822224e+01
3.639791730435959494e+01
3.639793651887891457e+01
3.639796784884598679e+01
3.639801134898139168e+01
3.639806707312535394e+01
3.639813507434580941e+01
3.639821540500844321e+01
3.639830811678534417e+01
3.639841326062568072e+01
3.639853088670585635e+01
3.639866104437090399e+01
3.639880378208948741e+01
3.639895914743620153e+01
3.639912718708934136e+01
3.639930794682972959e+01
3.639950147154142002e+01
3.639970780521432658e+01
3.639992699093613737e+01
3.640015907087055780e+01
3.640040408625795010e+01
3.640066207747438654e+01
3.640093308410627060e+01
3.640121714496456207e+01
3.640151429803563587e+01
3.640182458040680302e+01
3.640214802820448625e+01
3.640248467662880927e+01
3.640283456013232666e+01
3.640319771264741888e+01
3.640357416774164534e+01
3.640396395867558255e+01
3.640436711839348760e+01
3.640478367948470861e+01
3.640521367414503828e+01
3.640565713414785876e+01
3.640611409082199401e+01
3.640658457502964040e+01
3.640706861713832865e+01
3.640756624699098865e+01
3.640807749389740877e+01
3.640860238667241333e+01
3.640914095370619208e+01
3.640969322301704381e+01
3.641025922224761047e+01
3.641083897860168861e+01
3.641143251876540887e+01
3.641203986886640109e+01
3.641266105446505463e+01
3.641329610053607979e+01
3.641394503144020689e+01
3.641460787091838824e+01
3.641528464210535532e+01
3.641597536752470177e+01
3.641668006904985333e+01
3.641739876785815966e+01
3.641813148443272041e+01
3.641887823865383211e+01
3.641963904994585732e+01
3.642041393738620059e+01
3.642120291970211809e+01
3.642200601512049474e+01
3.642282324109581992e+01
3.642365461401767135e+01
3.642450014898735589e+01
3.642535985967437284e+01
3.642623375824304333e+01
3.642712185538326963e+01
3.642802416046605885e+01
3.642894068175543509e+01
3.642987142658139987e+01
3.643081640143786615e+01
3.643177561201723336e+01
3.643274906320407069e+01
3.643373675905510112e+01
3.643473870280060822e+01
3.643575489689939673e+01
3.643678534313853135e+01
3.643783004271750059e+01
3.643888899627383893e+01
3.643996220387179363e+01
3.644104966499578779e+01
3.644215137856725306e+01
3.644326734297899861e+01
3.644439755612074805e+01
3.644554201536669069e+01
3.644670071752210561e+01
3.644787365873678908e+01
3.644906083437958699e+01
3.645026223889431805e+01
3.645147786569565795e+01
3.645270770712343733e+01
3.645395175441149860e+01
3.645520999763807168e+01
3.645648242567219199e+01
3.645776902614738901e+01
3.645906978547627375e+01
3.646038468889820905e+01
3.646171372054643456e+01
3.646305686352394559e+01
3.646441409995209426e+01
3.646578541091879089e+01
3.646717077630496817e+01
3.646857017458858508e+01
3.646998358277622998e+01
3.647141097654024833e+01
3.647285233047952602e+01
3.647430761833352619e+01
3.647577681308332131e+01
3.647725988699018984e+01
3.647875681161284689e+01
3.648026755780999508e+01
3.648179209572725767e+01
3.648333039476464990e+01
3.648488242352646438e+01
3.648644814976333350e+01
3.648802754032113427e+01
3.648962056110151053e+01
3.649122717700585383e+01
3.649284735185583628e+01
3.649448104838997153e+01
3.649612822843347715e+01
3.649778885315290466e+01
3.649946288322891519e+01
3.650115027892768893e+01
3.650285100015291562e+01
3.650456500651522873e+01
3.650629225741622008e+01
3.650803271215491463e+01
3.650978633006335627e+01
3.651155307066467515e+01
3.651333289383688907e+01
3.651512575993971410e+01
3.651693162986146035e+01
3.651875046500749278e+01
3.652058222729837667e+01
3.652242687919625297e+01
3.652428438370008479e+01
3.652615470426089672e+01
3.652803780464936523e+01
3.652993364884669347e+01
3.653184220097838875e+01
3.653376342524798304e+01
3.653569728584054843e+01
3.653764374680861948e+01
3.653960277196500783e+01
3.654157432479887291e+01
3.654355836841521210e+01
3.654555486547920395e+01
3.654756377815657942e+01
3.654958506807547991e+01
3.655161869633499805e+01
3.655366462354487567e+01
3.655572280986424971e+01
3.655779321502960499e+01
3.655987579837790946e+01
3.656197051886183402e+01
3.656407733504655511e+01
3.656619620508796231e+01
3.656832708670796706e+01
3.657046993718239491e+01
3.657262471333574183e+01
3.657479137152030546e+01
3.657696986757384394e+01
3.657916015677335508e+01
3.658136219380049425e+01
3.658357593271966834e+01
3.658580132695900033e+01
3.658803832928449395e+01
3.659028689176829374e+01
3.659254696575795407e+01
3.659481850184661056e+01
3.659710144983635161e+01
3.659939575869081807e+01
3.660170137648297128e+01
3.660401825033987677e+01
3.660634632637773223e+01
3.660868554963690968e+01
3.661103586404811239e+01
3.661339721244627299e+01
3.661576953663021072e+01
3.661815277746315900e+01
3.662054687497136740e+01
3.662295176837446320e+01
3.662536739604765756e+01
3.662779369547509845e+01
3.663023060323931901e+01
3.663267805506225727e+01
3.663513598588132680e+01
3.663760432991476534e+01
3.664008302068799594e+01
3.664257199103271745e+01
3.664507117308109940e+01
3.664758049826284036e+01
3.665009989729643536e+01
3.665262930016770326e+01
3.665516863610837817e+01
3.665771783358722757e+01
3.666027682030906476e+01
3.666284552321367585e+01
3.666542386846698065e+01
3.666801178142388551e+01
3.667060918653564983e+01
3.667321600720556063e+01
3.667583216564462134e+01
3.667845758277493928e+01
3.668109217818474832e+01
3.668373587011360115e+01
3.668638857545020215e+01
3.668905020975360998e+01
3.669172068732218150e+01
3.669439992129462524e+01
3.669708782373250955e+01
3.669978430565603844e+01
3.670248927705253550e+01
3.670520264690242840e+01
3.670792432323445809e+01
3.671065421317015876e+01
3.671339222291569371e+01
3.671613825769919259e+01
3.671889222172261924e+01
3.672165401823056641e+01
3.672442354970566214e+01
3.672720071808535636e+01
3.672998542489985851e+01
3.673277757132329668e+01
3.673557705817622576e+01
3.673838378589788789e+01
3.674119765455159126e+01
3.674401856397326327e+01
3.674684641404763141e+01
3.674968110497556495e+01
3.675252253747326847e+01
3.675537061292958896e+01
3.675822523352721305e+01
3.676108630232396735e+01
3.676395372330876654e+01
3.676682740145266592e+01
3.676970724278719160e+01
3.677259315452943156e+01
3.677548504520903805e+01
3.677838282472121989e+01
3.678128640428617047e+01
3.678419569636565711e+01
3.678711061459713960e+01
3.679003107375706350e+01
3.679295698972030948e+01
3.679588827941859108e+01
3.679882486085247706e+01
3.680176665316280094e+01
3.680471357670401034e+01
3.680766555307853594e+01
3.681062250513025447e+01
3.681358435690777497e+01
3.681655103359646120e+01
3.681952246142325436e+01
3.682249856756632767e+01
3.682547928009005744e+01
3.682846452789458169e+01
3.683145424068001006e+01
3.683444834894274322e+01
3.683744678401269113e+01
3.684044947812166981e+01
3.684345636448345829e+01
3.684646737736901656e+01
3.684948245214366835e+01
3.685250152525561163e+01
3.685552453425262343e+01
3.685855141786310440e+01
3.686158211604492152e+01
3.686461656994270442e+01
3.686765472181882330e+01
3.687069651502628176e+01
3.687374189402149227e+01
3.687679080438486778e+01
3.687984319283263090e+01
3.688289900724129922e+01
3.688595819672280385e+01
3.688902071173659891e+01
3.689208650414335011e+01
3.689515552709107027e+01
3.689822773475511752e+01
3.690130308211618626e+01
3.690438152491461210e+01
3.690746301972156829e+01
3.691054752400144423e+01
3.691363499613046883e+01
3.691672539541036002e+01
3.691981868210837092e+01
3.692291481750212512e+01
3.692601376388649470e+01
3.692911548455123949e+01
3.693221994376447981e+01
3.693532710673279951e+01
3.693843693947561491e+01
3.694154940863524672e+01
3.694466448132891401e+01
3.694778212509515924e+01
3.695090230786948382e+01
3.695402499790646544e+01
3.695715016363849514e+01
3.696027777352190213e+01
3.696340779592880210e+01
3.696654019909839661e+01
3.696967495110190782e+01
3.697281201976852572e+01
3.697595137256752196e+01
3.697909297647283466e+01
3.698223679782082485e+01
3.698538280216024532e+01
3.698853095411389802e+01
3.699168121728894221e+01
3.699483355426132647e+01
3.699798792661759705e+01
3.700114429501332580e+01
3.700430261923636976e+01
3.700746285827010951e+01
3.701062497032074106e+01
3.701378891278793049e+01
3.701695464220149034e+01
3.702012211415211596e+01
3.702329128323096796e+01
3.702646210298865270e+01
3.702963452591959737e+01
3.703280850346587272e+01
3.703598398604047759e+01
3.703916092308669050e+01
3.704233926316663883e+01
3.704551895403429285e+01
3.704869994266555722e+01
3.705188217525430616e+01
3.705506559718304516e+01
3.705825015297121183e+01
3.706143578621080081e+01
3.706462243950003455e+01
3.706781005438283927e+01
3.707099857130106813e+01
3.707418792955637343e+01
3.707737806726922258e+01
3.708056892133689075e+01
3.708376042741291201e+01
3.708695251991478159e+01
3.709014513203455010e+01
3.709333819572994884e+01
3.709653164170189399e+01
3.709972539937684388e+01
3.710291939690473839e+01
3.710611356116570647e+01
3.710930781775731191e+01
3.711250209093599750e+01
3.711569630353611160e+01
3.711889037692791504e+01
3.712208423103405153e+01
3.712527778436837878e+01
3.712847095407095566e+01
3.713166365594785390e+01
3.713485580453827595e+01
3.713804731321769736e+01
3.714123809430296319e+01
3.714442805909798295e+01
3.714761711785366316e+01
3.715080517966555362e+01
3.715399215235586183e+01
3.715717794241491845e+01
3.716036245506147395e+01
3.716354559439067629e+01
3.716672726353662881e+01
3.716990736481258750e+01
3.717308579982289274e+01
3.717626246957003389e+01
3.717943727461724279e+01
3.718261011534850979e+01
3.718578089228116568e+01
3.718894950634247465e+01
3.719211585906632678e+01
3.719527985271589898e+01
3.719844139036057129e+01
3.720160037593427660e+01
3.720475671427444553e+01
3.720791031112482017e+01
3.721106107310819056e+01
3.721420890770684053e+01
3.721735372327515989e+01
3.722049542905327968e+01
3.722363393514363139e+01
3.722676915246904628e+01
3.722990099275617837e+01
3.723302936854035750e+01
3.723615419314512565e+01
3.723927538063350084e+01
3.724239284578365528e+01
3.724550650410061081e+01
3.724861627181622481e+01
3.725172206585416035e+01
3.725482380379678915e+01
3.725792140390471019e+01
3.726101478519370858e+01
3.726410386753224913e+01
3.726718857172333799e+01
3.727026881954839155e+01
3.727334453377802959e+01
3.727641563818871617e+01
3.727948205760275613e+01
3.728254371790982447e+01
3.728560054603781992e+01
3.728865246991011162e+01
3.729169941842616964e+01
3.729474132144609655e+01
3.729777810976246144e+01
3.730080971508002108e+01
3.730383607002167423e+01
3.730685710815685496e+01
3.730987276402705533e+01
3.731288297314105051e+01
3.731588767194200784e+01
3.731888679776963613e+01
3.732188028885163789e+01
3.732486808434770609e+01
3.732785012441112116e+01
3.733082635021234097e+01
3.733379670391876459e+01
3.733676112864723251e+01
3.733971956838633588e+01
3.734267196789244281e+01
3.734561827260034761e+01
3.734855842859528252e+01
3.735149238264824589e+01
3.735442008226210220e+01
3.735734147566893881e+01
3.736025651178655949e+01
3.736316514019443247e+01
3.736606731114862612e+01
3.736896297560166147e+01
3.737185208519598945e+01
3.737473459220692007e+01
3.737761044941729693e+01
3.738047960998443386e+01
3.738334202741227585e+01
3.738619765564040875e+01
3.738904644915749742e+01
3.739188836305524433e+01
3.739472335298403749e+01
3.739755137504136684e+01
3.740037238567000344e+01
3.740318634158926869e+01
3.740599319972052683e+01
3.740879291707760501e+01
3.741158545062599217e+01
3.741437075712659066e+01
3.741714879298325513e+01
3.741991951411669248e+01
3.742268287588417763e+01
3.742543883306740327e+01
3.742818733992956481e+01
3.743092835027825771e+01
3.743366181745634691e+01
3.743638769425393065e+01
3.743910593279495203e+01
3.744181648446379995e+01
3.744451929991373618e+01
3.744721432915033432e+01
3.744990152165293296e+01
3.745258082646784459e+01
3.745525219218860968e+01
3.745791556681344048e+01
3.746057089757843528e+01
3.746321813087254071e+01
3.746585721222466958e+01
3.746848808625765770e+01
3.747111069657899662e+01
3.747372498568708465e+01
3.747633089493791658e+01
3.747892836454293786e+01
3.748151733357089199e+01
3.748409773994954008e+01
3.748666952046168177e+01
3.748923261071869462e+01
3.749178694510199961e+01
3.749433245670060444e+01
3.749686907729350338e+01
3.749939673738564494e+01
3.750191536625069944e+01
3.750442489191741657e+01
3.750692524107704884e+01
3.750941633896351135e+01
3.751189810928326551e+01
3.751437047422408000e+01
3.751683335455540202e+01
3.751928666984951377e+01
3.752173033877871688e+01
3.752416427937153287e+01
3.752658840917263916e+01
3.752900264532860319e+01
3.753140690464163498e+01
3.753380110363008271e+01
3.753618515860652849e+01
3.753855898575781680e+01
3.754092250121539109e+01
3.754327562111684102e+01
3.754561826166551697e+01
3.754795033918633607e+01
3.755027177016591367e+01
3.755258247128403326e+01
3.755488235947234443e+01
3.755717135204911727e+01
3.755944936695037484e+01
3.756171632298740093e+01
3.756397214002439000e+01
3.756621673906841608e+01
3.756845004232240370e+01
3.757067197320504448e+01
3.757288245633655066e+01
3.757508141753132946e+01
3.757726878382764824e+01
3.757944448352804301e+01
3.758160844620662999e+01
3.758376060267745800e+01
3.758590088494244696e+01
3.758802922613442377e+01
3.759014556046608391e+01
3.759224982319061326e+01
3.759434195058381079e+01
3.759642187995439855e+01
3.759848954967002754e+01
3.760054489917350651e+01
3.760258786895131067e+01
3.760461840042032833e+01
3.760663643575809090e+01
3.760864191774861354e+01
3.761063478967700746e+01
3.761261499525228658e+01
3.761458247854680081e+01
3.761653718396879498e+01
3.761847905629051780e+01
3.762040804073965461e+01
3.762232408310540421e+01
3.762422712976763250e+01
3.762611712761982830e+01
3.762799402396485959e+01
3.762985776647012415e+01
3.763170830316170168e+01
3.763354558238053471e+01
3.763536955270747342e+01
3.763718016294772895e+01
3.763897736220792467e+01
3.764076109999359687e+01
3.764253132626193832e+01
3.764428799143166060e+01
3.764603104636755404e+01
3.764776044234565688e+01
3.764947613100470392e+01
3.765117806429574898e+01
3.765286619445410565e+01
3.765454047400843507e+01
3.765620085580146537e+01
3.765784729300492728e+01
3.765947973916177460e+01
3.766109814826543101e+01
3.766270247481764955e+01
3.766429267381919743e+01
3.766586870069619408e+01
3.766743051117687457e+01
3.766897806115373015e+01
3.767051130658561675e+01
3.767203020346222786e+01
3.767353470780751223e+01
3.767502477568222474e+01
3.767650036315524176e+01
3.767796142625648059e+01
3.767940792097260072e+01
3.768083980333434369e+01
3.768225702957602152e+01
3.768365955630665098e+01
3.768504734064995887e+01
3.768642034033570809e+01
3.768777851372775700e+01
3.768912181978488007e+01
3.769045021798852702e+01
3.769176366829396585e+01
3.769306213113698334e+01
3.769434556747858522e+01
3.769561393882636224e+01
3.769686720717794515e+01
3.769810533488848137e+01
3.769932828451577222e+01
3.770053601872186277e+01
3.770172850028385625e+01
3.770290569218451537e+01
3.770406755769325002e+01
3.770521406037302370e+01
3.770634516404152237e+01
3.770746083276939942e+01
3.770856103093983336e+01
3.770964572330332487e+01
3.771071487495357388e+01
3.771176845124297472e+01
3.771280641773906694e+01
3.771382874024725140e+01
3.771483538480916309e+01
3.771582631766019489e+01
3.771680150522982444e+01
3.771776091419077659e+01
3.771870451150423520e+01
3.771963226445927120e+01
3.772054414069665285e+01
3.772144010818994531e+01
3.772232013521188776e+01
3.772318419032618664e+01
3.772403224241441677e+01
3.772486426076229549e+01
3.772568021521913550e+01
3.772648007636993128e+01
3.772726381564706344e+01
3.772803140537971700e+01
3.772878281881408213e+01
3.772951803012777816e+01
3.773023701445880818e+01
3.773093974794540628e+01
3.773162620772876608e+01
3.773229637188862995e+01
3.773295021936042559e+01
3.773358772990299315e+01
3.773420888411126839e+01
3.773481366341817278e+01
3.773540205007416404e+01
3.773597402712782412e+01
3.773652957839078681e+01
3.773706868834143080e+01
3.773759134196618703e+01
3.773809752460284273e+01
3.773858722185696024e+01
3.773906041961272706e+01
3.773951710411404292e+01
3.773995726206121049e+01
3.774038088065499608e+01
3.774078794755991595e+01
3.774117845083637945e+01
3.774155237893710080e+01
3.774190972081172646e+01
3.774225046604261280e+01
3.774257460488224325e+01
3.774288212814264654e+01
3.774317302702247190e+01
3.774344729299837553e+01
3.774370491778756076e+01
3.774394589328402105e+01
3.774417021144029150e+01
3.774437786417548324e+01
3.774456884337300266e+01
3.774474314094352678e+01
3.774490074890461955e+01
3.774504165946515855e+01
3.774516586512839211e+01
3.774527335881928281e+01
3.774536413400512913e+01
3.774543818477039281e+01
3.774549550584678315e+01
3.774553609261114673e+01
3.774555994106398060e+01
3.774556704781376482e+01
3.774555741007988274e+01
3.774553102572080121e+01
3.774548789328672882e+01
3.774542801204692921e+01
3.774535138194301709e+01
3.774525800350140514e+01
3.774514787777300739e+01
3.774502100631681856e+01
3.774487739119134488e+01
3.774471703491873598e+01
3.774453994044120009e+01
3.774434611113291282e+01
3.774413555087724603e+01
3.774390826413920763e+01
3.774366425598226726e+01
3.774340353201808540e+01
3.774312609826954201e+01
3.774283196098410542e+01
3.774252112651545588e+01
3.774219360134533474e+01
3.774184939221359514e+01
3.774148850628918694e+01
3.774111095133435612e+01
3.774071673582987074e+01
3.774030586898632578e+01
3.773987836054215705e+01
3.773943422042919593e+01
3.773897345858529917e+01
3.773849608503787323e+01
3.773800211008771299e+01
3.773749154442370468e+01
3.773696439917817003e+01
3.773642068598609711e+01
3.773586041704243144e+01
3.773528360509713053e+01
3.773469026335956755e+01
3.773408040537086094e+01
3.773345404491516319e+01
3.773281119595243638e+01
3.773215187252301206e+01
3.773147608864334046e+01
3.773078385824959469e+01
3.773007519521529218e+01
3.772935011342926259e+01
3.772860862688838068e+01
3.772785074976391684e+01
3.772707649646019235e+01
3.772628588170147879e+01
3.772547892060236308e+01
3.772465562864560695e+01
3.772381602159765634e+01
3.772296011544957395e+01
3.772208792637835728e+01
3.772119947068110690e+01
3.772029476470819276e+01
3.771937382483439904e+01
3.771843666744285883e+01
3.771748330888164702e+01
3.771651376538924438e+01
3.771552805301228517e+01
3.771452618754958053e+01
3.771350818456048160e+01
3.771247405945702269e+01
3.771142382763700596e+01
3.771035750457915725e+01
3.770927510586420084e+01
3.770817664713663220e+01
3.770706214407129409e+01
3.770593161243843383e+01
3.770478506827784315e+01
3.770362252809155024e+01
3.770244400897419013e+01
3.770124952866935075e+01
3.770003910560259186e+01
3.769881275894468331e+01
3.769757050869529991e+01
3.769631237573949534e+01
3.769503838185451627e+01
3.769374854970102717e+01
3.769244290284846954e+01
3.769112146580730638e+01
3.768978426398524562e+01
3.768843132355488734e+01
3.768706267130577459e+01
3.768567833455396965e+01
3.768427834114712738e+01
3.768286271955625466e+01
3.768143149897920097e+01
3.767998470937111932e+01
3.767852238139700916e+01
3.767704454636383815e+01
3.767555123616145352e+01
3.767404248319671467e+01
3.767251832030812153e+01
3.767097878066493166e+01
3.766942389767698529e+01
3.766785370496301510e+01
3.766626823638424781e+01
3.766466752610042334e+01
3.766305160862484769e+01
3.766142051886685493e+01
3.765977429212358629e+01
3.765811296399586894e+01
3.765643657026996749e+01
3.765474514683639740e+01
3.765303872964287990e+01
3.765131735461415019e+01
3.764958105752412365e+01
3.764782987390113078e+01
3.764606383905694287e+01
3.764428298821614050e+01
3.764248735662211232e+01
3.764067697954957481e+01
3.763885189227814720e+01
3.763701213011172797e+01
3.763515772844076679e+01
3.763328872278798798e+01
3.763140514882687171e+01
3.762950704239916178e+01
3.762759443954217176e+01
3.762566737651707172e+01
3.762372588984010235e+01
3.762177001636547402e+01
3.761979979343058744e+01
3.761781525897990264e+01
3.761581645163225573e+01
3.761380341072978695e+01
3.761177617635172510e+01
3.760973478928152502e+01
3.760767929099342410e+01
3.760560972368975996e+01
3.760352613035576752e+01
3.760142855480276580e+01
3.759931704166847766e+01
3.759719163634623840e+01
3.759505238486852363e+01
3.759289933383326598e+01
3.759073253043545293e+01
3.758855202256497563e+01
3.758635785889767078e+01
3.758415008892696108e+01
3.758192876289228934e+01
3.757969393161887695e+01
3.757744564637022933e+01
3.757518395880095596e+01
3.757290892098462365e+01
3.757062058542506833e+01
3.756831900501125432e+01
3.756600423297309987e+01
3.756367632292500502e+01
3.756133532898535776e+01
3.755898130588150252e+01
3.755661430903712983e+01
3.755423439470455804e+01
3.755184162012815108e+01
3.754943604367661436e+01
3.754701772490032141e+01
3.754458672449313639e+01
3.754214310417250999e+01
3.753968692652348693e+01
3.753721825485349939e+01
3.753473715307636382e+01
3.753224368563235913e+01
3.752973791746482135e+01
3.752721991406883717e+01
3.752468974160035486e+01
3.752214746699311121e+01
3.751959315802491801e+01
3.751702688334399483e+01
3.751444871248760649e+01
3.751185871586070419e+01
3.750925696466495651e+01
3.750664353086186509e+01
3.750401848721580222e+01
3.750138190734480048e+01
3.749873386570714473e+01
3.749607443753046709e+01
3.749340369872138723e+01
3.749072172578195961e+01
3.748802859573693524e+01
3.748532438605900552e+01
3.748260917459897001e+01
3.747988303956267231e+01
3.747714605955908951e+01
3.747439831368150465e+01
3.747163988157218029e+01
3.746887084348315966e+01
3.746609128038086567e+01
3.746330127407900079e+01
3.746050090731010584e+01
3.745769026368900967e+01
3.745486942763046301e+01
3.745203848430580962e+01
3.744919751963667665e+01
3.744634662025845984e+01
3.744348587344876478e+01
3.744061536708899496e+01
3.743773518967176273e+01
3.743484543032090528e+01
3.743194617883007425e+01
3.742903752572375708e+01
3.742611956233677972e+01
3.742319238091433675e+01
3.742025607466422343e+01
3.741731073768060156e+01
3.741435646481019717e+01
3.741139335160821133e+01
3.740842149436729613e+01
3.740544099004615930e+01
3.740245193603070106e+01
3.739945442989996849e+01
3.739644856939187889e+01
3.739343445253159359e+01
3.739041217777742787e+01
3.738738184414345511e+01
3.738434355129965780e+01
3.738129739962828069e+01
3.737824349025192561e+01
3.737518192505976344e+01
3.737211280670643987e+01
3.736903623854375667e+01
3.736595232447059800e+01
3.736286116872830121e+01
3.735976287573693355e+01
3.735665755006115774e+01
3.735354529649490019e+01
3.735042622019384595e+01
3.734730042680494932e+01
3.734416802258429158e+01
3.734102911449448925e+01
3.733788381027486025e+01
3.733473221851545532e+01
3.733157444874378683e+01
3.732841061148332784e+01
3.732524081827208562e+01
3.732206518167721754e+01
3.731888381533414645e+01
3.731569683397188442e+01
3.731250435333526383e+01
3.730930648997553334e+01
3.730610336095536184e+01
3.730289508352065297e+01
3.729968177484352054e+01
3.729646355195908569e+01
3.729324053187862376e+01
3.729001283175138326e+01
3.728678056899823190e+01
3.728354386139458398e+01
3.728030282707740639e+01
3.727705758449472739e+01
3.727380825237074902e+01
3.727055494972356797e+01
3.726729779590530001e+01
3.726403691062958501e+01
3.726077241398930795e+01
3.725750442648116234e+01
3.725423306903020659e+01
3.725095846299887370e+01
3.724768073017940395e+01
3.724439999276386715e+01
3.724111637328694968e+01
3.723782999457553444e+01
3.723454097974795474e+01
3.723124945225909244e+01
3.722795553596391471e+01
3.722465935519080205e+01
3.722136103482755232e+01
3.721806070040540249e+01
3.721475847813631788e+01
3.721145449487136148e+01
3.720814887801333981e+01
3.720484175544884664e+01
3.720153325552228551e+01
3.719822350701567615e+01
3.719491263909146284e+01
3.719160078120806645e+01
3.718828806304712487e+01
3.718497461446311547e+01
3.718166056545638298e+01
3.717834604617146255e+01
3.717503118689740660e+01
3.717171611804567277e+01
3.716840097010265254e+01
3.716508587355694715e+01
3.716177095881195669e+01
3.715845635610926934e+01
3.715514219546464147e+01
3.715182860659523811e+01
3.714851571882834946e+01
3.714520366099941384e+01
3.714189256136467066e+01
3.713858254755172084e+01
3.713527374652770163e+01
3.713196628454402770e+01
3.712866028705391841e+01
3.712535587863276021e+01
3.712205318293166556e+01
3.711875232266604741e+01
3.711545341960032829e+01
3.711215659448583182e+01
3.710886196696272776e+01
3.710556965548035180e+01
3.710227977727125648e+01
3.709899244837378518e+01
3.709570778367817923e+01
3.709242589696672354e+01
3.708914690093448741e+01
3.708587090719635171e+01
3.708259802628632684e+01
3.707932836764798878e+01
3.707606203962889424e+01
3.707279914950419908e+01
3.706953980350899513e+01
3.706628410681126695e+01
3.706303216341370188e+01
3.705978407605164193e+01
3.705653994613869173e+01
3.705329987375817780e+01
3.705006395767888705e+01
3.704683229537575073e+01
3.704360498304358629e+01
3.704038211560219196e+01
3.703716378669064824e+01
3.703395008864701055e+01
3.703074111247921962e+01
3.702753694784382077e+01
3.702433768304901207e+01
3.702114340508106238e+01
3.701795419962881084e+01
3.701477015109153967e+01
3.701159134259270189e+01
3.700841785602582945e+01
3.700524977213252953e+01
3.700208717059117447e+01
3.699893013008812659e+01
3.699577872835284609e+01
3.699263304215890003e+01
3.698949314732890770e+01
3.698635911880173666e+01
3.698323103076797480e+01
3.698010895680531007e+01
3.697699296995062923e+01
3.697388314270978071e+01
3.697077954703706126e+01
3.696768225430307098e+01
3.696459133525961960e+01
3.696150685999875662e+01
3.695842889787965646e+01
3.695535751741360997e+01
3.695229278614220902e+01
3.694923477055055372e+01
3.694618353603890171e+01
3.694313914694109968e+01
3.694010166654391014e+01
3.693707115709080568e+01
3.693404767979645698e+01
3.693103129486993907e+01
3.692802206149411148e+01
3.692502003773099517e+01
3.692202528039883447e+01
3.691903784501150199e+01
3.691605778584650466e+01
3.691308515610449348e+01
3.691012000804447268e+01
3.690716239303904445e+01
3.690421236157713025e+01
3.690126996323250808e+01
3.689833524659926667e+01
3.689540825921842071e+01
3.689248904752701463e+01
3.688957765683344547e+01
3.688667413130639261e+01
3.688377851397259377e+01
3.688089084672424178e+01
3.687801117033618681e+01
3.687513952449381094e+01
3.687227594783551154e+01
3.686942047802144629e+01
3.686657315183641259e+01
3.686373400530143130e+01
3.686090307374734465e+01
3.685808039182995799e+01
3.685526599350132670e+01
3.685245991196547521e+01
3.684966217964768731e+01
3.684687282818622123e+01
3.684409188842987959e+01
3.684131939043257375e+01
3.683855536345573256e+01
3.683579983598235685e+01
3.683305283572328648e+01
3.683031438959714166e+01
3.682758452370438818e+01
3.682486326332870163e+01
3.682215063295583235e+01
3.681944665628271451e+01
3.681675135621973283e+01
3.681406475490079799e+01
3.681138687369826101e+01
3.680871773322321161e+01
3.680605735329162087e+01
3.680340575287009841e+01
3.680076295004984388e+01
3.679812896206632900e+01
3.679550380532000275e+01
3.679288749535799496e+01
3.679028004683045339e+01
3.678768147345081729e+01
3.678509178796575441e+01
3.678251100212514757e+01
3.677993912664324938e+01
3.677737617118030755e+01
3.677482214442549235e+01
3.677227705429860549e+01
3.676974090816252527e+01
3.676721371296064689e+01
3.676469547530751214e+01
3.676218620158138606e+01
3.675968589801878039e+01
3.675719457080214880e+01
3.675471222615630751e+01
3.675223887046824700e+01
3.674977451043321963e+01
3.674731915320761999e+01
3.674487280652193277e+01
3.674243547874301896e+01
3.674000717891978951e+01
3.673758791682306679e+01
3.673517770297370788e+01
3.673277654867758457e+01
3.673038446607993279e+01
3.672800146821393952e+01
3.672562756901225356e+01
3.672326278327758331e+01
3.672090712663575118e+01
3.671856061550234074e+01
3.671622326707373674e+01
3.671389509933757722e+01
3.671157613110563034e+01
3.670926638206416470e+01
3.670696587280972523e+01
3.670467462484689491e+01
3.670239266056945837e+01
3.670012000325812807e+01
3.669785667709678734e+01
3.669560270718281458e+01
3.669335811950337245e+01
3.669112294086389170e+01
3.668889719877662259e+01
3.668668092133555092e+01
3.668447413710685368e+01
3.668227687503691925e+01
3.668008916436615152e+01
3.667791103456713842e+01
3.667574251533928731e+01
3.667358363666091492e+01
3.667143442886278137e+01
3.666929492267625079e+01
3.666716514923469816e+01
3.666504514003788273e+01
3.666293492689096922e+01
3.666083454181723056e+01
3.665874401694739504e+01
3.665666338440795613e+01
3.665459267624358830e+01
3.665253192439212171e+01
3.665048116068196293e+01
3.664844041680117215e+01
3.664640972423347165e+01
3.664438911419029665e+01
3.664237861754483561e+01
3.664037826475817639e+01
3.663838808580553064e+01
3.663640811011502052e+01
3.663443836652114527e+01
3.663247888323373758e+01
3.663052968782447749e+01
3.662859080722802219e+01
3.662666226774889822e+01
3.662474409506555162e+01
3.662283631423429142e+01
3.662093894970300312e+01
3.661905202533359471e+01
3.661717556442444277e+01
3.661530958972990391e+01
3.661345412347784389e+01
3.661160918738325876e+01
3.660977480265505335e+01
3.660795098999309971e+01
3.660613776957060850e+01
3.660433516099899265e+01
3.660254318327907441e+01
3.660076185475031707e+01
3.659899119304879633e+01
3.659723121507395405e+01
3.659548193696308971e+01
3.659374337408340239e+01
3.659201554106200405e+01
3.659029845185872176e+01
3.658859211983311610e+01
3.658689655774423244e+01
3.658521177768505339e+01
3.658353779099748948e+01
3.658187460819512893e+01
3.658022223889375368e+01
3.657858069174672977e+01
3.657694997440275841e+01
3.657533009351624287e+01
3.657372105479659297e+01
3.657212286303409599e+01
3.657053552207420921e+01
3.656895903476646481e+01
3.656739340291040463e+01
3.656583862720357558e+01
3.656429470720199504e+01
3.656276164130119355e+01
3.656123942672498117e+01
3.655972805950347038e+01
3.655822753443355566e+01
3.655673784502868529e+01
3.655525898346859748e+01
3.655379094054513445e+01
3.655233370559830774e+01
3.655088726646307151e+01
3.654945160945793248e+01
3.654802671943401293e+01
3.654661257988340139e+01
3.654520917305929828e+01
3.654381648003661098e+01
3.654243448070931066e+01
3.654106315379064540e+01
3.653970247685913364e+01
3.653835242642790604e+01
3.653701297800039072e+01
3.653568410610556327e+01
3.653436578432046389e+01
3.653305798528593584e+01
3.653176068071643101e+01
3.653047384140013065e+01
3.652919743720097756e+01
3.652793143708598222e+01
3.652667580916715906e+01
3.652543052071812468e+01
3.652419553815362008e+01
3.652297082699057995e+01
3.652175635180618229e+01
3.652055207620373523e+01
3.651935796279509105e+01
3.651817397320058234e+01
3.651700006806059662e+01
3.651583620704619904e+01
3.651468234884441699e+01
3.651353845110354257e+01
3.651240447036382619e+01
3.651128036200861260e+01
3.651016608023296328e+01
3.650906157800551455e+01
3.650796680702146091e+01
3.650688171766729084e+01
3.650580625900786202e+01
3.650474037879298095e+01
3.650368402348051688e+01
3.650263713827309431e+01
3.650159966716166338e+01
3.650057155296121181e+01
3.649955273732989980e+01
3.649854316079796490e+01
3.649754276285209187e+01
3.649655148206263533e+01
3.649556925617677905e+01
3.649459602214147935e+01
3.649363171609234513e+01
3.649267627334833719e+01
3.649172962841910106e+01
3.649079171501330876e+01
3.648986246604789585e+01
3.648894181367486311e+01
3.648802968932556468e+01
3.648712602374529723e+01
3.648623074699958124e+01
3.648534378846093773e+01
3.648446507679179973e+01
3.648359453992735979e+01
3.648273210504969200e+01
3.648187769855403673e+01
3.648103124603453296e+01
3.648019267229047813e+01
3.647936190129543377e+01
3.647853885609725921e+01
3.647772345870156130e+01
3.647691563001544068e+01
3.647611528986345064e+01
3.647532235702873749e+01
3.647453674930204670e+01
3.647375838355503674e+01
3.647298717583015559e+01
3.647222304142266580e+01
3.647146589494619207e+01
3.647071565038648089e+01
3.646997222115518156e+01
3.646923552015728376e+01
3.646850545987211945e+01
3.646778195244412757e+01
3.646706490979701698e+01
3.646635424377223700e+01
3.646564986625962490e+01
3.646495168930665898e+01
3.646425962523255038e+01
3.646357358674427473e+01
3.646289348699708199e+01
3.646221923957409672e+01
3.646155075843092419e+01
3.646088795785674819e+01
3.646023075246853296e+01
3.645957905723938097e+01
3.645893278758327938e+01
3.645829185952661788e+01
3.645765618993809198e+01
3.645702569673717619e+01
3.645640029903054113e+01
3.645577991718023725e+01
3.645516447282026462e+01
3.645455388884096237e+01
3.645394808937926001e+01
3.645334699983912685e+01
3.645275054693535566e+01
3.645215865875294270e+01
3.645157126480844312e+01
3.645098829609079161e+01
3.645040968509732693e+01
3.644983536590772388e+01
3.644926527429692698e+01
3.644869934783734777e+01
3.644813752594360778e+01
3.644757974985782312e+01
3.644702596260275840e+01
3.644647610892617706e+01
3.644593013525496161e+01
3.644538798966479476e+01
3.644484962185081400e+01
3.644431498309923256e+01
3.644378402629792646e+01
3.644325670600932909e+01
3.644273297855994542e+01
3.644221280208303426e+01
3.644169613650870332e+01
3.644118294354134235e+01
3.644067318666433408e+01
3.644016683117883559e+01
3.643966384424743410e+01
3.643916419491444714e+01
3.643866785409009879e+01
3.643817479449970875e+01
3.643768499063379096e+01
3.643719841874200682e+01
3.643671505685050960e+01
3.643623488474513294e+01
3.643575788392541881e+01
3.643528403758682543e+01
3.643481333065754058e+01
3.643434574988105368e+01
3.643388128390842695e+01
3.643341992335065527e+01
3.643296166079108644e+01
3.643250649077834424e+01
3.643205440978321263e+01
3.643160541611266723e+01
3.643115950980534024e+01
3.643071669253775013e+01
3.643027696756656297e+01
3.642984033971563207e+01
3.642940681539518266e+01
3.642897640262003733e+01
3.642854911101029103e+01
3.642812495180852750e+01
3.642770393792726225e+01
3.642728608399247747e+01
3.642687140638027898e+01
3.642645992326919924e+01
3.642605165470804707e+01
3.642564662268961229e+01
3.642524485121074207e+01
3.642484636629630756e+01
3.642445119597453385e+01
3.642405937017144169e+01
3.642367092050982080e+01
3.642328588010331458e+01
3.642290428347816800e+01
3.642252616663417797e+01
3.642215156713101010e+01
3.642178052411218658e+01
3.642141307828325125e+01
3.642104927190165142e+01
3.642068914878704078e+01
3.642033275429748329e+01
3.641998013524137434e+01
3.641963133978353540e+01
3.641928641740967976e+01
3.641894541893380932e+01
3.641860839650068016e+01
3.641827540355517101e+01
3.641794649475415468e+01
3.641762172581508139e+01
3.641730115334891593e+01
3.641698483474767301e+01
3.641667282815763684e+01
3.641636519251002824e+01
3.641606198755268053e+01
3.641576327385539713e+01
3.641546911279773724e+01
3.641517956655000887e+01
3.641489469806206358e+01
3.641461457106468202e+01
3.641433925004862715e+01
3.641406880018418235e+01
3.641380328719110793e+01
3.641354277720360955e+01
3.641328733666265549e+01
3.641303703222578037e+01
3.641279193067982334e+01
3.641255209887018651e+01
3.641231760365644021e+01
3.641208851188346074e+01
3.641186489035159468e+01
3.641164680577220025e+01
3.641143432472222941e+01
3.641122751363382548e+01
3.641102643882587842e+01
3.641083116655006080e+01
3.641064176302236888e+01
3.641045829441171122e+01
3.641028082677103583e+01
3.641010942593438671e+01
3.640994415741877788e+01
3.640978508634847799e+01
3.640963227739975849e+01
3.640948579476605573e+01
3.640934570215141264e+01
3.640921206279114131e+01
3.640908493948322189e+01
3.640896439461482004e+01
3.640885049018000075e+01
3.640874328779551661e+01
3.640864284872144196e+01
3.640854923388079811e+01
3.640846250387046013e+01
3.640838271896712541e+01
3.640830993913329650e+01
3.640824422401936999e+01
3.640818563295495380e+01
3.640813422492949769e+01
3.640809005857389025e+01
3.640805319215467506e+01
3.640802368358096430e+01
3.640800159042297679e+01
3.640798696994131944e+01
3.640797987911235367e+01
3.640798037463795112e+01
3.640798851295037508e+01
3.640800435022688930e+01
3.640802794241313478e+01
3.640805934523966414e+01
3.640809861421505644e+01
3.640814580459959870e+01
3.640820097137698497e+01
3.640826416922595854e+01
3.640833545248421643e+01
3.640841487510931529e+01
3.640850249065033495e+01
3.640859835223994878e+01
3.640870251260306389e+01
3.640881502406350023e+01
3.640893593853503063e+01
3.640906530750369541e+01
3.640920318202370964e+01
3.640934961274843573e+01
3.640950464998762470e+01
3.640966834374910377e+01
3.640984074373950108e+01
3.641002189934058464e+01
3.641021185958759077e+01
3.641041067315920543e+01
3.641061838837527631e+01
3.641083505319460301e+01
3.641106071519706688e+01
3.641129542152582133e+01
3.641153921879048738e+01
3.641179215297815119e+01
3.641205426942085666e+01
3.641232561281759672e+01
3.641260622726215956e+01
3.641289615623783504e+01
3.641319544259555130e+01
3.641350412855341290e+01
3.641382225571571496e+01
3.641414986508610951e+01
3.641448699707101611e+01
3.641483369148200921e+01
3.641518998753433323e+01
3.641555592383272000e+01
3.641593153835913910e+01
3.641631686849367355e+01
3.641671195105288916e+01
3.641711682229021108e+01
3.641753151785535891e+01
3.641795607275962965e+01
3.641839052136355548e+01
3.641883489737138291e+01
3.641928923382747740e+01
3.641975356313023582e+01
3.642022791707520923e+01
3.642071232690793892e+01
3.642120682335539072e+01
3.642171143662616828e+01
3.642222619638342707e+01
3.642275113170611434e+01
3.642328627107256978e+01
3.642383164238700033e+01
3.642438727302926793e+01
3.642495318989497122e+01
3.642552941941699629e+01
3.642611598758117708e+01
3.642671291994096805e+01
3.642732024162143745e+01
3.642793797730370642e+01
3.642856615119476515e+01
3.642920478699731035e+01
3.642985390788732758e+01
3.643051353649556745e+01
3.643118369489190655e+01
3.643186440458726594e+01
3.643255568656468313e+01
3.643325756132600901e+01
3.643397004893560620e+01
3.643469316905533617e+01
3.643542694095511081e+01
3.643617138346405682e+01
3.643692651484952449e+01
3.643769235267372864e+01
3.643846891369517493e+01
3.643925621382945934e+01
3.644005426814705828e+01
3.644086309090722864e+01
3.644168269564633533e+01
3.644251309529740013e+01
3.644335430227646810e+01
3.644420632850960118e+01
3.644506918542764140e+01
3.644594288396002213e+01
3.644682743453830653e+01
3.644772284710063559e+01
3.644862913107287028e+01
3.644954629530673884e+01
3.645047434800540032e+01
3.645141329669669261e+01
3.645236314825407931e+01
3.645332390891564245e+01
3.645429558428942585e+01
3.645527817937335868e+01
3.645627169860733829e+01
3.645727614593889143e+01
3.645829152486741265e+01
3.645931783846014440e+01
3.646035508936228098e+01
3.646140327981287044e+01
3.646246241165101765e+01
3.646353248629770150e+01
3.646461350473170171e+01
3.646570546749378394e+01
3.646680837473177661e+01
3.646792222627094304e+01
3.646904702168142620e+01
3.647018276033299600e+01
3.647132944144983213e+01
3.647248706415646069e+01
3.647365562748473167e+01
3.647483513035251690e+01
3.647602557157459557e+01
3.647722694993188952e+01
3.647843926424171457e+01
3.647966251335880372e+01
3.648089669611598396e+01
3.648214181128131628e+01
3.648339785757763565e+01
3.648466483372245506e+01
3.648594273842021352e+01
3.648723157029403552e+01
3.648853132779802166e+01
3.648984200914607356e+01
3.649116361225630101e+01
3.649249613469832809e+01
3.649383957365225228e+01
3.649519392589197508e+01
3.649655918777432362e+01
3.649793535520579724e+01
3.649932242359170687e+01
3.650072038778629491e+01
3.650212924203994191e+01
3.650354897993172187e+01
3.650497959429023354e+01
3.650642107713490958e+01
3.650787341968253230e+01
3.650933661240539863e+01
3.651081064507776119e+01
3.651229550678620228e+01
3.651379118591857775e+01
3.651529767014416450e+01
3.651681494640158121e+01
3.651834300090521879e+01
3.651988181915457687e+01
3.652143138592502680e+01
3.652299168523817485e+01
3.652456270032434560e+01
3.652614441359681052e+01
3.652773680665709577e+01
3.652933986032372360e+01
3.653095355464722616e+01
3.653257786889403746e+01
3.653421278152156759e+01
3.653585827017079168e+01
3.653751431167344066e+01
3.653918088204751768e+01
3.654085795646838619e+01
3.654254550924572698e+01
3.654424351384916037e+01
3.654595194296993554e+01
3.654767076855917196e+01
3.654939996181546746e+01
3.655113949314129229e+01
3.655288933209648405e+01
3.655464944737018129e+01
3.655641980677714287e+01
3.655820037726864769e+01
3.655999112495892689e+01
3.656179201519547917e+01
3.656360301268875190e+01
3.656542408165542923e+01
3.656725518590914703e+01
3.656909628888490715e+01
3.657094735362553450e+01
3.657280834275151449e+01
3.657467921841622172e+01
3.657655994223679130e+01
3.657845047518794246e+01
3.658035077746657038e+01
3.658226080837286531e+01
3.658418052624504213e+01
3.658610988842808354e+01
3.658804885124252593e+01
3.658999736994831409e+01
3.659195539871060276e+01
3.659392289057335290e+01
3.659589979744653476e+01
3.659788607010499817e+01
3.659988165820295336e+01
3.660188651031663909e+01
3.660390057399966679e+01
3.660592379582275413e+01
3.660795612140271515e+01
3.660999749542368420e+01
3.661204786162615221e+01
3.661410716276382260e+01
3.661617534056246370e+01
3.661825233569815197e+01
3.662033808778238608e+01
3.662243253534326470e+01
3.662453561582025685e+01
3.662664726560382888e+01
3.662876742010522690e+01
3.663089601379699900e+01
3.663303298021166654e+01
3.663517825193933675e+01
3.663733176064876318e+01
3.663949343714439522e+01
3.664166321146819172e+01
3.664384101301709507e+01
3.664602677063310665e+01
3.664822041264474706e+01
3.665042186686652315e+01
3.665263106061797771e+01
3.665484792082150989e+01
3.665707237414116548e+01
3.665930434708829466e+01
3.666154376609600973e+01
3.666379055762771344e+01
3.666604464835092614e+01
3.666830596531492859e+01
3.667057443605052924e+01
3.667284998861133971e+01
3.667513255166181096e+01
3.667742205465293637e+01
3.667971842800665883e+01
3.668202160323409089e+01
3.668433151299232264e+01
3.668664809109738911e+01
3.668897127249145740e+01
3.669130099318174842e+01
3.669363719017357539e+01
3.669597980139367621e+01
3.669832876562129798e+01
3.670068402246894834e+01
3.670304551238947965e+01
3.670541317662856073e+01
3.670778695709242356e+01
3.671016679619221890e+01
3.671255263675458735e+01
3.671494442202767772e+01
3.671734209575149066e+01
3.671974560226031059e+01
3.672215488658221716e+01
3.672456989448796350e+01
3.672699057246769883e+01
3.672941686766199609e+01
3.673184872778594467e+01
3.673428610104745218e+01
3.673672893604607026e+01
3.673917718166884328e+01
3.674163078698908436e+01
3.674408970114471629e+01
3.674655387319901934e+01
3.674902325201115616e+01
3.675149778612615137e+01
3.675397742368336651e+01
3.675646211234642635e+01
3.675895179926035894e+01
3.676144643104093035e+01
3.676394595377854557e+01
3.676645031301973177e+01
3.676895945371653340e+01
3.677147332017383974e+01
3.677399185602995857e+01
3.677651500428087417e+01
3.677904270733385772e+01
3.678157490707265964e+01
3.678411154491789148e+01
3.678665256186005195e+01
3.678919789845560473e+01
3.679174749478209350e+01
3.679430129034553687e+01
3.679685922397806763e+01
3.679942123379013452e+01
3.680198725717524155e+01
3.680455723081476549e+01
3.680713109065153787e+01
3.680970877183225554e+01
3.681229020865865920e+01
3.681487533459911532e+01
3.681746408234301526e+01
3.682005638383477475e+01
3.682265217026780846e+01
3.682525137206202714e+01
3.682785391883831494e+01
3.683045973936969375e+01
3.683306876148571263e+01
3.683568091196023175e+01
3.683829611644894442e+01
3.684091429950767349e+01
3.684353538466527311e+01
3.684615929450332317e+01
3.684878595071728569e+01
3.685141527415724738e+01
3.685404718484914355e+01
3.685668160201501564e+01
3.685931844413222080e+01
3.686195762903454920e+01
3.686459907399964919e+01
3.686724269578584057e+01
3.686988841064456324e+01
3.687253613433865240e+01
3.687518578215576781e+01
3.687783726889935565e+01
3.688049050884463753e+01
3.688314541563605076e+01
3.688580190213699694e+01
3.688845988029227385e+01
3.689111926104989436e+01
3.689377995435303603e+01
3.689644186919242230e+01
3.689910491368787149e+01
3.690176899515527964e+01
3.690443402013070795e+01
3.690709989436230387e+01
3.690976652280133408e+01
3.691243380960381160e+01
3.691510165811764210e+01
3.691776997082582312e+01
3.692043864927214258e+01
3.692310759403367371e+01
3.692577670479840179e+01
3.692844588058125055e+01
3.693111502003258551e+01
3.693378402173894415e+01
3.693645278444586921e+01
3.693912120717744330e+01
3.694178918927985933e+01
3.694445663045428319e+01
3.694712343082380102e+01
3.694978949103348498e+01
3.695245471234268564e+01
3.695511899667639710e+01
3.695778224666492662e+01
3.696044436571866498e+01
3.696310525812814518e+01
3.696576482914174022e+01
3.696842298497902846e+01
3.697107963276821607e+01
3.697373468047086220e+01
3.697638803689140019e+01
3.697903961177526355e+01
3.698168931591290232e+01
3.698433706119407560e+01
3.698698276061053036e+01
3.698962632822171059e+01
3.699226767911456193e+01
3.699490672939748492e+01
3.699754339621861021e+01
3.700017759777336579e+01
3.700280925331988158e+01
3.700543828321771400e+01
3.700806460895685746e+01
3.701068815316148886e+01
3.701330883956535445e+01
3.701592659295317844e+01
3.701854133910688205e+01
3.702115300481415971e+01
3.702376151795208870e+01
3.702636680759798793e+01
3.702896880409356584e+01
3.703156743904862225e+01
3.703416264533798596e+01
3.703675435710620434e+01
3.703934250974309350e+01
3.704192703984067947e+01
3.704450788519795879e+01
3.704708498489676316e+01
3.704965827937562040e+01
3.705222771039948526e+01
3.705479322090275929e+01
3.705735475476515717e+01
3.705991225662361188e+01
3.706246567183610097e+01
3.706501494659166696e+01
3.706756002802426764e+01
3.707010086425657391e+01
3.707263740441644018e+01
3.707516959866021722e+01
3.707769739819996602e+01
3.708022075533069994e+01
3.708273962345762698e+01
3.708525395712138106e+01
3.708776371201754074e+01
3.709026884501410137e+01
3.709276931417582546e+01
3.709526507877689738e+01
3.709775609924928830e+01
3.710024233703666141e+01
3.710272375439956960e+01
3.710520031427419241e+01
3.710767198025195057e+01
3.711013871662434838e+01
3.711260048837323922e+01
3.711505726108227776e+01
3.711750900085513649e+01
3.711995567430387410e+01
3.712239724858703482e+01
3.712483369144378287e+01
3.712726497118621438e+01
3.712969105663031399e+01
3.713211191697331515e+01
3.713452752167884086e+01
3.713693784041863211e+01
3.713934284301907240e+01
3.714174249936392869e+01
3.714413677929609747e+01
3.714652565254471739e+01
3.714890908864547470e+01
3.715128705683650878e+01
3.715365952594075338e+01
3.715602646424629540e+01
3.715838783939165069e+01
3.716074361826272110e+01
3.716309376690335142e+01
3.716543825042889182e+01
3.716777703293779922e+01
3.717011007744267914e+01
3.717243734585108683e+01
3.717475879900862878e+01
3.717707439678203940e+01
3.717938409813350376e+01
3.718168786116085300e+01
3.718398564312126808e+01
3.718627740045884877e+01
3.718856308882440942e+01
3.719084266305925723e+01
3.719311607714192291e+01
3.719538328413008088e+01
3.719764423613460025e+01
3.719989888435009817e+01
3.720214717912448066e+01
3.720438907001191353e+01
3.720662450578880964e+01
3.720885343446202853e+01
3.721107580328388309e+01
3.721329155875258721e+01
3.721550064657759549e+01
3.721770301161577521e+01
3.721989859779003496e+01
3.722208734799722407e+01
3.722426920404434014e+01
3.722644410668114290e+01
3.722861199574484914e+01
3.723077281034568387e+01
3.723292648902521762e+01
3.723507296989424020e+01
3.723721219077844324e+01
3.723934408936315066e+01
3.724146860331464381e+01
3.724358567036549772e+01
3.724569522835511748e+01
3.724779721523030673e+01
3.724989156902641696e+01
3.725197822784848256e+01
3.725405712986503204e+01
3.725612821331261415e+01
3.725819141648867117e+01
3.726024667771714860e+01
3.726229393530923772e+01
3.726433312755430194e+01
3.726636419273815193e+01
3.726838706916225874e+01
3.727040169516883594e+01
3.727240800919807384e+01
3.727440594987169220e+01
3.727639545605508431e+01
3.727837646686104023e+01
3.728034892162031610e+01
3.728231275986395588e+01
3.728426792132896850e+01
3.728621434600496798e+01
3.728815197424311378e+01
3.729008074689534880e+01
3.729200060543113437e+01
3.729391149202409395e+01
3.729581334961915928e+01
3.729770612197049218e+01
3.729958975364632323e+01
3.730146419002112168e+01
3.730332937726683440e+01
3.730518526232557974e+01
3.730703179286390991e+01
3.730886891725138810e+01
3.731069658458695670e+01
3.731251474474183993e+01
3.731432334838203246e+01
3.731612234696933683e+01
3.731791169275955156e+01
3.731969133881328560e+01
3.732146123903798696e+01
3.732322134825530213e+01
3.732497162223046416e+01
3.732671201761694135e+01
3.732844249186800312e+01
3.733016300319501823e+01
3.733187351058037251e+01
3.733357397380984821e+01
3.733526435350694328e+01
3.733694461115754137e+01
3.733861470910627389e+01
3.734027461052467345e+01
3.734192427938424430e+01
3.734356368047333063e+01
3.734519277945204863e+01
3.734681154291106253e+01
3.734841993844312213e+01
3.735001793473887233e+01
3.735160550165939952e+01
3.735318261025025777e+01
3.735474923270299996e+01
3.735630534224845434e+01
3.735785091298090066e+01
3.735938591968615441e+01
3.736091033773202952e+01
3.736242414297237957e+01
3.736392731157721414e+01
3.736541981980045080e+01
3.736690164381681711e+01
3.736837275974002637e+01
3.736983314382205634e+01
3.737128277272852728e+01
3.737272162371852602e+01
3.737414967461804594e+01
3.737556690363751954e+01
3.737697328919519890e+01
3.737836880988382404e+01
3.737975344458333637e+01
3.738112717260192142e+01
3.738248997374493854e+01
3.738384182832351854e+01
3.738518271717482833e+01
3.738651262173983980e+01
3.738783152415477673e+01
3.738913940725289820e+01
3.739043625446409180e+01
3.739172204969300850e+01
3.739299677720306647e+01
3.739426042148295437e+01
3.739551296711020711e+01
3.739675439866450546e+01
3.739798470075686510e+01
3.739920385820406068e+01
3.740041185625361919e+01
3.740160868069595068e+01
3.740279431780591324e+01
3.740396875420850620e+01
3.740513197679906909e+01
3.740628397274925021e+01
3.740742472952273801e+01
3.740855423484423881e+01
3.740967247664216444e+01
3.741077944300209168e+01
3.741187512215037003e+01
3.741295950247775437e+01
3.741403257259221959e+01
3.741509432138937541e+01
3.741614473815891273e+01
3.741718381271444116e+01
3.741821153549414447e+01
3.741922789763417967e+01
3.742023289101575756e+01
3.742122650822265939e+01
3.742220874242276096e+01
3.742317958726910376e+01
3.742413903680775178e+01
3.742508708528146144e+01
3.742602372682621592e+01
3.742694895521648135e+01
3.742786276380432753e+01
3.742876514566116697e+01
3.742965609378771319e+01
3.743053560123144763e+01
3.743140366111634876e+01
3.743226026669027817e+01
3.743310541138884417e+01
3.743393908884092980e+01
3.743476129279428477e+01
3.743557201702756032e+01
3.743637125533633281e+01
3.743715900157375387e+01
3.743793524963954411e+01
3.743869999339499799e+01
3.743945322659943287e+01
3.744019494296453843e+01
3.744092513635091279e+01
3.744164380104454892e+01
3.744235093199044684e+01
3.744304652491132401e+01
3.744373057634252433e+01
3.744440308361635061e+01
3.744506404474993388e+01
3.744571345818508235e+01
3.744635132248429699e+01
3.744697763618852804e+01
3.744759239786291261e+01
3.744819560617960974e+01
3.744878725995675950e+01
3.744936735818381379e+01
3.744993590005866224e+01
3.745049288499642870e+01
3.745103831257112859e+01
3.745157218244661124e+01
3.745209449436011795e+01
3.745260524809709324e+01
3.745310444336183053e+01
3.745359207957691439e+01
3.745406815572567183e+01
3.745453267027151156e+01
3.745498562115133723e+01
3.745542700589561491e+01
3.745585682185852505e+01
3.745627506645788429e+01
3.745668173738683038e+01
3.745707683278753564e+01
3.745746035136161112e+01
3.745783229243475887e+01
3.745819265602145975e+01
3.745854144291592291e+01
3.745887865477629930e+01
3.745920429413095576e+01
3.745951836429805581e+01
3.745982086930227695e+01
3.746011181388696798e+01
3.746039120361107422e+01
3.746065904490227894e+01
3.746091534498059161e+01
3.746116011168258808e+01
3.746139335327008979e+01
3.746161507830118609e+01
3.746182529558117125e+01
3.746202401416220340e+01
3.746221124338291730e+01
3.746238699294799090e+01
3.746255127302330123e+01
3.746270409436620952e+01
3.746284546852690056e+01
3.746297540803815451e+01
3.746309392647545167e+01
3.746320103840033511e+01
3.746329675928224390e+01
3.746338110546820133e+01
3.746345409417872929e+01
3.746351574342978807e+01
3.746356607184468857e+01
3.746360509844162578e+01
3.746363284246900349e+01
3.746364932326211772e+01
3.746365456007465866e+01
3.746364857189648490e+01
3.746363137731044191e+01
3.746360299442709163e+01
3.746356344087892154e+01
3.746351273379600144e+01
3.746345088973107096e+01
3.746337792463816641e+01
3.746329385400034795e+01
3.746319869304310402e+01
3.746309245691667655e+01
3.746297516080919365e+01
3.746284682004715449e+01
3.746270745025343274e+01
3.746255706752670989e+01
3.746239568855567370e+01
3.746222333068836008e+01
3.746204001203086165e+01
3.746184575153911567e+01
3.746164056898025052e+01
3.746142448472344455e+01
3.746119751948015164e+01
3.746095969412716187e+01
3.746071102963487931e+01
3.746045154709785407e+01
3.746018126785114077e+01
3.745990021357878419e+01
3.745960840635712685e+01
3.745930586866205658e+01
3.745899262335193214e+01
3.745866869361933738e+01
3.745833410292730292e+01
3.745798887497471696e+01
3.745763303375628084e+01
3.745726660368772087e+01
3.745688960965701853e+01
3.745650207693239508e+01
3.745610403097399654e+01
3.745569549722890201e+01
3.745527650099538164e+01
3.745484706739531333e+01
3.745440722142058121e+01
3.745395698802435192e+01
3.745349639225229055e+01
3.745302545937573768e+01
3.745254421497523367e+01
3.745205268496267337e+01
3.745155089555966299e+01
3.745103887325150538e+01
3.745051664472080688e+01
3.744998423673036569e+01
3.744944167591945217e+01
3.744888898853872661e+01
3.744832620022113190e+01
3.744775333589418409e+01
3.744717041985482808e+01
3.744657747590185437e+01
3.744597452738650389e+01
3.744536159715394774e+01
3.744473870750525890e+01
3.744410588033086640e+01
3.744346313736966181e+01
3.744281050038821945e+01
3.744214799118378068e+01
3.744147563149272173e+01
3.744079344292630651e+01
3.744010144700680343e+01
3.743939966529714525e+01
3.743868811952084741e+01
3.743796683153775717e+01
3.743723582316691534e+01
3.743649511600845869e+01
3.743574473139018011e+01
3.743498469041837495e+01
3.743421501405597951e+01
3.743343572317048995e+01
3.743264683854101094e+01
3.743184838089356958e+01
3.743104037100463444e+01
3.743022282980658844e+01
3.742939577845423571e+01
3.742855923840107835e+01
3.742771323154381946e+01
3.742685778039607669e+01
3.742599290816664848e+01
3.742511863869070510e+01
3.742423499625095928e+01
3.742334200534325817e+01
3.742243969047731866e+01
3.742152807606999687e+01
3.742060718639991279e+01
3.741967704560207153e+01
3.741873767771995318e+01
3.741778910680923076e+01
3.741683135703080154e+01
3.741586445265714644e+01
3.741488841804362409e+01
3.741390327770692892e+01
3.741290905648831711e+01
3.741190577964766106e+01
3.741089347287574896e+01
3.740987216231042112e+01
3.740884187452943621e+01
3.740780263646821879e+01
3.740675447537184795e+01
3.740569741891059863e+01
3.740463149536278564e+01
3.740355673366122602e+01
3.740247316327701554e+01
3.740138081406926318e+01
3.740027971618545877e+01
3.739916990000666885e+01
3.739805139611809892e+01
3.739692423532249421e+01
3.739578844868477603e+01
3.739464406750453662e+01
3.739349112314543078e+01
3.739232964678366500e+01
3.739115966919939638e+01
3.738998122070839258e+01
3.738879433124668594e+01
3.738759903053114897e+01
3.738639534819094479e+01
3.738518331380442561e+01
3.738396295686985127e+01
3.738273430680337128e+01
3.738149739301398711e+01
3.738025224502433019e+01
3.737899889258262931e+01
3.737773736571922711e+01
3.737646769470662633e+01
3.737518990991341639e+01
3.737390404160457535e+01
3.737261011979154546e+01
3.737130817422057305e+01
3.736999823445362523e+01
3.736868032988311228e+01
3.736735448965107764e+01
3.736602074259773332e+01
3.736467911728492197e+01
3.736332964203618445e+01
3.736197234497296904e+01
3.736060725408879080e+01
3.735923439737995011e+01
3.735785380298987235e+01
3.735646549930866200e+01
3.735506951499277761e+01
3.735366587892725221e+01
3.735225462020061116e+01
3.735083576812847639e+01
3.734940935233078108e+01
3.734797540287912909e+01
3.734653395045388180e+01
3.734508502637270055e+01
3.734362866247884938e+01
3.734216489102261960e+01
3.734069374461784463e+01
3.733921525626266913e+01
3.733772945938180499e+01
3.733623638782493259e+01
3.733473607578036280e+01
3.733322855763418602e+01
3.733171386783622125e+01
3.733019204080299858e+01
3.732866311084418243e+01
3.732712711209475032e+01
3.732558407848039650e+01
3.732403404378810308e+01
3.732247704188772275e+01
3.732091310701687803e+01
3.731934227395582582e+01
3.731776457804836866e+01
3.731618005516341441e+01
3.731458874165164019e+01
3.731299067433335637e+01
3.731138589060229549e+01
3.730977442862583615e+01
3.730815632747319199e+01
3.730653162707891113e+01
3.730490036812561527e+01
3.730326259193840599e+01
3.730161834038999302e+01
3.729996765582239959e+01
3.729831058101736829e+01
3.729664715919504658e+01
3.729497743401071119e+01
3.729330144956030324e+01
3.729161925040056502e+01
3.728993088154967239e+01
3.728823638842170851e+01
3.728653581669092887e+01
3.728482921213567636e+01
3.728311662052118436e+01
3.728139808756716178e+01
3.727967365903426611e+01
3.727794338091671023e+01
3.727620729966313462e+01
3.727446546233616687e+01
3.727271791663263656e+01
3.727096471071583039e+01
3.726920589292797104e+01
3.726744151155422458e+01
3.726567161477677814e+01
3.726389625085194268e+01
3.726211546840515609e+01
3.726032931662854253e+01
3.725853784524377943e+01
3.725674110428862917e+01
3.725493914388104599e+01
3.725313201412654251e+01
3.725131976527782030e+01
3.724950244802590049e+01
3.724768011367054754e+01
3.724585281415227911e+01
3.724402060212145216e+01
3.724218353106385848e+01
3.724034165537370455e+01
3.723849503037595809e+01
3.723664371234774961e+01
3.723478775851149436e+01
3.723292722700658430e+01
3.723106217691860564e+01
3.722919266835432950e+01
3.722731876242900739e+01
3.722544052113973834e+01
3.722355800729241082e+01
3.722167128455725305e+01
3.721978041750386978e+01
3.721788547150389803e+01
3.721598651256540791e+01
3.721408360723454223e+01
3.721217682265109516e+01
3.721026622671217154e+01
3.720835188821840944e+01
3.720643387691001891e+01
3.720451226335972450e+01
3.720258711876535784e+01
3.720065851472877938e+01
3.719872652306893457e+01
3.719679121568557889e+01
3.719485266449506611e+01
3.719291094145480514e+01
3.719096611867438185e+01
3.718901826857641879e+01
3.718706746403497476e+01
3.718511377844973254e+01
3.718315728580257939e+01
3.718119806073371336e+01
3.717923617857296392e+01
3.717727171529898555e+01
3.717530474750824254e+01
3.717333535240732800e+01
3.717136360773034909e+01
3.716938959156173894e+01
3.716741338214846024e+01
3.716543505771307565e+01
3.716345469622989839e+01
3.716147237525858316e+01
3.715948817198809451e+01
3.715750216346484791e+01
3.715551442684513717e+01
3.715352503959114472e+01
3.715153407960844589e+01
3.714954162530656134e+01
3.714754775556215804e+01
3.714555254961301500e+01
3.714355608694330613e+01
3.714155844716587751e+01
3.713955970985200850e+01
3.713755995434163992e+01
3.713555925964321602e+01
3.713355770446117532e+01
3.713155536732763551e+01
3.712955232678769590e+01
3.712754866153695588e+01
3.712554445044607832e+01
3.712353977250838000e+01
3.712153470678549638e+01
3.711952933239687979e+01
3.711752372855308124e+01
3.711551797460567315e+01
3.711351215008346571e+01
3.711150633470539617e+01
3.710950060839336828e+01
3.710749505129976455e+01
3.710548974382322029e+01
3.710348476659518724e+01
3.710148020043824602e+01
3.709947612627962599e+01
3.709747262504912158e+01
3.709546977763934450e+01
3.709346766490495639e+01
3.709146636760053894e+01
3.708946596627071557e+01
3.708746654118893815e+01
3.708546817234996240e+01
3.708347093945827311e+01
3.708147492190983741e+01
3.707948019879419377e+01
3.707748684892389690e+01
3.707549495087754110e+01
3.707350458303405816e+01
3.707151582359237096e+01
3.706952875057059771e+01
3.706754344175849525e+01
3.706555997465043362e+01
3.706357842645140721e+01
3.706159887415999066e+01
3.705962139461430382e+01
3.705764606444638076e+01
3.705567295999858146e+01
3.705370215724284577e+01
3.705173373169127160e+01
3.704976775828716740e+01
3.704780431128828155e+01
3.704584346416369556e+01
3.704388528952966908e+01
3.704192985914198744e+01
3.703997724393116897e+01
3.703802751403859617e+01
3.703608073881960649e+01
3.703413698681240618e+01
3.703219632570312569e+01
3.703025882231715116e+01
3.702832454262996009e+01
3.702639355177108627e+01
3.702446591401545817e+01
3.702254169277083662e+01
3.702062095056326996e+01
3.701870374900990868e+01
3.701679014875670504e+01
3.701488020936941581e+01
3.701297398920699777e+01
3.701107154532429178e+01
3.700917293341454695e+01
3.700727820777250798e+01
3.700538742126612135e+01
3.700350062531523321e+01
3.700161786987887780e+01
3.699973920345921385e+01
3.699786467312978999e+01
3.699599432459302051e+01
3.699412820225420973e+01
3.699226634927611457e+01
3.699040880760033190e+01
3.698855561796193570e+01
3.698670681990692799e+01
3.698486245179417153e+01
3.698302255077879863e+01
3.698118715278197755e+01
3.697935629244408062e+01
3.697753000307104543e+01
3.697570831659047741e+01
3.697389126352526745e+01
3.697207887298770856e+01
3.697027117268712715e+01
3.696846818893468622e+01
3.696666994663745953e+01
3.696487646927977977e+01
3.696308777888318531e+01
3.696130389595760590e+01
3.695952483949731970e+01
3.695775062706263014e+01
3.695598127491512486e+01
3.695421679813831162e+01
3.695245721071439959e+01
3.695070252555822066e+01
3.694895275451022343e+01
3.694720790830319146e+01
3.694546799652304969e+01
3.694373302757460920e+01
3.694200300865793452e+01
3.694027794575745816e+01
3.693855784364851758e+01
3.693684270593321628e+01
3.693513253508982785e+01
3.693342733249495780e+01
3.693172709841939394e+01
3.693003183204049833e+01
3.692834153147897069e+01
3.692665619382581355e+01
3.692497581514889760e+01
3.692330039050725077e+01
3.692162991399557370e+01
3.691996437880627013e+01
3.691830377728074808e+01
3.691664810094125215e+01
3.691499734051099324e+01
3.691335148591961968e+01
3.691171052628340732e+01
3.691007444987664599e+01
3.690844324416439548e+01
3.690681689595019321e+01
3.690519539156365170e+01
3.690357871697892023e+01
3.690196685792437847e+01
3.690035980013936978e+01
3.689875752977124534e+01
3.689716003373828812e+01
3.689556729993285700e+01
3.689397931728624513e+01
3.689239607579450819e+01
3.689081756655605204e+01
3.688924378178867869e+01
3.688767471480475990e+01
3.688611035996112264e+01
3.688455071259524942e+01
3.688299576896243082e+01
3.688144552619046834e+01
3.687989998224607291e+01
3.687835913590220827e+01
3.687682298671322201e+01
3.687529153501139945e+01
3.687376478192494034e+01
3.687224272939205605e+01
3.687072538013993750e+01
3.686921273762871465e+01
3.686770480599632549e+01
3.686620159004042563e+01
3.686470309523340205e+01
3.686320932773640635e+01
3.686172029439973130e+01
3.686023600276222822e+01
3.685875646102734038e+01
3.685728167796504806e+01
3.685581166276809739e+01
3.685434642495977897e+01
3.685288597437966729e+01
3.685143032120054585e+01
3.684997947595108769e+01
3.684853344952693988e+01
3.684709225314521319e+01
3.684565589822499732e+01
3.684422439623471490e+01
3.684279775854631112e+01
3.684137599629914916e+01
3.683995912027560138e+01
3.683854714081072501e+01
3.683714006775161209e+01
3.683573791046251955e+01
3.683434067786404853e+01
3.683294837848700354e+01
3.683156102051933090e+01
3.683017861183268593e+01
3.682880115998163006e+01
3.682742867217952210e+01
3.682606115526461110e+01
3.682469861567002312e+01
3.682334105940640967e+01
3.682198849205724400e+01
3.682064091877902001e+01
3.681929834429650583e+01
3.681796077288733926e+01
3.681662820836658057e+01
3.681530065409365449e+01
3.681397811300656997e+01
3.681266058766883020e+01
3.681134808030846983e+01
3.681004059281720941e+01
3.680873812668917822e+01
3.680744068292553095e+01
3.680614826194785394e+01
3.680486086353493391e+01
3.680357848677893884e+01
3.680230113006504666e+01
3.680102879108321901e+01
3.679976146686130534e+01
3.679849915379045200e+01
3.679724184762606853e+01
3.679598954347033413e+01
3.679474223575077474e+01
3.679349991820662069e+01
3.679226258388394655e+01
3.679103022513369581e+01
3.678980283361752157e+01
3.678858040034183574e+01
3.678736291573571293e+01
3.678615036976189145e+01
3.678494275201608588e+01
3.678374005176392814e+01
3.678254225791268084e+01
3.678134935895950264e+01
3.678016134294756512e+01
3.677897819743087382e+01
3.677779990944399913e+01
3.677662646547952363e+01
3.677545785147337654e+01
3.677429405279589503e+01
3.677313505424978501e+01
3.677198084007287093e+01
3.677083139393701572e+01
3.676968669893530972e+01
3.676854673755752145e+01
3.676741149165783185e+01
3.676628094242053635e+01
3.676515507033359853e+01
3.676403385517578215e+01
3.676291727600865045e+01
3.676180531116275318e+01
3.676069793822572507e+01
3.675959513404205126e+01
3.675849687471481531e+01
3.675740313560254435e+01
3.675631389132382054e+01
3.675522911577361640e+01
3.675414878213377534e+01
3.675307286287856812e+01
3.675200132981827750e+01
3.675093415421192589e+01
3.674987130691115311e+01
3.674881275847099005e+01
3.674775847921191030e+01
3.674670843924872798e+01
3.674566260848839505e+01
3.674462095659750815e+01
3.674358345295523520e+01
3.674255006662475864e+01
3.674152076638116426e+01
3.674049552079198122e+01
3.673947429830451483e+01
3.673845706730487848e+01
3.673744379614494449e+01
3.673643445315657630e+01
3.673542900667270317e+01
3.673442742503959124e+01
3.673342967658238933e+01
3.673243572952094382e+01
3.673144555187105453e+01
3.673045911135540820e+01
3.672947637532914911e+01
3.672849731072295754e+01
3.672752188400173168e+01
3.672655006112812259e+01
3.672558180752316304e+01
3.672461708802973845e+01
3.672365586689662820e+01
3.672269810779651067e+01
3.672174377387036515e+01
3.672079282778251041e+01
3.671984523178834792e+01
3.671890094781572600e+01
3.671795993753166698e+01
3.671702216236428740e+01
3.671608758348870083e+01
3.671515616180606401e+01
3.671422785792751142e+01
3.671330263216292167e+01
3.671238044452042715e+01
3.671146125471565824e+01
3.671054502217511128e+01
3.670963170603176451e+01
3.670872126512744416e+01
3.670781365801622087e+01
3.670690884295023437e+01
3.670600677785382260e+01
3.670510742030354123e+01
3.670421072751197045e+01
3.670331665630482831e+01
3.670242516309799186e+01
3.670153620389010740e+01
3.670064973427082577e+01
3.669976570943189387e+01
3.669888408417345005e+01
3.669800481290535998e+01
3.669712784964472974e+01
3.669625314800946114e+01
3.669538066120600206e+01
3.669451034200729822e+01
3.669364214272204094e+01
3.669277601516385801e+01
3.669191191062930102e+01
3.669104977988748573e+01
3.669018957318145624e+01
3.668933124023831027e+01
3.668847473028024808e+01
3.668761999203567115e+01
3.668676697376389484e+01
3.668591562329640965e+01
3.668506588806645397e+01
3.668421771510744378e+01
3.668337105105915441e+01
3.668252584223819213e+01
3.668168203477374334e+01
3.668083957477355028e+01
3.667999840848589344e+01
3.667915848242078170e+01
3.667831974342036716e+01
3.667748213871484353e+01
3.667664561599875839e+01
3.667581012352678727e+01
3.667497561021342989e+01
3.667414202573171877e+01
3.667330932060220050e+01
3.667247744624878436e+01
3.667164635503608139e+01
3.667081600035931643e+01
3.666998633679079944e+01
3.666915732017470475e+01
3.666832890759626196e+01
3.666750105724955233e+01
3.666667372828005256e+01
3.666584688069140441e+01
3.666502047533504793e+01
3.666419447389493058e+01
3.666336883881962905e+01
3.666254353330418780e+01
3.666171852140435306e+01
3.666089376818889889e+01
3.666006923980613408e+01
3.665924490346571218e+01
3.665842072742824342e+01
3.665759668109912184e+01
3.665677273522267399e+01
3.665594886207142622e+01
3.665512503556139023e+01
3.665430123130691697e+01
3.665347742663364272e+01
3.665265360053988530e+01
3.665182973361896046e+01
3.665100580800987018e+01
3.665018180744434062e+01
3.664935771737864201e+01
3.664853352512246687e+01
3.664770921990258756e+01
3.664688479286313338e+01
3.664606023700748949e+01
3.664523554710896747e+01
3.664441071968676766e+01
3.664358575309298516e+01
3.664276064760742457e+01
3.664193540542424188e+01
3.664111003054902937e+01
3.664028452869780494e+01
3.663945890724278343e+01
3.663863317520294771e+01
3.663780734325507638e+01
3.663698142371845279e+01
3.663615543051041357e+01
3.663532937912225407e+01
3.663450328661665623e+01
3.663367717160461723e+01
3.663285105422238530e+01
3.663202495617559151e+01
3.663119890084186636e+01
3.663037291333932899e+01
3.662954702051032996e+01
3.662872125085749531e+01
3.662789563448946950e+01
3.662707020310275396e+01
3.662624498999853984e+01
3.662542003013368941e+01
3.662459536019994744e+01
3.662377101869439855e+01
3.662294704593438865e+01
3.662212348401205020e+01
3.662130037673517791e+01
3.662047776960611856e+01
3.661965570984936846e+01
3.661883424646541840e+01
3.661801343028567857e+01
3.661719331400777122e+01
3.661637395219783997e+01
3.661555540126550312e+01
3.661473771943008160e+01
3.661392096667801610e+01
3.661310520469694296e+01
3.661229049679222669e+01
3.661147690780539676e+01
3.661066450403462369e+01
3.660985335313951339e+01
3.660904352401184525e+01
3.660823508660053704e+01
3.660742811171416378e+01
3.660662267085957211e+01
3.660581883613306076e+01
3.660501668011057319e+01
3.660421627570769942e+01
3.660341769605529549e+01
3.660262101442764049e+01
3.660182630419013350e+01
3.660103363871383664e+01
3.660024309125102349e+01
3.659945473481760558e+01
3.659866864213785931e+01
3.659788488566609033e+01
3.659710353764928215e+01
3.659632467018864332e+01
3.659554835528081895e+01
3.659477466483173203e+01
3.659400367065001092e+01
3.659323544443942922e+01
3.659247005779815964e+01
3.659170758221217312e+01
3.659094808903209639e+01
3.659019164944029257e+01
3.658943833442184257e+01
3.658868821473944166e+01
3.658794136089265692e+01
3.658719784304802403e+01
3.658645773095739884e+01
3.658572109389285743e+01
3.658498800060305456e+01
3.658425851927933081e+01
3.658353271752951485e+01
3.658281066236452261e+01
3.658209242019261609e+01
3.658137805681470667e+01
3.658066763741864946e+01
3.657996122656868465e+01
3.657925888819678306e+01
3.657856068561542173e+01
3.657786668155380738e+01
3.657717693819882498e+01
3.657649151722637271e+01
3.657581047983261868e+01
3.657513388680325761e+01
3.657446179862754576e+01
3.657379427558998231e+01
3.657313137777911294e+01
3.657247316503308099e+01
3.657181969687830048e+01
3.657117103249444767e+01
3.657052723070962230e+01
3.656988835001792637e+01
3.656925444860578978e+01
3.656862558437342869e+01
3.656800181495239599e+01
3.656738319772702539e+01
3.656676978984802417e+01
3.656616164821109294e+01
3.656555882939937163e+01
3.656496138962697273e+01
3.656436938470968556e+01
3.656378287005423999e+01
3.656320190064752751e+01
3.656262653102927374e+01
3.656205681523838535e+01
3.656149280674665647e+01
3.656093455842649576e+01
3.656038212261613296e+01
3.655983555128899098e+01
3.655929489624061546e+01
3.655876020920931779e+01
3.655823154192087543e+01
3.655770894607084642e+01
3.655719247325038168e+01
3.655668217484380733e+01
3.655617810194466699e+01
3.655568030530779566e+01
3.655518883531896535e+01
3.655470374196737282e+01
3.655422507482502681e+01
3.655375288303186920e+01
3.655328721527025237e+01
3.655282811972768542e+01
3.655237564407513418e+01
3.655192983547649277e+01
3.655149074061076675e+01
3.655105840568150199e+01
3.655063287641846159e+01
3.655021419809384042e+01
3.654980241554052611e+01
3.654939757314296145e+01
3.654899971482710441e+01
3.654860888409804431e+01
3.654822512411271873e+01
3.654784847774385526e+01
3.654747898762049374e+01
3.654711669615485903e+01
3.654676164557510987e+01
3.654641387796388585e+01
3.654607343525884744e+01
3.654574035918601993e+01
3.654541469117848607e+01
3.654509647235645531e+01
3.654478574356478759e+01
3.654448254540078267e+01
3.654418691818344911e+01
3.654389890186731549e+01
3.654361853594938481e+01
3.654334585941889202e+01
3.654308091074413056e+01
3.654282372786119026e+01
3.654257434816656058e+01
3.654233280853020460e+01
3.654209914530959935e+01
3.654187339433936899e+01
3.654165559089757664e+01
3.654144576965539670e+01
3.654124396461612889e+01
3.654105020906678192e+01
3.654086453559009584e+01
3.654068697616126826e+01
3.654051756227099190e+01
3.654035632499098796e+01
3.654020329496747621e+01
3.654005850237851405e+01
3.653992197690506316e+01
3.653979374777697586e+01
3.653967384391737028e+01
3.653956229413667955e+01
3.653945912730527112e+01
3.653936437246173341e+01
3.653927805885101776e+01
3.653920021591095235e+01
3.653913087323051201e+01
3.653907006049926309e+01
3.653901780746266326e+01
3.653897414388710274e+01
3.653893909952783048e+01
3.653891270410273506e+01
3.653889498728847229e+01
3.653888597873125832e+01
3.653888570802933344e+01
3.653889420466383342e+01
3.653891149791012793e+01
3.653893761677743868e+01
3.653897258999223396e+01
3.653901644601376830e+01
3.653906921306522548e+01
3.653913091916674460e+01
3.653920159216553998e+01
3.653928125976698027e+01
3.653936994955591899e+01
3.653946768897999675e+01
3.653957450529981799e+01
3.653969042554985691e+01
3.653981547652756490e+01
3.653994968478926353e+01
3.654009307663540085e+01
3.654024567808398416e+01
3.654040751483531579e+01
3.654057861222889869e+01
3.654075899519055781e+01
3.654094868816888209e+01
3.654114771507258297e+01
3.654135609923125827e+01
3.654157386340186520e+01
3.654180102983077205e+01
3.654203762033912994e+01
3.654228365637704457e+01
3.654253915903784389e+01
3.654280414906548913e+01
3.654307864687559970e+01
3.654336267258621973e+01
3.654365624604367468e+01
3.654395938683089895e+01
3.654427211425919353e+01
3.654459444735216778e+01
3.654492640482381915e+01
3.654526800504977757e+01
3.654561926604147715e+01
3.654598020544073478e+01
3.654635084054745420e+01
3.654673118837557411e+01
3.654712126570312591e+01
3.654752108907846520e+01
3.654793067478754409e+01
3.654835003881719757e+01
3.654877919683116261e+01
3.654921816415188829e+01
3.654966695574036351e+01
3.655012558617600149e+01
3.655059406964710433e+01
3.655107241995895606e+01
3.655156065055159331e+01
3.655205877451366092e+01
3.655256680458459329e+01
3.655308475313824346e+01
3.655361263213824685e+01
3.655415045306708777e+01
3.655469822685514458e+01
3.655525596384185150e+01
3.655582367377290609e+01
3.655640136580815636e+01
3.655698904851878694e+01
3.655758672987373359e+01
3.655819441722221796e+01
3.655881211728015501e+01
3.655943983615355108e+01
3.656007757944762204e+01
3.656072535245088773e+01
3.656138316030757096e+01
3.656205100810718278e+01
3.656272890088934702e+01
3.656341684360182143e+01
3.656411484106148180e+01
3.656482289795518881e+01
3.656554101887667940e+01
3.656626920837027228e+01
3.656700747096775928e+01
3.656775581121355145e+01
3.656851423365574760e+01
3.656928274278748603e+01
3.657006134296395317e+01
3.657085003833297066e+01
3.657164883278411338e+01
3.657245772990464161e+01
3.657327673293927006e+01
3.657410584474022386e+01
3.657494506768701115e+01
3.657579440358095724e+01
3.657665385353964638e+01
3.657752341791180584e+01
3.657840309623118458e+01
3.657929288724440653e+01
3.658019278902845173e+01
3.658110279913245932e+01
3.658202291465035216e+01
3.658295313220187239e+01
3.658389344785616970e+01
3.658484385703875574e+01
3.658580435447941426e+01
3.658677493427013161e+01
3.658775559006034683e+01
3.658874631534186506e+01
3.658974710372879002e+01
3.659075794916839897e+01
3.659177884608077136e+01
3.659280978943615281e+01
3.659385077477575976e+01
3.659490179820237898e+01
3.659596285637775281e+01
3.659703394654531650e+01
3.659811506654703095e+01
3.659920621480031144e+01
3.660030739027295255e+01
3.660141859250770580e+01
3.660253982167710518e+01
3.660367107862065694e+01
3.660481236485675538e+01
3.660596368259552946e+01
3.660712503476628399e+01
3.660829642504004511e+01
3.660947785783262276e+01
3.661066933830768022e+01
3.661187087240797666e+01
3.661308246691296375e+01
3.661430412947684232e+01
3.661553586860230070e+01
3.661677769356558798e+01
3.661802961433468084e+01
3.661929164148359206e+01
3.662056378610861174e+01
3.662184605978734453e+01
3.662313847458355553e+01
3.662444104304810821e+01
3.662575377818186695e+01
3.662707669337621041e+01
3.662840980236713051e+01
3.662975311918059163e+01
3.663110665798529197e+01
3.663247043284412285e+01
3.663384445746466156e+01
3.663522874501484949e+01
3.663662330798743483e+01
3.663802815808772095e+01
3.663944330614177858e+01
3.664086876203386112e+01
3.664230453467303050e+01
3.664375063196852977e+01
3.664520706079346013e+01
3.664667382693673403e+01
3.664815093505890076e+01
3.664963838866360391e+01
3.665113619007770751e+01
3.665264434042757102e+01
3.665416283961234001e+01
3.665569168628310592e+01
3.665723087783373302e+01
3.665878041042181934e+01
3.666034027905690351e+01
3.666191047775001266e+01
3.666349099965736258e+01
3.666508183717723313e+01
3.666668298200986698e+01
3.666829442519591709e+01
3.666991615714801611e+01
3.667154816768238845e+01
3.667319044604064970e+01
3.667484298088922401e+01
3.667650576028951548e+01
3.667817877164173268e+01
3.667986200161413279e+01
3.668155543606930991e+01
3.668325906000212200e+01
3.668497285750687098e+01
3.668669681177855324e+01
3.668843090513647098e+01
3.669017511905759932e+01
3.669192943421870012e+01
3.669369383054424105e+01
3.669546828724750043e+01
3.669725278286384906e+01
3.669904729528210652e+01
3.670085180174758221e+01
3.670266627876964804e+01
3.670449070191149588e+01
3.670632504556515840e+01
3.670816928283471015e+01
3.671002338553341815e+01
3.671188732424807455e+01
3.671376106846955167e+01
3.671564458677500653e+01
3.671753784698662315e+01
3.671944081626124046e+01
3.672135346113902443e+01
3.672327574759408009e+01
3.672520764109381020e+01
3.672714910664072363e+01
3.672910010878110398e+01
3.673106061159813152e+01
3.673303057871073918e+01
3.673500997326863882e+01
3.673699875789954916e+01
3.673899689458339424e+01
3.674100434451087693e+01
3.674302106801997070e+01
3.674504702464634676e+01
3.674708217327125226e+01
3.674912647230630824e+01
3.675117987982289236e+01
3.675324235359171610e+01
3.675531385107385773e+01
3.675739432940387275e+01
3.675948374537586005e+01
3.676158205543144675e+01
3.676368921565165948e+01
3.676580518173710743e+01
3.676792990894039548e+01
3.677006335195372344e+01
3.677220546480722163e+01
3.677435620081688228e+01
3.677651551257635276e+01
3.677868335197213412e+01
3.678085967020452074e+01
3.678304441780371548e+01
3.678523754463814299e+01
3.678743899991590638e+01
3.678964873218231446e+01
3.679186668932138105e+01
3.679409281858448111e+01
3.679632706667360509e+01
3.679856937986256327e+01
3.680081970409385406e+01
3.680307798499365646e+01
3.680534416778359486e+01
3.680761819713207217e+01
3.680990001702799219e+01
3.681218957071293829e+01
3.681448680065714285e+01
3.681679164856860353e+01
3.681910405544791587e+01
3.682142396170942078e+01
3.682375130735093904e+01
3.682608603213039800e+01
3.682842807576088973e+01
3.683077737816033448e+01
3.683313387971276853e+01
3.683549752145755463e+01
3.683786824519091851e+01
3.684024599352360951e+01
3.684263070992985689e+01
3.684502233877769584e+01
3.684742082531654006e+01
3.684982611565199306e+01
3.685223815675868053e+01
3.685465689651449850e+01
3.685708228371046147e+01
3.685951426804696496e+01
3.686195280016309539e+01
3.686439783170202844e+01
3.686684931535982201e+01
3.686930720486796531e+01
3.687177145490286989e+01
3.687424202096512715e+01
3.687671885929093918e+01
3.687920192680637399e+01
3.688169118107285982e+01
3.688418658018395035e+01
3.688668808263575727e+01
3.688919564723643418e+01
3.689170923308468986e+01
3.689422879959023049e+01
3.689675430652540911e+01
3.689928571410501945e+01
3.690182298305450104e+01
3.690436607464295093e+01
3.690691495069089001e+01
3.690946957353999380e+01
3.691202990594685218e+01
3.691459591089583370e+01
3.691716755138860151e+01
3.691974479027545897e+01
3.692232759014132171e+01
3.692491591322471578e+01
3.692750972135140586e+01
3.693010897587873842e+01
3.693271363767016169e+01
3.693532366711554715e+01
3.693793902417484531e+01
3.694055966842466887e+01
3.694318555912144575e+01
3.694581665527914538e+01
3.694845291573142987e+01
3.695109429916750798e+01
3.695374076414942266e+01
3.695639226910891750e+01
3.695904877231801322e+01
3.696171023183516979e+01
3.696437660542223114e+01
3.696704785042342678e+01
3.696972392363064586e+01
3.697240478117410589e+01
3.697509037844217517e+01
3.697778067001583224e+01
3.698047560961383340e+01
3.698317515004855949e+01
3.698587924318972142e+01
3.698858783993672006e+01
3.699130089020667356e+01
3.699401834293601610e+01
3.699674014608114447e+01
3.699946624661128425e+01
3.700219659050615917e+01
3.700493112278197572e+01
3.700766978757286552e+01
3.701041252827857875e+01
3.701315928773753683e+01
3.701591000835500722e+01
3.701866463215726810e+01
3.702142310079219811e+01
3.702418535549769985e+01
3.702695133705065444e+01
3.702972098571391513e+01
3.703249424118914135e+01
3.703527104256667712e+01
3.703805132826084190e+01
3.704083503593060556e+01
3.704362210240704201e+01
3.704641246365397222e+01
3.704920605476650053e+01
3.705200280999492435e+01
3.705480266278032531e+01
3.705760554578819210e+01
3.706041139092452141e+01
3.706322012931877907e+01
3.706603169126206865e+01
3.706884600612188052e+01
3.707166300229194889e+01
3.707448260719272781e+01
3.707730474728840875e+01
3.708012934815855743e+01
3.708295633469823116e+01
3.708578563137562156e+01
3.708861716239227491e+01
3.709145085171668654e+01
3.709428662307013269e+01
3.709712439991933763e+01
3.709996410549931767e+01
3.710280566289176107e+01
3.710564899515017601e+01
3.710849402541524711e+01
3.711134067699517658e+01
3.711418887345474360e+01
3.711703853873362391e+01
3.711988959724616421e+01
3.712274197393540476e+01
3.712559559431829115e+01
3.712845038456599411e+01
3.713130627161732633e+01
3.713416318329409904e+01
3.713702104840187701e+01
3.713987979679860274e+01
3.714273935939301907e+01
3.714559966806916691e+01
3.714846065560004718e+01
3.715132225562469159e+01
3.715418440270406819e+01
3.715704703240626827e+01
3.715991008136827389e+01
3.716277348732459984e+01
3.716563718910187930e+01
3.716850112657152749e+01
3.717136524058879132e+01
3.717422947296878988e+01
3.717709376650447695e+01
3.717995806499234845e+01
3.718282231324943155e+01
3.718568645711853549e+01
3.718855044345308869e+01
3.719141422008443243e+01
3.719427773578227914e+01
3.719714094018792139e+01
3.720000378367042515e+01
3.720286621709720976e+01
3.720572819158211786e+01
3.720858965827642351e+01
3.721145056821436015e+01
3.721431087219952616e+01
3.721717052073033472e+01
3.722002946396824541e+01
3.722288765172747560e+01
3.722574503344229413e+01
3.722860155810219851e+01
3.723145717419481571e+01
3.723431182969174102e+01
3.723716547208010041e+01
3.724001804842048102e+01
3.724286950539699603e+01
3.724571978933527561e+01
3.724856884619119057e+01
3.725141662152594080e+01
3.725426306047240388e+01
3.725710810768297421e+01
3.725995170726179850e+01
3.726279380270287334e+01
3.726563433683786997e+01
3.726847325177426740e+01
3.727131048881685160e+01
3.727414598839221327e+01
3.727697969000436728e+01
3.727981153225371003e+01
3.728264145293587717e+01
3.728546938917758524e+01
3.728829527753061512e+01
3.729111905396252524e+01
3.729394065373633538e+01
3.729676001128922280e+01
3.729957706025444253e+01
3.730239173359817073e+01
3.730520396373298553e+01
3.730801368258067185e+01
3.731082082165651315e+01
3.731362531220125334e+01
3.731642708530435470e+01
3.731922607193956765e+01
3.732202220291475925e+01
3.732481540886367100e+01
3.732760562036819607e+01
3.733039276813324392e+01
3.733317678312170074e+01
3.733595759664652292e+01
3.733873514042094399e+01
3.734150934654732623e+01
3.734428014747289382e+01
3.734704747599221264e+01
3.734981126533055829e+01
3.735257144923895822e+01
3.735532796201326278e+01
3.735808073843723065e+01
3.736082971370518635e+01
3.736357482334857849e+01
3.736631600317322466e+01
3.736905318923459163e+01
3.737178631787442384e+01
3.737451532580808333e+01
3.737724015021276358e+01
3.737996072875153430e+01
3.738267699950382195e+01
3.738538890085205679e+01
3.738809637141121556e+01
3.739079935001969091e+01
3.739349777575364442e+01
3.739619158795778731e+01
3.739888072628797744e+01
3.740156513073038980e+01
3.740424474158952961e+01
3.740691949946652528e+01
3.740958934522961243e+01
3.741225421997393141e+01
3.741491406499982020e+01
3.741756882183399568e+01
3.742021843226340394e+01
3.742286283836321559e+01
3.742550198257259098e+01
3.742813580782886618e+01
3.743076425766571447e+01
3.743338727621587481e+01
3.743600480815737797e+01
3.743861679863832848e+01
3.744122319316667102e+01
3.744382393749213378e+01
3.744641897757783511e+01
3.744900825969946112e+01
3.745159173060682889e+01
3.745416933768349566e+01
3.745674102907423730e+01
3.745930675376579444e+01
3.746186646162764333e+01
3.746442010342165219e+01
3.746696763079032166e+01
3.746950899624885523e+01
3.747204415320265269e+01
3.747457305600568844e+01
3.747709566005590887e+01
3.747961192186924251e+01
3.748212179907271491e+01
3.748462525033432513e+01
3.748712223530161936e+01
3.748961271458809108e+01
3.749209664977120582e+01
3.749457400336125801e+01
3.749704473874879085e+01
3.749950882014423570e+01
3.750196621252536033e+01
3.750441688163439125e+01
3.750686079403849504e+01
3.750929791720094642e+01
3.751172821950752478e+01
3.751415167024129005e+01
3.751656823953495490e+01
3.751897789834276153e+01
3.752138061844156880e+01
3.752377637242223329e+01
3.752616513363912532e+01
3.752854687611382190e+01
3.753092157441257370e+01
3.753328920357146359e+01
3.753564973914532032e+01
3.753800315735500703e+01
3.754034943524155210e+01
3.754268855075793709e+01
3.754502048278590109e+01
3.754734521113132217e+01
3.754966271653616161e+01
3.755197298066704548e+01
3.755427598606102180e+01
3.755657171606738842e+01
3.755886015479151041e+01
3.756114128697043242e+01
3.756341509770731335e+01
3.756568157213373382e+01
3.756794069518794998e+01
3.757019245160844889e+01
3.757243682608920210e+01
3.757467380348460750e+01
3.757690336897940142e+01
3.757912550819717268e+01
3.758134020726898683e+01
3.758354745290977661e+01
3.758574723251622629e+01
3.758793953423638357e+01
3.759012434697886107e+01
3.759230166039289145e+01
3.759447146485518232e+01
3.759663375147528086e+01
3.759878851212433659e+01
3.760093573946778633e+01
3.760307542696295258e+01
3.760520756882452531e+01
3.760733215999884038e+01
3.760944919615469217e+01
3.761155867366153416e+01
3.761366058954523339e+01
3.761575494144195630e+01
3.761784172755982780e+01
3.761992094663375497e+01
3.762199259786179084e+01
3.762405668082201515e+01
3.762611319537385413e+01
3.762816214157888339e+01
3.763020351970538968e+01
3.763223733032454987e+01
3.763426357442222070e+01
3.763628225348436729e+01
3.763829336959524596e+01
3.764029692555698858e+01
3.764229292499944535e+01
3.764428137249007023e+01
3.764626227362822419e+01
3.764823563505473913e+01
3.765020146439428572e+01
3.765215977023571980e+01
3.765411056216994723e+01
3.765605385079564371e+01
3.765798964764702816e+01
3.765991796509150191e+01
3.766183881623990715e+01
3.766375221486075731e+01
3.766565817529149740e+01
3.766755671237220326e+01
3.766944784141729485e+01
3.767133157820283884e+01
3.767320793893925668e+01
3.767507694022354059e+01
3.767693859901496012e+01
3.767879293270026864e+01
3.768063995919801101e+01
3.768247969695949706e+01
3.768431216486365543e+01
3.768613738211382014e+01
3.768795536816767111e+01
3.768976614268374448e+01
3.769156972549811968e+01
3.769336613664889057e+01
3.769515539642693369e+01
3.769693752539744480e+01
3.769871254435330599e+01
3.770048047421202853e+01
3.770224133590966176e+01
3.770399515033770399e+01
3.770574193831790666e+01
3.770748172058495129e+01
3.770921451775940625e+01
3.771094035031084246e+01
3.771265923852500634e+01
3.771437120248356223e+01
3.771607626204389874e+01
3.771777443680428377e+01
3.771946574606032954e+01
3.772115020876920255e+01
3.772282784352849916e+01
3.772449866856484135e+01
3.772616270172346020e+01
3.772781996045003439e+01
3.772947046177052499e+01
3.773111422228862466e+01
3.773275125820655518e+01
3.773438158535755349e+01
3.773600521922966777e+01
3.773762217496316396e+01
3.773923246733730252e+01
3.774083611078438594e+01
3.774243311943300228e+01
3.774402350714161969e+01
3.774560728749312943e+01
3.774718447375049379e+01
3.774875507879194458e+01
3.775031911504714088e+01
3.775187659444797106e+01
3.775342752840371219e+01
3.775497192780153455e+01
3.775650980302256698e+01
3.775804116396191290e+01
3.775956602004378482e+01
3.776108438024640179e+01
3.776259625317558033e+01
3.776410164719484897e+01
3.776560057055458941e+01
3.776709303145690200e+01
3.776857903805912287e+01
3.777005859845299796e+01
3.777153172062436681e+01
3.777299841238168909e+01
3.777445868126024919e+01
3.777591253441563168e+01
3.777735997851916494e+01
3.777880101967578952e+01
3.778023566337598993e+01
3.778166391446728767e+01
3.778308577712955696e+01
3.778450125486017441e+01
3.778591035047178792e+01
3.778731306608621310e+01
3.778870940310886084e+01
3.779009936217880039e+01
3.779148294310136436e+01
3.779286014478360300e+01
3.779423096518049618e+01
3.779559540123730699e+01
3.779695344882996721e+01
3.779830510273859545e+01
3.779965035668043782e+01
3.780098920338178914e+01
3.780232163464410178e+01
3.780364764138281686e+01
3.780496721365351931e+01
3.780628034068492838e+01
3.780758701091097862e+01
3.780888721198236624e+01
3.781018093075675068e+01
3.781146815327429067e+01
3.781274886471669561e+01
3.781402304935456016e+01
3.781529069050151293e+01
3.781655177049275807e+01
3.781780627071135825e+01
3.781905417169341632e+01
3.782029545331704412e+01
3.782153009501861618e+01
3.782275807589115857e+01
3.782397937452851977e+01
3.782519396873026807e+01
3.782640183536925349e+01
3.782760295051536303e+01
3.782879728965378519e+01
3.782998482786724281e+01
3.783116553996663356e+01
3.783233940057584732e+01
3.783350638415914347e+01
3.783466646499012853e+01
3.783581961708756580e+01
3.783696581414638160e+01
3.783810502947351040e+01
3.783923723592570809e+01
3.784036240585422206e+01
3.784148051106109989e+01
3.784259152274877636e+01
3.784369541142770288e+01
3.784479214676561298e+01
3.784588169743478403e+01
3.784696403105871099e+01
3.784803911425913014e+01
3.784910691268741800e+01
3.785016739095770077e+01
3.785122051249511088e+01
3.785226623936080159e+01
3.785330453211779655e+01
3.785433534978555059e+01
3.785535864989967081e+01
3.785637438864377202e+01
3.785738252098329326e+01
3.785838300074671281e+01
3.785937578065220777e+01
3.786036081231392103e+01
3.786133804625303156e+01
3.786230743191183734e+01
3.786326891766976388e+01
3.786422245090417249e+01
3.786516797815937707e+01
3.786610544541297685e+01
3.786703479835107800e+01
3.786795598258793660e+01
3.786886894381549240e+01
3.786977362786620915e+01
3.787066998067856360e+01
3.787155794821085664e+01
3.787243747637555202e+01
3.787330851102133522e+01
3.787417099795607101e+01
3.787502488300781778e+01
3.787587011211500965e+01
3.787670663140212213e+01
3.787753438718221588e+01
3.787835332588941384e+01
3.787916339401819243e+01
3.787996453813574504e+01
3.788075670494985303e+01
3.788153984135345098e+01
3.788231389439805241e+01
3.788307881123213861e+01
3.788383453907169951e+01
3.788458102522240978e+01
3.788531821712231817e+01
3.788604606237182537e+01
3.788676450875201596e+01
3.788747350425666838e+01
3.788817299714565934e+01
3.788886293600427280e+01
3.788954326979372667e+01
3.789021394787447150e+01
3.789087491997879198e+01
3.789152613614646015e+01
3.789216754668280629e+01
3.789279910217619829e+01
3.789342075356036332e+01
3.789403245219523342e+01
3.789463414992147250e+01
3.789522579903812982e+01
3.789580735222571661e+01
3.789637876248778525e+01
3.789693998314031376e+01
3.789749096782443871e+01
3.789803167051142196e+01
3.789856204549009533e+01
3.789908204734265240e+01
3.789959163091557315e+01
3.790009075129348304e+01
3.790057936376815917e+01
3.790105742377541276e+01
3.790152488679887455e+01
3.790198170828546154e+01
3.790242784363783102e+01
3.790286324830524478e+01
3.790328787790463849e+01
3.790370168829688424e+01
3.790410463560365883e+01
3.790449667618928231e+01
3.790487776665813158e+01
3.790524786386281875e+01
3.790560692484022098e+01
3.790595490667654843e+01
3.790629176642589471e+01
3.790661746117204700e+01
3.790693194818868506e+01
3.790723518508986700e+01
3.790752712992984641e+01
3.790780774128154462e+01
3.790807697829742295e+01
3.790833480072465278e+01
3.790858116888327345e+01
3.790881604364531654e+01
3.790903938643248239e+01
3.790925115923816691e+01
3.790945132466220002e+01
3.790963984590757718e+01
3.790981668670515603e+01
3.790998181120522048e+01
3.791013518390318637e+01
3.791027676962374926e+01
3.791040653354109935e+01
3.791052444119528531e+01
3.791063045848127899e+01
3.791072455162638022e+01
3.791080668717935964e+01
3.791087683201612890e+01
3.791093495336299668e+01
3.791098101883650884e+01
3.791101499649107609e+01
3.791103685486665142e+01
3.791104656304224818e+01
3.791104409070213421e+01
3.791102940819133238e+01
3.791100248652734450e+01
3.791096329737677451e+01
3.791091181303978885e+01
3.791084800646187603e+01
3.791077185124559179e+01
3.791068332164191190e+01
3.791058239255229978e+01
3.791046903957168723e+01
3.791034323904904824e+01
3.791020496812360108e+01
3.791005420471040566e+01
3.790989092742849209e+01
3.790971511551244788e+01
3.790952674876785977e+01
3.790932580756477677e+01
3.790911227281463169e+01
3.790888612590720896e+01
3.790864734862918084e+01
3.790839592309334449e+01
3.790813183169029799e+01
3.790785505708004166e+01
3.790756558224109796e+01
3.790726339054499761e+01
3.790694846580931454e+01
3.790662079232444626e+01
3.790628035486968628e+01
3.790592713873417097e+01
3.790556112974863368e+01
3.790518231431023821e+01
3.790479067937639712e+01
3.790438621242344652e+01
3.790396890140242903e+01
3.790353873473487312e+01
3.790309570135631390e+01
3.790263979078610390e+01
3.790217099319337990e+01
3.790168929943089182e+01
3.790119470103768862e+01
3.790068719022914934e+01
3.790016675988020722e+01
3.789963340349304843e+01
3.789908711511898076e+01
3.789852788923364102e+01
3.789795572064820561e+01
3.789737060451904682e+01
3.789677253640805077e+01
3.789616151231953722e+01
3.789553752868661718e+01
3.789490058231659475e+01
3.789425067032669858e+01
3.789358779009535283e+01
3.789291193922819900e+01
3.789222311552689604e+01
3.789152131695419001e+01
3.789080654159795358e+01
3.789007878764986259e+01
3.788933805340946748e+01
3.788858433730672459e+01
3.788781763793139845e+01
3.788703795405180585e+01
3.788624528461011920e+01
3.788543962872460469e+01
3.788462098574147063e+01
3.788378935534427683e+01
3.788294473771395587e+01
3.788208713368307912e+01
3.788121654478195666e+01
3.788033297317668513e+01
3.787943642160227853e+01
3.787852689334363276e+01
3.787760439224077658e+01
3.787666892269325558e+01
3.787572048966348603e+01
3.787475909867821144e+01
3.787378475580953108e+01
3.787279746763356059e+01
3.787179724121047997e+01
3.787078408412508423e+01
3.786975800456427521e+01
3.786871901138490415e+01
3.786766711416213838e+01
3.786660232322903141e+01
3.786552464969378917e+01
3.786443410541608756e+01
3.786333070296100090e+01
3.786221445555593590e+01
3.786108537704068766e+01
3.785994348179320923e+01
3.785878878465053532e+01
3.785762130086962429e+01
3.785644104614866023e+01
3.785524803668242555e+01
3.785404228920021552e+01
3.785282382095014242e+01
3.785159264963575509e+01
3.785034879334293123e+01
3.784909227049114122e+01
3.784782309981687121e+01
3.784654130037559838e+01
3.784524689154083177e+01
3.784393989299540806e+01
3.784262032473544934e+01
3.784128820710162699e+01
3.783994356082114052e+01
3.783858640703418530e+01
3.783721676730378647e+01
3.783583466362282621e+01
3.783444011841324794e+01
3.783303315450577742e+01
3.783161379511876277e+01
3.783018206388080529e+01
3.782873798492354922e+01
3.782728158301934229e+01
3.782581288369645023e+01
3.782433191327640998e+01
3.782283869884028604e+01
3.782133326817641006e+01
3.781981564975934873e+01
3.781828587277657050e+01
3.781674396716591247e+01
3.781518996362088103e+01
3.781362389358915266e+01
3.781204578930032056e+01
3.781045568379755650e+01
3.780885361094495067e+01
3.780723960542218265e+01
3.780561370272020838e+01
3.780397593912625354e+01
3.780232635166885302e+01
3.780066497801326619e+01
3.779899185634324965e+01
3.779730702527112385e+01
3.779561052378094388e+01
3.779390239120189676e+01
3.779218266723435704e+01
3.779045139205283022e+01
3.778870860648012808e+01
3.778695435217803578e+01
3.778518867177375995e+01
3.778341160889478090e+01
3.778162320816090869e+01
3.777982351517633219e+01
3.777801257650514799e+01
3.777619043959622047e+01
3.777435715265838212e+01
3.777251276454835249e+01
3.777065732474925142e+01
3.776879088342409574e+01
3.776691349147131405e+01
3.776502520056174461e+01
3.776312606315714504e+01
3.776121613249657827e+01
3.775929546255845537e+01
3.775736410801383869e+01
3.775542212417585830e+01
3.775346956695012324e+01
3.775150649278610615e+01
3.774953295863345204e+01
3.774754902191384076e+01
3.774555474050362847e+01
3.774355017271744117e+01
3.774153537729183228e+01
3.773951041336304257e+01
3.773747534043994278e+01
3.773543021839164879e+01
3.773337510746136303e+01
3.773131006829197531e+01
3.772923516193707627e+01
3.772715044984661859e+01
3.772505599384192010e+01
3.772295185609650758e+01
3.772083809911794106e+01
3.771871478571506486e+01
3.771658197894284115e+01
3.771443974202773575e+01
3.771228813828044935e+01
3.771012723099210717e+01
3.770795708331293383e+01
3.770577775814649613e+01
3.770358931809857950e+01
3.770139182547664802e+01
3.769918534230691165e+01
3.769696993035137211e+01
3.769474565113270614e+01
3.769251256596793098e+01
3.769027073600398836e+01
3.768802022226702775e+01
3.768576108571554784e+01
3.768349338724686959e+01
3.768121718763633510e+01
3.767893254742786269e+01
3.767663952678260841e+01
3.767433818530620471e+01
3.767202858191109272e+01
3.766971077474900653e+01
3.766738482119995979e+01
3.766505077790214528e+01
3.766270870082668409e+01
3.766035864537283828e+01
3.765800066642325561e+01
3.765563481833208925e+01
3.765326115486629988e+01
3.765087972911874914e+01
3.764849059339794479e+01
3.764609379911778575e+01
3.764368939673697412e+01
3.764127743576569429e+01
3.763885796478590606e+01
3.763643103143171942e+01
3.763399668236882434e+01
3.763155496336062811e+01
3.762910591943958138e+01
3.762664959513988805e+01
3.762418603475362744e+01
3.762171528258296860e+01
3.761923738315152121e+01
3.761675238132797006e+01
3.761426032235722516e+01
3.761176125184480412e+01
3.760925521572080044e+01
3.760674226019016686e+01
3.760422243169769985e+01
3.760169577692900589e+01
3.759916234285242354e+01
3.759662217681646013e+01
3.759407532667554364e+01
3.759152184086018167e+01
3.758896176836440617e+01
3.758639515870490300e+01
3.758382206189482844e+01
3.758124252842735302e+01
3.757865660924656481e+01
3.757606435569884695e+01
3.757346581947363262e+01
3.757086105254411734e+01
3.756825010712746860e+01
3.756563303567719458e+01
3.756300989089014308e+01
3.756038072569887731e+01
3.755774559323779016e+01
3.755510454679653520e+01
3.755245763977251272e+01
3.754980492560584082e+01
3.754714645768604697e+01
3.754448228926464992e+01
3.754181247344175176e+01
3.753913706326957112e+01
3.753645611191244313e+01
3.753376967275035270e+01
3.753107779939968225e+01
3.752838054570862880e+01
3.752567796576819603e+01
3.752297011392813175e+01
3.752025704478356261e+01
3.751753881311785221e+01
3.751481547383768600e+01
3.751208708195879638e+01
3.750935369263945063e+01
3.750661536119049089e+01
3.750387214301242267e+01
3.750112409347011777e+01
3.749837126775000229e+01
3.749561372075815768e+01
3.749285150709442149e+01
3.749008468107615499e+01
3.748731329676692070e+01
3.748453740800803047e+01
3.748175706846674871e+01
3.747897233169806697e+01
3.747618325123573868e+01
3.747338988073784805e+01
3.747059227414409577e+01
3.746779048575712068e+01
3.746498457024784301e+01
3.746217458267538092e+01
3.745936057855769974e+01
3.745654261393733719e+01
3.745372074539552187e+01
3.745089503000886566e+01
3.744806552524268284e+01
3.744523228879176457e+01
3.744239537841821175e+01
3.743955485183312248e+01
3.743671076666396402e+01
3.743386318056326445e+01
3.743101215143611427e+01
3.742815773765303788e+01
3.742529999815186414e+01
3.742243899244412120e+01
3.741957478057858566e+01
3.741670742309896980e+01
3.741383698100261057e+01
3.741096351566894640e+01
3.740808708871302457e+01
3.740520776175132767e+01
3.740232559612859831e+01
3.739944065267592777e+01
3.739655299153013601e+01
3.739366267202041172e+01
3.739076975262897662e+01
3.738787429100923276e+01
3.738497634402337155e+01
3.738207596777516528e+01
3.737917321763394796e+01
3.737626814825666344e+01
3.737336081364694707e+01
3.737045126731552358e+01
3.736753956253604514e+01
3.736462575260094354e+01
3.736170989100227757e+01
3.735879203151615258e+01
3.735587222820045383e+01
3.735295053536919596e+01
3.735002700760289684e+01
3.734710169976388272e+01
3.734417466697549060e+01
3.734124596461300172e+01
3.733831564835008265e+01
3.733538377421887589e+01
3.733245039863989945e+01
3.732951557842855550e+01
3.732657937078705856e+01
3.732364183327683804e+01
3.732070302378902227e+01
3.731776300056462503e+01
3.731482182234523037e+01
3.731187954871558077e+01
3.730893624052995960e+01
3.730599196017685415e+01
3.730304677157381121e+01
3.730010073997524245e+01
3.729715393170621951e+01
3.729420641390212410e+01
3.729125825428626229e+01
3.728830952096403450e+01
3.728536028222300303e+01
3.728241060636893422e+01
3.727946056160963906e+01
3.727651021596311409e+01
3.727355963717446485e+01
3.727060889264456023e+01
3.726765804938489168e+01
3.726470717402027333e+01
3.726175633283334321e+01
3.725880559180718876e+01
3.725585501663578469e+01
3.725290467270519201e+01
3.724995462505626875e+01
3.724700493834642856e+01
3.724405567682597251e+01
3.724110690432225113e+01
3.723815868421793596e+01
3.723521107942350028e+01
3.723226415235937026e+01
3.722931796497223189e+01
3.722637257879222261e+01
3.722342805500375817e+01
3.722048445449785703e+01
3.721754183790888959e+01
3.721460026566101220e+01
3.721165979801664747e+01
3.720872049508490420e+01
3.720578241677360154e+01
3.720284562270713025e+01
3.719991017214045570e+01
3.719697612389355612e+01
3.719404353631507831e+01
3.719111246725671549e+01
3.718818297403004181e+01
3.718525511334291167e+01
3.718232894123386956e+01
3.717940451301146965e+01
3.717648188320524127e+01
3.717356110555562765e+01
3.717064223305462178e+01
3.716772531801068880e+01
3.716481041210394665e+01
3.716189756641705344e+01
3.715898683145044146e+01
3.715607825715608215e+01
3.715317189303165435e+01
3.715026778826533160e+01
3.714736599187084920e+01
3.714446655277969001e+01
3.714156951989822630e+01
3.713867494214533593e+01
3.713578286848422749e+01
3.713289334795126706e+01
3.713000642967609366e+01
3.712712216289097711e+01
3.712424059693240252e+01
3.712136178123876817e+01
3.711848576534509903e+01
3.711561259888365782e+01
3.711274233162057357e+01
3.710987501353629625e+01
3.710701069490603743e+01
3.710414942634712077e+01
3.710129125883903356e+01
3.709843624372589943e+01
3.709558443270830708e+01
3.709273587783022919e+01
3.708989063145812537e+01
3.708704874624934433e+01
3.708421027511953127e+01
3.708137527122561750e+01
3.707854378797615169e+01
3.707571587907362698e+01
3.707289159857933925e+01
3.707007100097816021e+01
3.706725414123265239e+01
3.706444107482737138e+01
3.706163185779666946e+01
3.705882654672024756e+01
3.705602519867696287e+01
3.705322787117317773e+01
3.705043462207601834e+01
3.704764550955342628e+01
3.704486059200451820e+01
3.704207992798403382e+01
3.703930357613752022e+01
3.703653159515791771e+01
3.703376404376849962e+01
3.703100098072421531e+01
3.702824246481409176e+01
3.702548855485480317e+01
3.702273930967648852e+01
3.701999478810755306e+01
3.701725504896822372e+01
3.701452015107386728e+01
3.701179015323828736e+01
3.700906511427503176e+01
3.700634509300753194e+01
3.700363014829186170e+01
3.700092033904041955e+01
3.699821572423495297e+01
3.699551636292784451e+01
3.699282231423466527e+01
3.699013363732082382e+01
3.698745039138726298e+01
3.698477263565420259e+01
3.698210042932341679e+01
3.697943383148987806e+01
3.697677290101246683e+01
3.697411769641195889e+01
3.697146827584204232e+01
3.696882469710419628e+01
3.696618701766249870e+01
3.696355529464290868e+01
3.696092958481688839e+01
3.695830994457533336e+01
3.695569642989756431e+01
3.695308909631940963e+01
3.695048799890513180e+01
3.694789319221639090e+01
3.694530473026370032e+01
3.694272266644912150e+01
3.694014705352646644e+01
3.693757794358096191e+01
3.693501538801377393e+01
3.693245943753433380e+01
3.692991014216625700e+01
3.692736755125721260e+01
3.692483171348481363e+01
3.692230267686156253e+01
3.691978048874364760e+01
3.691726519584565125e+01
3.691475684426002601e+01
3.691225547948345564e+01
3.690976114645287964e+01
3.690727388958154620e+01
3.690479375278139429e+01
3.690232077947571554e+01
3.689985501261469381e+01
3.689739649469681382e+01
3.689494526778926087e+01
3.689250137353854342e+01
3.689006485316849648e+01
3.688763574746752738e+01
3.688521409676026508e+01
3.688279994086653346e+01
3.688039331909342877e+01
3.687799427031021082e+01
3.687560283307964681e+01
3.687321904577281373e+01
3.687084294665267947e+01
3.686847457398791761e+01
3.686611396622314629e+01
3.686376116213852328e+01
3.686141620094201699e+01
3.685907912231014194e+01
3.685674996641202483e+01
3.685442877394718408e+01
3.685211558620560623e+01
3.684981044513082793e+01
3.684751339338390608e+01
3.684522447441620585e+01
3.684294373251483279e+01
3.684067121277308132e+01
3.683840696102777912e+01
3.683615102387644669e+01
3.683390344877825129e+01
3.683166428412179272e+01
3.682943357922179217e+01
3.682721138430116525e+01
3.682499775047500634e+01
3.682279272971411643e+01
3.682059637477830449e+01
3.681840873911952627e+01
3.681622987679565284e+01
3.681405984247196272e+01
3.681189869150730232e+01
3.680974648003640937e+01
3.680760326501609825e+01
3.680546910427054286e+01
3.680334405652673979e+01
3.680122818139640373e+01
3.679912153931498864e+01
3.679702419149140269e+01
3.679493619989574427e+01
3.679285762727323572e+01
3.679078853715239461e+01
3.678872899382387374e+01
3.678667906230671036e+01
3.678463880833201927e+01
3.678260829835109291e+01
3.678058759956095969e+01
3.677857677991339358e+01
3.677657590805282695e+01
3.677458505318793414e+01
3.677260428496914813e+01
3.677063367342253741e+01
3.676867328892861053e+01
3.676672320221070578e+01
3.676478348431472654e+01
3.676285420657220016e+01
3.676093544053610884e+01
3.675902725788356662e+01
3.675712973029216357e+01
3.675524292930754910e+01
3.675336692621682033e+01
3.675150179193362021e+01
3.674964759689778049e+01
3.674780441098472039e+01
3.674597230342654086e+01
3.674415134277003148e+01
3.674234159687959078e+01
3.674054313295171426e+01
3.673875601751684172e+01
3.673698031643436934e+01
3.673521609488473416e+01
3.673346341735658882e+01
3.673172234763785582e+01
3.672999294882138344e+01
3.672827528333006342e+01
3.672656941297309885e+01
3.672487539902662235e+01
3.672319330227043821e+01
3.672152318292540940e+01
3.671986510054404107e+01
3.671821911393906390e+01
3.671658528116067544e+01
3.671496365949522556e+01
3.671335430548626277e+01
3.671175727497991659e+01
3.671017262315373841e+01
3.670860040448602035e+01
3.670704067268037818e+01
3.670549348059707029e+01
3.670395888021745634e+01
3.670243692262788926e+01
3.670092765799968504e+01
3.669943113555743963e+01
3.669794740354628004e+01
3.669647650921083226e+01
3.669501849878779609e+01
3.669357341750726675e+01
3.669214130959986875e+01
3.669072221831457625e+01
3.668931618597845556e+01
3.668792325414300848e+01
3.668654346378316689e+01
3.668517685543093876e+01
3.668382346918342307e+01
3.668248334463575588e+01
3.668115652081991840e+01
3.667984303618637654e+01
3.667854292860417331e+01
3.667725623532891888e+01
3.667598299292783537e+01
3.667472323720873817e+01
3.667347700319078996e+01
3.667224432512307430e+01
3.667102523655860580e+01
3.666981977045950458e+01
3.666862795926513030e+01
3.666744983489397214e+01
3.666628542871920615e+01
3.666513477156662759e+01
3.666399789373788565e+01
3.666287482502691120e+01
3.666176559470804364e+01
3.666067023149977899e+01
3.665958876351489693e+01
3.665852121819101939e+01
3.665746762219394839e+01
3.665642800134626356e+01
3.665540238068349765e+01
3.665439078465254141e+01
3.665339323733631005e+01
3.665240976260628258e+01
3.665144038419713723e+01
3.665048512572193573e+01
3.664954401064341027e+01
3.664861706222482240e+01
3.664770430347489594e+01
3.664680575708697319e+01
3.664592144537999019e+01
3.664505139027554037e+01
3.664419561334408115e+01
3.664335413589782320e+01
3.664252697906515976e+01
3.664171416381434199e+01
3.664091571094895272e+01
3.664013164110722443e+01
3.663936197477593026e+01
3.663860673231208409e+01
3.663786593396164903e+01
3.663713959986657187e+01
3.663642775005521912e+01
3.663573040442112472e+01
3.663504758270556039e+01
3.663437930449669011e+01
3.663372558924037747e+01
3.663308645624900350e+01
3.663246192470542439e+01
3.663185201366592025e+01
3.663125674205238624e+01
3.663067612861237166e+01
3.663011019184696693e+01
3.662955894993863382e+01
3.662902242070632042e+01
3.662850062158582887e+01
3.662799356961609476e+01
3.662750128141072281e+01
3.662702377310913704e+01
3.662656106031791126e+01
3.662611315805598622e+01
3.662568008071644243e+01
3.662526184207983704e+01
3.662485845543081098e+01
3.662446993374481963e+01
3.662409628981631471e+01
3.662373753627107931e+01
3.662339368553075758e+01
3.662306474980270821e+01
3.662275074109707163e+01
3.662245167123900558e+01
3.662216755186720007e+01
3.662189839442753936e+01
3.662164421015795313e+01
3.662140501005671922e+01
3.662118080483993765e+01
3.662097160489813064e+01
3.662077742024395377e+01
3.662059826042973754e+01
3.662043413443868189e+01
3.662028505058967198e+01
3.662015101650636950e+01
3.662003203918661853e+01
3.661992812513707207e+01
3.661983928047758496e+01
3.661976551097549049e+01
3.661970682204379557e+01
3.661966321873347852e+01
3.661963470572582935e+01
3.661962128732368882e+01
3.661962296743986656e+01
3.661963974958349155e+01
3.661967163684929716e+01
3.661971863191370602e+01
3.661978073704354841e+01
3.661985795412616085e+01
3.661995028471219626e+01
3.662005773004564446e+01
3.662018029107931483e+01
3.662031796850097720e+01
3.662047076277502100e+01
3.662063867417344198e+01
3.662082170278630855e+01
3.662101984853120484e+01
3.662123311117055380e+01
3.662146149032684406e+01
3.662170498549106412e+01
3.662196359602334894e+01
3.662223732114087937e+01
3.662252615989411453e+01
3.662283011113910192e+01
3.662314917351168475e+01
3.662348334541144368e+01
3.662383262500119230e+01
3.662419701021232754e+01
3.662457649874232146e+01
3.662497108804828372e+01
3.662538077534740211e+01
3.662580555761432066e+01
3.662624543154742440e+01
3.662670039349021778e+01
3.662717043933520955e+01
3.662765556446763782e+01
3.662815576379107085e+01
3.662867103181333306e+01
3.662920136271587523e+01
3.662974675034710970e+01
3.663030718815144837e+01
3.663088266908663826e+01
3.663147318556443821e+01
3.663207872942537335e+01
3.663269929195047325e+01
3.663333486390416738e+01
3.663398543559760157e+01
3.663465099695191896e+01
3.663533153752067051e+01
3.663602704644783614e+01
3.663673751239760179e+01
3.663746292350752043e+01
3.663820326736885846e+01
3.663895853100795819e+01
3.663972870085779476e+01
3.664051376273145877e+01
3.664131370181126357e+01
3.664212850265040089e+01
3.664295814917461058e+01
3.664380262467802396e+01
3.664466191181503518e+01
3.664553599259119920e+01
3.664642484835796665e+01
3.664732845982987186e+01
3.664824680714546190e+01
3.664917986994966270e+01
3.665012762743620556e+01
3.665109005832860589e+01
3.665206714083779360e+01
3.665305885263138208e+01
3.665406517082827520e+01
3.665508607203992852e+01
3.665612153246625127e+01
3.665717152800404932e+01
3.665823603432335176e+01
3.665931502692811961e+01
3.666040848123834195e+01
3.666151637267216046e+01
3.666263867667628062e+01
3.666377536869796927e+01
3.666492642413457759e+01
3.666609181829475972e+01
3.666727152639084863e+01
3.666846552357304034e+01
3.666967378498605967e+01
3.667089628580331606e+01
3.667213300122111264e+01
3.667338390642653678e+01
3.667464897655075617e+01
3.667592818661639598e+01
3.667722151149075671e+01
3.667852892584875946e+01
3.667985040413780951e+01
3.668118592054165816e+01
3.668253544895204499e+01
3.668389896295202135e+01
3.668527643580018349e+01
3.668666784039447037e+01
3.668807314919987306e+01
3.668949233414985400e+01
3.669092536654475367e+01
3.669237221696681672e+01
3.669383285523410620e+01
3.669530725040118568e+01
3.669679537077726650e+01
3.669829718393175000e+01
3.669981265668700132e+01
3.670134175510823127e+01
3.670288444449040099e+01
3.670444068933640835e+01
3.670601045332832513e+01
3.670759369929868399e+01
3.670919038919689115e+01
3.671080048404677143e+01
3.671242394391197195e+01
3.671406072788661845e+01
3.671571079410351501e+01
3.671737409973741251e+01
3.671905060099662421e+01
3.672074025311064815e+01
3.672244301031300040e+01
3.672415882582001956e+01
3.672588765182825910e+01
3.672762943955073212e+01
3.672938413927756329e+01
3.673115170041613453e+01
3.673293207147957418e+01
3.673472520004211361e+01
3.673653103270806497e+01
3.673834951511780389e+01
3.674018059197514674e+01
3.674202420706691896e+01
3.674388030326397114e+01
3.674574882252811392e+01
3.674762970595006806e+01
3.674952289380502890e+01
3.675142832560916872e+01
3.675334594017996181e+01
3.675527567568781251e+01
3.675721746968128656e+01
3.675917125909190730e+01
3.676113698023208798e+01
3.676311456879113138e+01
3.676510395982729307e+01
3.676710508774326058e+01
3.676911788621680444e+01
3.677114228808078167e+01
3.677317822520310386e+01
3.677522562841931375e+01
3.677728442751281790e+01
3.677935455120780261e+01
3.678143592715824894e+01
3.678352848193982538e+01
3.678563214105055579e+01
3.678774682891143755e+01
3.678987246885730400e+01
3.679200898312382861e+01
3.679415629285976053e+01
3.679631431819666432e+01
3.679848297835371085e+01
3.680066219172488928e+01
3.680285187594967766e+01
3.680505194797586910e+01
3.680726232407857168e+01
3.680948291983827403e+01
3.681171365014322561e+01
3.681395442924346639e+01
3.681620517080579447e+01
3.681846578791415681e+01
3.682073619301453249e+01
3.682301629783835040e+01
3.682530601334342180e+01
3.682760524970063187e+01
3.682991391632155143e+01
3.683223192189871043e+01
3.683455917444481287e+01
3.683689558133008290e+01
3.683924104928448173e+01
3.684159548432778308e+01
3.684395879171432853e+01
3.684633087604331791e+01
3.684871164150546008e+01
3.685110099209943968e+01
3.685349883175482688e+01
3.685590506440824043e+01
3.685831959407558855e+01
3.686074232493695746e+01
3.686317316144878475e+01
3.686561200848225184e+01
3.686805877143548571e+01
3.687051335626671289e+01
3.687297566947879091e+01
3.687544561812315891e+01
3.687792310984374211e+01
3.688040805294225777e+01
3.688290035644449461e+01
3.688539993015780283e+01
3.688790668471787626e+01
3.689042053161989543e+01
3.689294138323705852e+01
3.689546915284683593e+01
3.689800375468158933e+01
3.690054510398408638e+01
3.690309311703273920e+01
3.690564771115129616e+01
3.690820880474187504e+01
3.691077631732970588e+01
3.691335016958834103e+01
3.691593028334931148e+01
3.691851658162439520e+01
3.692110898866297219e+01
3.692370743002398825e+01
3.692631183261281791e+01
3.692892212466453117e+01
3.693153823569117122e+01
3.693416009642212572e+01
3.693678763876305737e+01
3.693942079575867155e+01
3.694205950150292495e+01
3.694470369097027884e+01
3.694735329981093486e+01
3.695000826415384410e+01
3.695266852042528427e+01
3.695533400522098333e+01
3.695800465528741086e+01
3.696068040758773066e+01
3.696336119935999420e+01
3.696604696809834678e+01
3.696873765146119695e+01
3.697143318716471327e+01
3.697413351290757788e+01
3.697683856631802257e+01
3.697954828488342116e+01
3.698226260583986402e+01
3.698498146603940029e+01
3.698770480183372911e+01
3.699043254901058475e+01
3.699316464279530692e+01
3.699590101786902352e+01
3.699864160832053273e+01
3.700138634754074474e+01
3.700413516815605419e+01
3.700688800202506457e+01
3.700964478024206272e+01
3.701240543312203357e+01
3.701516989015837567e+01
3.701793807992311258e+01
3.702070992992430121e+01
3.702348536649453337e+01
3.702626431476227964e+01
3.702904669869527510e+01
3.703183244117121120e+01
3.703462146403670374e+01
3.703741368814584689e+01
3.704020903340160942e+01
3.704300741881774428e+01
3.704580876257772815e+01
3.704861298206547104e+01
3.705141999387754481e+01
3.705422971384311381e+01
3.705704205707804988e+01
3.705985693806818659e+01
3.706267427072634035e+01
3.706549396837717580e+01
3.706831594369342753e+01
3.707114010865054610e+01
3.707396637454183264e+01
3.707679465203439406e+01
3.707962485122029506e+01
3.708245688164718956e+01
3.708529065233437905e+01
3.708812607175767795e+01
3.709096304776998210e+01
3.709380148746245709e+01
3.709664129704805902e+01
3.709948238184058056e+01
3.710232464628428772e+01
3.710516799395536225e+01
3.710801232753602363e+01
3.711085754879647425e+01
3.711370355858361592e+01
3.711655025680401110e+01
3.711939754242329315e+01
3.712224531347928291e+01
3.712509346704540292e+01
3.712794189915804566e+01
3.713079050480728682e+01
3.713363917802690395e+01
3.713648781207016469e+01
3.713933629963234750e+01
3.714218453303818990e+01
3.714503240437482390e+01
3.714787980560323888e+01
3.715072662862105801e+01
3.715357276524932217e+01
3.715641810719592542e+01
3.715926254607065715e+01
3.716210597347038913e+01
3.716494828108761794e+01
3.716778936079858653e+01
3.717062910472604642e+01
3.717346740527776205e+01
3.717630415516342168e+01
3.717913924739515608e+01
3.718197257525287824e+01
3.718480403218441666e+01
3.718763351164426467e+01
3.719046090691772832e+01
3.719328611095871651e+01
3.719610901622168342e+01
3.719892951447896223e+01
3.720174749666731628e+01
3.720456285282902087e+01
3.720737547215906460e+01
3.721018524309526043e+01
3.721299205338890204e+01
3.721579579014318995e+01
3.721859633983228832e+01
3.722139358831151412e+01
3.722418742082082588e+01
3.722697772198819166e+01
3.722976437584964060e+01
3.723254726588773877e+01
3.723532627507499626e+01
3.723810128591337332e+01
3.724087218046695114e+01
3.724363884040434414e+01
3.724640114708014238e+01
3.724915898164843497e+01
3.725191222516762934e+01
3.725466075866529536e+01
3.725740446316309118e+01
3.726014321968420973e+01
3.726287690925586560e+01
3.726560541290799478e+01
3.726832861168747968e+01
3.727104638672792447e+01
3.727375861940614499e+01
3.727646519155030091e+01
3.727916598559637862e+01
3.728186088464047288e+01
3.728454977244140878e+01
3.728723253345257405e+01
3.728990905290928026e+01
3.729257921692883571e+01
3.729524291256577584e+01
3.729790002782329594e+01
3.730055045165300243e+01
3.730319407395366227e+01
3.730583078558271382e+01
3.730846047840373103e+01
3.731108304536025599e+01
3.731369838053209520e+01
3.731630637914971516e+01
3.731890693758534638e+01
3.732149995334302162e+01
3.732408532505749577e+01
3.732666295251353006e+01
3.732923273668865249e+01
3.733179457980857308e+01
3.733434838539281486e+01
3.733689405825759167e+01
3.733943150446598480e+01
3.734196063125096998e+01
3.734448134692767951e+01
3.734699356078812826e+01
3.734949718298236832e+01
3.735199212442006456e+01
3.735447829672764897e+01
3.735695561225122674e+01
3.735942398406344722e+01
3.736188332593525274e+01
3.736433355221713271e+01
3.736677457762386467e+01
3.736920631708850493e+01
3.737162868583747155e+01
3.737404159959329064e+01
3.737644497474418159e+01
3.737883872842602528e+01
3.738122277851179831e+01
3.738359704352506441e+01
3.738596144249206077e+01
3.738831589477923956e+01
3.739066032002430262e+01
3.739299463818711189e+01
3.739531876964631607e+01
3.739763263530779369e+01
3.739993615670618965e+01
3.740222925604710724e+01
3.740451185618696428e+01
3.740678388062551107e+01
3.740904525357827026e+01
3.741129590010935146e+01
3.741353574625067324e+01
3.741576471908026491e+01
3.741798274678407665e+01
3.742018975870507091e+01
3.742238568536804166e+01
3.742457045849563002e+01
3.742674401102244275e+01
3.742890627707608786e+01
3.743105719191043335e+01
3.743319669180971943e+01
3.743532471398098238e+01
3.743744119644646418e+01
3.743954607794486122e+01
3.744163929786372336e+01
3.744372079624883298e+01
3.744579051390613955e+01
3.744784839254368336e+01
3.744989437488426631e+01
3.745192840471778339e+01
3.745395042688729603e+01
3.745596038718847609e+01
3.745795823216479903e+01
3.745994390887647540e+01
3.746191736477848622e+01
3.746387854770582493e+01
3.746582740584311466e+01
3.746776388765339760e+01
3.746968794185755058e+01
3.747159951751503115e+01
3.747349856416310132e+01
3.747538503194437709e+01
3.747725887168765269e+01
3.747912003495462585e+01
3.748096847407986587e+01
3.748280414220585044e+01
3.748462699328793235e+01
3.748643698204273278e+01
3.748823406385083956e+01
3.749001819468772112e+01
3.749178933115797463e+01
3.749354743061137185e+01
3.749529245125794574e+01
3.749702435224125452e+01
3.749874309367558567e+01
3.750044863666177974e+01
3.750214094329817272e+01
3.750381997669256151e+01
3.750548570096541567e+01
3.750713808123067139e+01
3.750877708355322682e+01
3.751040267491227809e+01
3.751201482319484626e+01
3.751361349721175031e+01
3.751519866673407932e+01
3.751677030253937772e+01
3.751832837643357266e+01
3.751987286125235244e+01
3.752140373086173497e+01
3.752292096013223954e+01
3.752442452487123603e+01
3.752591440175240223e+01
3.752739056828222886e+01
3.752885300279180569e+01
3.753030168441118519e+01
3.753173659302225929e+01
3.753315770924289296e+01
3.753456501447241322e+01
3.753595849095465553e+01
3.753733812180205831e+01
3.753870389097502169e+01
3.754005578324075287e+01
3.754139378413315598e+01
3.754271787992344400e+01
3.754402805758886075e+01
3.754532430476092486e+01
3.754660660966492003e+01
3.754787496107698530e+01
3.754912934829970794e+01
3.755036976114259062e+01
3.755159618990747106e+01
3.755280862539240871e+01
3.755400705893069357e+01
3.755519148246006722e+01
3.755636188858708380e+01
3.755751827062033499e+01
3.755866062257545934e+01
3.755978893918695860e+01
3.756090321598923509e+01
3.756200344946482517e+01
3.756308963715273563e+01
3.756416177763896513e+01
3.756521987046613020e+01
3.756626391603635540e+01
3.756729391554047481e+01
3.756830987090765461e+01
3.756931178475708322e+01
3.757029966034374269e+01
3.757127350151986178e+01
3.757223331274603595e+01
3.757317909914325327e+01
3.757411086652943055e+01
3.757502862140913891e+01
3.757593237094587835e+01
3.757682212296550972e+01
3.757769788599282634e+01
3.757855966927159130e+01
3.757940748275053977e+01
3.758024133707032632e+01
3.758106124357193778e+01
3.758186721432169719e+01
3.758265926214995289e+01
3.758343740068874439e+01
3.758420164439007749e+01
3.758495200853931095e+01
3.758568850929195548e+01
3.758641116374264612e+01
3.758711999001361193e+01
3.758781500732271041e+01
3.758849623598328549e+01
3.758916369731543483e+01
3.758981741349004579e+01
3.759045740739528441e+01
3.759108370263462007e+01
3.759169632364074687e+01
3.759229529579247497e+01
3.759288064549270558e+01
3.759345240023078105e+01
3.759401058862736988e+01
3.759455524044333430e+01
3.759508638654569523e+01
3.759560405883961209e+01
3.759610829018183153e+01
3.759659911428146017e+01
3.759707656559595534e+01
3.759754067924853160e+01
3.759799149098551396e+01
3.759842903715714613e+01
3.759885335469540024e+01
3.759926448108510044e+01
3.759966245432913468e+01
3.760004731290300128e+01
3.760041909571037166e+01
3.760077784205230245e+01
3.760112359160032014e+01
3.760145638436861759e+01
3.760177626070765911e+01
3.760208326133679435e+01
3.760237742739146682e+01
3.760265880046950571e+01
3.760292742271347777e+01
3.760318333691736825e+01
3.760342658656126247e+01
3.760365721573396769e+01
3.760387526902356115e+01
3.760408079147219240e+01
3.760427382858551226e+01
3.760445442631188229e+01
3.760462263097290503e+01
3.760477848919105526e+01
3.760492204782516268e+01
3.760505335389219539e+01
3.760517245448135526e+01
3.760527939670026853e+01
3.760537422766604720e+01
3.760545699449634327e+01
3.760552774426343348e+01
3.760558652392784751e+01
3.760563338028661917e+01
3.760566835994301016e+01
3.760569150927135951e+01
3.760570287435371739e+01
3.760570250089407551e+01
3.760569043413266144e+01
3.760566671877479195e+01
3.760563139893540097e+01
3.760558451809423985e+01
3.760552611905600884e+01
3.760545624390950081e+01
3.760537493398192765e+01
3.760528222979034041e+01
3.760517817099105997e+01
3.760506279632725324e+01
3.760493614359205594e+01
3.760479824962779105e+01
3.760464915035149858e+01
3.760448888077753793e+01
3.760431747502173039e+01
3.760413496629283969e+01
3.760394138687919252e+01
3.760373676814411681e+01
3.760352114057491235e+01
3.760329453392444066e+01
3.760305697742186481e+01
3.760280849998924424e+01
3.760254913040556346e+01
3.760227889736945883e+01
3.760199782944020086e+01
3.760170595492512291e+01
3.760140330183426016e+01
3.760108989793051393e+01
3.760076577081095195e+01
3.760043094797453023e+01
3.760008545685762726e+01
3.759972932482388330e+01
3.759936257912673341e+01
3.759898524688271237e+01
3.759859735505736467e+01
3.759819893044447525e+01
3.759778999965782020e+01
3.759737058916498142e+01
3.759694072534639275e+01
3.759650043455544477e+01
3.759604974318631321e+01
3.759558867774872937e+01
3.759511726492808492e+01
3.759463553162024141e+01
3.759414350493128865e+01
3.759364121213738485e+01
3.759312868065141799e+01
3.759260593805499440e+01
3.759207301216837749e+01
3.759152993108148877e+01
3.759097672314015171e+01
3.759041341695080973e+01
3.758984004142232038e+01
3.758925662580382721e+01
3.758866319971003378e+01
3.758805979314644219e+01
3.758744643651029804e+01
3.758682316056034267e+01
3.758618999640804503e+01
3.758554697556237301e+01
3.758489412999706758e+01
3.758423149220323012e+01
3.758355909520204108e+01
3.758287697250685255e+01
3.758218515806674276e+01
3.758148368620329194e+01
3.758077259150256566e+01
3.758005190869442913e+01
3.757932167262250545e+01
3.757858191832612249e+01
3.757783268113109898e+01
3.757707399665185477e+01
3.757630590075848431e+01
3.757552842961691653e+01
3.757474161977386728e+01
3.757394550819604007e+01
3.757314013224898019e+01
3.757232552964177330e+01
3.757150173835429996e+01
3.757066879657710956e+01
3.756982674272052947e+01
3.756897561550459841e+01
3.756811545405192021e+01
3.756724629790947034e+01
3.756636818700415148e+01
3.756548116157595274e+01
3.756458526212573901e+01
3.756368052939228619e+01
3.756276700434882798e+01
3.756184472820540066e+01
3.756091374241322001e+01
3.755997408866316079e+01
3.755902580885316411e+01
3.755806894501174753e+01
3.755710353923519307e+01
3.755612963372311697e+01
3.755514727090664451e+01
3.755415649358528185e+01
3.755315734501908764e+01
3.755214986898081975e+01
3.755113410978675859e+01
3.755011011230217122e+01
3.754907792190778082e+01
3.754803758444491280e+01
3.754698914617910788e+01
3.754593265378709077e+01
3.754486815434190561e+01
3.754379569529307759e+01
3.754271532444590065e+01
3.754162708991926678e+01
3.754053104007918051e+01
3.753942722349072625e+01
3.753831568891884274e+01
3.753719648535925302e+01
3.753606966208306517e+01
3.753493526869694819e+01
3.753379335519556292e+01
3.753264397196233659e+01
3.753148716969820242e+01
3.753032299928602811e+01
3.752915151161122509e+01
3.752797275737851379e+01
3.752678678699197690e+01
3.752559365056175267e+01
3.752439339801694018e+01
3.752318607921557714e+01
3.752197174398548896e+01
3.752075044212031685e+01
3.751952222335509646e+01
3.751828713731070764e+01
3.751704523339351738e+01
3.751579656065116808e+01
3.751454116760989876e+01
3.751327910213230865e+01
3.751201041131316316e+01
3.751073514140634302e+01
3.750945333777420387e+01
3.750816504485355551e+01
3.750687030613521245e+01
3.750556916415629161e+01
3.750426166049540910e+01
3.750294783575230184e+01
3.750162772950797319e+01
3.750030138028973425e+01
3.749896882556545563e+01
3.749763010175829692e+01
3.749628524425268949e+01
3.749493428737110889e+01
3.749357726431380655e+01
3.749221420706837193e+01
3.749084514631736909e+01
3.748947011137909868e+01
3.748808913019998101e+01
3.748670222938788754e+01
3.748530943425322448e+01
3.748391076883547868e+01
3.748250625591803953e+01
3.748109591703522625e+01
3.747967977246673144e+01
3.747825784121642556e+01
3.747683014097753329e+01
3.747539668809002933e+01
3.747395749749906457e+01
3.747251258272599017e+01
3.747106195586577115e+01
3.746960562762330227e+01
3.746814360738971317e+01
3.746667590333618847e+01
3.746520252250004290e+01
3.746372347085615218e+01
3.746223875336602305e+01
3.746074837398982282e+01
3.745925233567116663e+01
3.745775064033166046e+01
3.745624328890144028e+01
3.745473028137611493e+01
3.745321161685608757e+01
3.745168729351583181e+01
3.745015730850686708e+01
3.744862165788612174e+01
3.744708033663683722e+01
3.744553333872936918e+01
3.744398065715284218e+01
3.744242228392631944e+01
3.744085821010999382e+01
3.743928842580760374e+01
3.743771292016403152e+01
3.743613168136477753e+01
3.743454469664821005e+01
3.743295195238301432e+01
3.743135343421872108e+01
3.742974912724014303e+01
3.742813901611404503e+01
3.742652308526992755e+01
3.742490131910997775e+01
3.742327370218794158e+01
3.742164021927980855e+01
3.742000085534348841e+01
3.741835559545222623e+01
3.741670442475523117e+01
3.741504732847734971e+01
3.741338429199469573e+01
3.741171530098623776e+01
3.741004034159324476e+01
3.740835940054268605e+01
3.740667246522677658e+01
3.740497952373191737e+01
3.740328056482961472e+01
3.740157557793823173e+01
3.739986455300871171e+01
3.739814748027983882e+01
3.739642434995359110e+01
3.739469515192605797e+01
3.739295987567419388e+01
3.739121851033351618e+01
3.738947104492778806e+01
3.738771746863472600e+01
3.738595777099135375e+01
3.738419194202433005e+01
3.738241997230920788e+01
3.738064185293224995e+01
3.737885757536266595e+01
3.737706713133168535e+01
3.737527051281779222e+01
3.737346771212454399e+01
3.737165872195832605e+01
3.736984353546628768e+01
3.736802214626446528e+01
3.736619454846886867e+01
3.736436073673628044e+01
3.736252070636550826e+01
3.736067445344344407e+01
3.735882197491124401e+01
3.735696326849998883e+01
3.735509833260983470e+01
3.735322716619609196e+01
3.735134976868048540e+01
3.734946613990346265e+01
3.734757628011639241e+01
3.734568018995720706e+01
3.734377787032188678e+01
3.734186932214333154e+01
3.733995454626966648e+01
3.733803354359577753e+01
3.733610631530788737e+01
3.733417286301803983e+01
3.733223318881682218e+01
3.733028729539320523e+01
3.732833518622270930e+01
3.732637686570872404e+01
3.732441233919919199e+01
3.732244161289322903e+01
3.732046469370781949e+01
3.731848158917858882e+01
3.731649230744829993e+01
3.731449685731959676e+01
3.731249524827663322e+01
3.731048749047352686e+01
3.730847359480768688e+01
3.730645357308362264e+01
3.730442743812616158e+01
3.730239520379625873e+01
3.730035688499904012e+01
3.729831249772885116e+01
3.729626205909872283e+01
3.729420558730849677e+01
3.729214310156913115e+01
3.729007462202405776e+01
3.728800016968715170e+01
3.728591976636119654e+01
3.728383343447746512e+01
3.728174119690708466e+01
3.727964307689997270e+01
3.727753909819721656e+01
3.727542928519604004e+01
3.727331366305435978e+01
3.727119225769900623e+01
3.726906509573642268e+01
3.726693220432156295e+01
3.726479361108232524e+01
3.726264934412868968e+01
3.726049943208919757e+01
3.725834390415420927e+01
3.725618279016401857e+01
3.725401612071254220e+01
3.725184392718574600e+01
3.724966624173093521e+01
3.724748309720363437e+01
3.724529452709794697e+01
3.724310056542816483e+01
3.724090124657634959e+01
3.723869660522169056e+01
3.723648667642968491e+01
3.723427149581920048e+01
3.723205109970326276e+01
3.722982552519092536e+01
3.722759481026474759e+01
3.722535899382514657e+01
3.722311811568320650e+01
3.722087221649300659e+01
3.721862133764702918e+01
3.721636552119488073e+01
3.721410480982247293e+01
3.721183924687598221e+01
3.720956887642771704e+01
3.720729374337511075e+01
3.720501389351245081e+01
3.720272937356461540e+01
3.720044023124712140e+01
3.719814651537100758e+01
3.719584827594769649e+01
3.719354556427830261e+01
3.719123843306238797e+01
3.718892693652238535e+01
3.718661113048021605e+01
3.718429107235797915e+01
3.718196682113187990e+01
3.717963843728130513e+01
3.717730598275932863e+01
3.717496952096708895e+01
3.717262911669902792e+01
3.717028483606756595e+01
3.716793674640354794e+01
3.716558491606798498e+01
3.716322941418100356e+01
3.716087031040148503e+01
3.715850767485083850e+01
3.715614157817221042e+01
3.715377209170367934e+01
3.715139928769620070e+01
3.714902323945276663e+01
3.714664402135542076e+01
3.714426170884853207e+01
3.714187637842692880e+01
3.713948810762888542e+01
3.713709697502520157e+01
3.713470306020154510e+01
3.713230644373389566e+01
3.712990720716987170e+01
3.712750543303539530e+01
3.712510120485110576e+01
3.712269460710492552e+01
3.712028572516811664e+01
3.711787464520845958e+01
3.711546145413068842e+01
3.711304623952082693e+01
3.711062908957593010e+01
3.710821009297924888e+01
3.710578933866047890e+01
3.710336691553164457e+01
3.710094291241295394e+01
3.709851741819046111e+01
3.709609052204880442e+01
3.709366231364541733e+01
3.709123288317567813e+01
3.708880232133774513e+01
3.708637071926815310e+01
3.708393816851441471e+01
3.708150476105541316e+01
3.707907058934313227e+01
3.707663574632498182e+01
3.707420032543199540e+01
3.707176442055341425e+01
3.706932812601417737e+01
3.706689153654851765e+01
3.706445474725408928e+01
3.706201785354996758e+01
3.705958095118143802e+01
3.705714413624617976e+01
3.705470750517662992e+01
3.705227115467465637e+01
3.704983518166369549e+01
3.704739968331789157e+01
3.704496475712820569e+01
3.704253050087800858e+01
3.704009701247637310e+01
3.703766438975830511e+01
3.703523273040863728e+01
3.703280213205349725e+01
3.703037269240729756e+01
3.702794450934665349e+01
3.702551768089566764e+01
3.702309230515761840e+01
3.702066848020184864e+01
3.701824630392242454e+01
3.701582587391136059e+01
3.701340728738253461e+01
3.701099064115013704e+01
3.700857603163241549e+01
3.700616355484669384e+01
3.700375330638490112e+01
3.700134538137636753e+01
3.699893987444487209e+01
3.699653687965296456e+01
3.699413649041413521e+01
3.699173879937772824e+01
3.698934389832846392e+01
3.698695187812976570e+01
3.698456282870215261e+01
3.698217683901630437e+01
3.697979399709281267e+01
3.697741439001669761e+01
3.697503810396930390e+01
3.697266522426517099e+01
3.697029583538882491e+01
3.696793002103454029e+01
3.696556786413438545e+01
3.696320944685994192e+01
3.696085485061333742e+01
3.695850415603677419e+01
3.695615744303663774e+01
3.695381479078132259e+01
3.695147627765619802e+01
3.694914198120391546e+01
3.694681197808129980e+01
3.694448634404061238e+01
3.694216515390490230e+01
3.693984848149762712e+01
3.693753639955076551e+01
3.693522897965784324e+01
3.693292629228622559e+01
3.693062840681484715e+01
3.692833539157093270e+01
3.692604731385692673e+01
3.692376423996869761e+01
3.692148623521664064e+01
3.691921336396234210e+01
3.691694568965719014e+01
3.691468327484496825e+01
3.691242618111959928e+01
3.691017446908677613e+01
3.690792819838500805e+01
3.690568742776513744e+01
3.690345221518246177e+01
3.690122261785574409e+01
3.689899869226584173e+01
3.689678049411046601e+01
3.689456807826480400e+01
3.689236149877033455e+01
3.689016080884027815e+01
3.688796606086880558e+01
3.688577730643745411e+01
3.688359459631558934e+01
3.688141798045992914e+01
3.687924750802282858e+01
3.687708322737027800e+01
3.687492518609793990e+01
3.687277343103356486e+01
3.687062800821303910e+01
3.686848896280977073e+01
3.686635633901816078e+01
3.686423017993617890e+01
3.686211052749269612e+01
3.685999742242645283e+01
3.685789090429715742e+01
3.685579101149558312e+01
3.685369778121959428e+01
3.685161124941700450e+01
3.684953145073333758e+01
3.684745841850045167e+01
3.684539218477387124e+01
3.684333278040324444e+01
3.684128023511447481e+01
3.683923457759960485e+01
3.683719583563204480e+01
3.683516403620711088e+01
3.683313920568449618e+01
3.683112136993949548e+01
3.682911055454347604e+01
3.682710678494233036e+01
3.682511008658040907e+01
3.682312048495915491e+01
3.682113800565874584e+01
3.681916267436359647e+01
3.681719451691999012e+01
3.681523355941611442e+01
3.681327982826986300e+01
3.681133335034297716e+01
3.680939415305117990e+01
3.680746226434389001e+01
3.680553771249193318e+01
3.680362052581491383e+01
3.680171073252441971e+01
3.679980836074359729e+01
3.679791343868059528e+01
3.679602599486432268e+01
3.679414605831303930e+01
3.679227365860835874e+01
3.679040882594007655e+01
3.678855159115392581e+01
3.678670198578952721e+01
3.678486004208621551e+01
3.678302579294305019e+01
3.678119927186423865e+01
3.677938051294539434e+01
3.677756955090465851e+01
3.677576642111866789e+01
3.677397115964677710e+01
3.677218380324850244e+01
3.677040438938922762e+01
3.676863295623326877e+01
3.676686954262714835e+01
3.676511418804973630e+01
3.676336693250009091e+01
3.676162781634823062e+01
3.675989688022093560e+01
3.675817416495773671e+01
3.675645971160775360e+01
3.675475356143819283e+01
3.675305575595655938e+01
3.675136633693958288e+01
3.674968534643878115e+01
3.674801282675000635e+01
3.674634882036829708e+01
3.674469336994860669e+01
3.674304651827139878e+01
3.674140830820719827e+01
3.673977878268316744e+01
3.673815798467102667e+01
3.673654595722661043e+01
3.673494274358004930e+01
3.673334838722890083e+01
3.673176293198152109e+01
3.673018642194399064e+01
3.672861890150213782e+01
3.672706041534149790e+01
3.672551100848486527e+01
3.672397072630443660e+01
3.672243961448720029e+01
3.672091771896333512e+01
3.671940508582187590e+01
3.671790176122445359e+01
3.671640779133166888e+01
3.671492322227329907e+01
3.671344810016619675e+01
3.671198247114000424e+01
3.671052638133357959e+01
3.670907987685833263e+01
3.670764300374204936e+01
3.670621580786783511e+01
3.670479833491885557e+01
3.670339063033870985e+01
3.670199273932289685e+01
3.670060470684829568e+01
3.669922657770944596e+01
3.669785839650413806e+01
3.669650020754497177e+01
3.669515205473581432e+01
3.669381398146973794e+01
3.669248603057164360e+01
3.669116824428090240e+01
3.668986066426606385e+01
3.668856333165710737e+01
3.668727628707576116e+01
3.668599957065696771e+01
3.668473322205482390e+01
3.668347728041725730e+01
3.668223178433152043e+01
3.668099677176868312e+01
3.667977228005925383e+01
3.667855834591070874e+01
3.667735500544056748e+01
3.667616229418704421e+01
3.667498024709048821e+01
3.667380889845915704e+01
3.667264828192823956e+01
3.667149843042073343e+01
3.667035937611714758e+01
3.666923115044656356e+01
3.666811378412347011e+01
3.666700730722160984e+01
3.666591174923612328e+01
3.666482713910669844e+01
3.666375350520758047e+01
3.666269087531031090e+01
3.666163927652597465e+01
3.666059873524645241e+01
3.665956927710224278e+01
3.665855092694069839e+01
3.665754370882178392e+01
3.665654764602356153e+01
3.665556276104862832e+01
3.665458907563054680e+01
3.665362661074314587e+01
3.665267538661667857e+01
3.665173542276952645e+01
3.665080673806031797e+01
3.664988935074588738e+01
3.664898327852851878e+01
3.664808853860314031e+01
3.664720514770941406e+01
3.664633312216037098e+01
3.664547247783408324e+01
3.664462323014871714e+01
3.664378539404338397e+01
3.664295898397464413e+01
3.664214401392460019e+01
3.664134049740607679e+01
3.664054844745514572e+01
3.663976787661773926e+01
3.663899879694213979e+01
3.663824121997726024e+01
3.663749515676900614e+01
3.663676061784873639e+01
3.663603761321304830e+01
3.663532615230832334e+01
3.663462624404356660e+01
3.663393789682363888e+01
3.663326111855914036e+01
3.663259591663143055e+01
3.663194229783525202e+01
3.663130026832713071e+01
3.663066983359525608e+01
3.663005099845656787e+01
3.662944376706456495e+01
3.662884814289759561e+01
3.662826412872183823e+01
3.662769172655031014e+01
3.662713093761554717e+01
3.662658176235296281e+01
3.662604420038419306e+01
3.662551825052281629e+01
3.662500391085603724e+01
3.662450117889455470e+01
3.662401005170485746e+01
3.662353052597916303e+01
3.662306259808296005e+01
3.662260626412587072e+01
3.662216152004422298e+01
3.662172836165240142e+01
3.662130678465427280e+01
3.662089678463507170e+01
3.662049835704258527e+01
3.662011149716442304e+01
3.661973620011693242e+01
3.661937246084386288e+01
3.661902027410138061e+01
3.661867963441670781e+01
3.661835053603611811e+01
3.661803297289132786e+01
3.661772693859614947e+01
3.661743242645378160e+01
3.661714942944951190e+01
3.661687794022389397e+01
3.661661795103714923e+01
3.661636945373546581e+01
3.661613243972319509e+01
3.661590689994081771e+01
3.661569282485071852e+01
3.661549020442387103e+01
3.661529902809927961e+01
3.661511928469563060e+01
3.661495096230350299e+01
3.661479404821644579e+01
3.661464852892540733e+01
3.661451439014531672e+01
3.661439161683668431e+01
3.661428019321560612e+01
3.661418010275779977e+01
3.661409132820173085e+01
3.661401385155851074e+01
3.661394765413247399e+01
3.661389271654566357e+01
3.661384901875742059e+01
3.661381654007519870e+01
3.661379525915264566e+01
3.661378515397213818e+01
3.661378620181753973e+01
3.661379837924889813e+01
3.661382166209756406e+01
3.661385602550512886e+01
3.661390144399647539e+01
3.661395789154300928e+01
3.661402534160059474e+01
3.661410376714160009e+01
3.661419314068988484e+01
3.661429343434791406e+01
3.661440461979957206e+01
3.661452666827688773e+01
3.661465955050041998e+01
3.661480323662063796e+01
3.661495769617387452e+01
3.661512289804604592e+01
3.661529881044029366e+01
3.661548540085430403e+01
3.661568263607224338e+01
3.661589048216933406e+01
3.661610890452326572e+01
3.661633786783427524e+01
3.661657733616088706e+01
3.661682727296144435e+01
3.661708764111612169e+01
3.661735840291388655e+01
3.661763952001212630e+01
3.661793095339048421e+01
3.661823266331727211e+01
3.661854460933441402e+01
3.661886675025308335e+01
3.661919904414931182e+01
3.661954144835765845e+01
3.661989391946676164e+01
3.662025641331788250e+01
3.662062888500432223e+01
3.662101128887183421e+01
3.662140357852486972e+01
3.662180570684351011e+01
3.662221762600329100e+01
3.662263928748144082e+01
3.662307064204452445e+01
3.662351163972829227e+01
3.662396222982143712e+01
3.662442236085419012e+01
3.662489198058690221e+01
3.662537103599959210e+01
3.662585947330483549e+01
3.662635723802596033e+01
3.662686427513162357e+01
3.662738052915002385e+01
3.662790594422360613e+01
3.662844046412681109e+01
3.662898403227106314e+01
3.662953659177505017e+01
3.663009808572982706e+01
3.663066845761193235e+01
3.663124765159226826e+01
3.663183561261218557e+01
3.663243228632315862e+01
3.663303761900208855e+01
3.663365155749777813e+01
3.663427404924847508e+01
3.663490504236667533e+01
3.663554448573746214e+01
3.663619232907893775e+01
3.663684852295388339e+01
3.663751301877357491e+01
3.663818576884259670e+01
3.663886672644643738e+01
3.663955584595756676e+01
3.664025308291720506e+01
3.664095839402545352e+01
3.664167173703893354e+01
3.664239307066834073e+01
3.664312235454328004e+01
3.664385954922766331e+01
3.664460461624296528e+01
3.664535751808457320e+01
3.664611821824888693e+01
3.664688668128768256e+01
3.664766287286243340e+01
3.664844675973434818e+01
3.664923830965602036e+01
3.665003749120946708e+01
3.665084427368314834e+01
3.665165862704635202e+01
3.665248052198690232e+01
3.665330992991867021e+01
3.665414682292571769e+01
3.665499117371135185e+01
3.665584295560461214e+01
3.665670214259888127e+01
3.665756870939731726e+01
3.665844263146217941e+01
3.665932388505824946e+01
3.666021244730216466e+01
3.666110829623019640e+01
3.666201141086113324e+01
3.666292177123681029e+01
3.666383935842357999e+01
3.666476415443689518e+01
3.666569614209569039e+01
3.666663530486997047e+01
3.666758162676050858e+01
3.666853509221360952e+01
3.666949568607093823e+01
3.667046339353294115e+01
3.667143820010284117e+01
3.667242009151300408e+01
3.667340905365720971e+01
3.667440507253357396e+01
3.667540813418555956e+01
3.667641822463222212e+01
3.667743532979747556e+01
3.667845943546179655e+01
3.667949052723916026e+01
3.668052859054919423e+01
3.668157361056584165e+01
3.668262557215343378e+01
3.668368445979492520e+01
3.668475025751133245e+01
3.668582294878801520e+01
3.668690251653308110e+01
3.668798894308739023e+01
3.668908221028132033e+01
3.669018229951879562e+01
3.669128919187885174e+01
3.669240286820059538e+01
3.669352330909222104e+01
3.669465049485716435e+01
3.669578440539007858e+01
3.669692502008449964e+01
3.669807231776191259e+01
3.669922627662126757e+01
3.670038687420115053e+01
3.670155408734972724e+01
3.670272789221417753e+01
3.670390826424763020e+01
3.670509517820054413e+01
3.670628860807598670e+01
3.670748852706152832e+01
3.670869490744657782e+01
3.670990772051623452e+01
3.671112693643254943e+01
3.671235252416053640e+01
3.671358445150815442e+01
3.671482268526760606e+01
3.671606719134977226e+01
3.671731793483879613e+01
3.671857487999305647e+01
3.671983799024031470e+01
3.672110722817474482e+01
3.672238255553845221e+01
3.672366393319022393e+01
3.672495132109285976e+01
3.672624467833065864e+01
3.672754396312979708e+01
3.672884913286021913e+01
3.673016014403458485e+01
3.673147695232278664e+01
3.673279951257038789e+01
3.673412777880334801e+01
3.673546170422211787e+01
3.673680124119562862e+01
3.673814634125923106e+01
3.673949695510675895e+01
3.674085303254071277e+01
3.674221452235032359e+01
3.674358137215358511e+01
3.674495352827435113e+01
3.674633093568078834e+01
3.674771353796763407e+01
3.674910127736479382e+01
3.675049409476146423e+01
3.675189192973122942e+01
3.675329472054357893e+01
3.675470240415388190e+01
3.675611491617395643e+01
3.675753219083384238e+01
3.675895416096204826e+01
3.676038075803105443e+01
3.676181191226813638e+01
3.676324755274272604e+01
3.676468760735932051e+01
3.676613200279193450e+01
3.676758066443120043e+01
3.676903351636944706e+01
3.677049048142571053e+01
3.677195148120488000e+01
3.677341643616158962e+01
3.677488526564771121e+01
3.677635788795772953e+01
3.677783422040052841e+01
3.677931417940907721e+01
3.678079768067065203e+01
3.678228463924235569e+01
3.678377496962969673e+01
3.678526858583198589e+01
3.678676540136436302e+01
3.678826532924181691e+01
3.678976828189797743e+01
3.679127417105903675e+01
3.679278290764110437e+01
3.679429440169329268e+01
3.679580856233400254e+01
3.679732529764434901e+01
3.679884451455473027e+01
3.680036611877623898e+01
3.680189001479926958e+01
3.680341610596127566e+01
3.680494429454764571e+01
3.680647448186532955e+01
3.680800656827063477e+01
3.680954045317461976e+01
3.681107603504757719e+01
3.681261321143312415e+01
3.681415187897705721e+01
3.681569193346678759e+01
3.681723326985723332e+01
3.681877578224794689e+01
3.682031936382127668e+01
3.682186390680782750e+01
3.682340930252010480e+01
3.682495544143583288e+01
3.682650221333091878e+01
3.682804950750599460e+01
3.682959721311127765e+01
3.683114521951042519e+01
3.683269341662490604e+01
3.683424169524331404e+01
3.683578994729852241e+01
3.683733806608638162e+01
3.683888594641037884e+01
3.684043348470395074e+01
3.684198057916344027e+01
3.684352712985868550e+01
3.684507303881244411e+01
3.684661821006714177e+01
3.684816254972433569e+01
3.684970596595987757e+01
3.685124836906040713e+01
3.685278967148724405e+01
3.685432978793338066e+01
3.685586863536978086e+01
3.685740613309461366e+01
3.685894220278640177e+01
3.686047676855320532e+01
3.686200975695168580e+01
3.686354109694966041e+01
3.686507071984867423e+01
3.686659855919396733e+01
3.686812455067367722e+01
3.686964863203663612e+01
3.687117074308409315e+01
3.687269082573945411e+01
3.687420882414427581e+01
3.687572468472993847e+01
3.687723835624938573e+01
3.687874978977765039e+01
3.688025893868421434e+01
3.688176575858970097e+01
3.688327020734502781e+01
3.688477224504172369e+01
3.688627183402517318e+01
3.688776893890785402e+01
3.688926352659036922e+01
3.689075556627473418e+01
3.689224502946202477e+01
3.689373188994028396e+01
3.689521612377446758e+01
3.689669770931282500e+01
3.689817662717978664e+01
3.689965286020930790e+01
3.690112639335978173e+01
3.690259721368546764e+01
3.690406531035460347e+01
3.690553067465785375e+01
3.690699329998945899e+01
3.690845318180891610e+01
3.690991031757341290e+01
3.691136470662549129e+01
3.691281635006122031e+01
3.691426525065489272e+01
3.691571141287815294e+01
3.691715484295135496e+01
3.691859554884906913e+01
3.692003354023063366e+01
3.692146882831029586e+01
3.692290142573808254e+01
3.692433134655178151e+01
3.692575860617763794e+01
3.692718322143881693e+01
3.692860521056294232e+01
3.693002459319154696e+01
3.693144139040904861e+01
3.693285562480870965e+01
3.693426732056544637e+01
3.693567650348133924e+01
3.693708320102826548e+01
3.693848744238854920e+01
3.693988925843328275e+01
3.694128868161396895e+01
3.694268574581130338e+01
3.694408048621218654e+01
3.694547293926469678e+01
3.694686314268955130e+01
3.694825113547793194e+01
3.694963695781432733e+01
3.695102065091362675e+01
3.695240225686799818e+01
3.695378181862227507e+01
3.695515938005565459e+01
3.695653498606323240e+01
3.695790868257924444e+01
3.695928051653400814e+01
3.696065053578452364e+01
3.696201878908316019e+01
3.696338532609887295e+01
3.696475019745015089e+01
3.696611345470775234e+01
3.696747515036139475e+01
3.696883533777479158e+01
3.697019407114746770e+01
3.697155140550388808e+01
3.697290739674296134e+01
3.697426210172456962e+01
3.697561557831713230e+01
3.697696788538964086e+01
3.697831908278520530e+01
3.697966923128487338e+01
3.698101839256359824e+01
3.698236662916479389e+01
3.698371400450599822e+01
3.698506058289529363e+01
3.698640642953015600e+01
3.698775161047299065e+01
3.698909619263245219e+01
3.699044024378472528e+01
3.699178383261136815e+01
3.699312702868456881e+01
3.699446990238516264e+01
3.699581252480118820e+01
3.699715496763809597e+01
3.699849730315825269e+01
3.699983960416030015e+01
3.700118194396248583e+01
3.700252439634210333e+01
3.700386703542822175e+01
3.700520993556707339e+01
3.700655317117193732e+01
3.700789681657100516e+01
3.700924094586697777e+01
3.701058563281225133e+01
3.701193095071035088e+01
3.701327697236028769e+01
3.701462377003496584e+01
3.701597141546447745e+01
3.701731997980964906e+01
3.701866953362875989e+01
3.702002014684040176e+01
3.702137188868432816e+01
3.702272482768818662e+01
3.702407903165956782e+01
3.702543456772092867e+01
3.702679150236202332e+01
3.702814990145239449e+01
3.702950983019248099e+01
3.703087135303460542e+01
3.703223453361552231e+01
3.703359943472025151e+01
3.703496611827311824e+01
3.703633464533951525e+01
3.703770507611697838e+01
3.703907746990670091e+01
3.704045188507834041e+01
3.704182837904739500e+01
3.704320700826914248e+01
3.704458782823166985e+01
3.704597089343518235e+01
3.704735625736257987e+01
3.704874397243738571e+01
3.705013408994948776e+01
3.705152665995068162e+01
3.705292173115803678e+01
3.705431935089717399e+01
3.705571956508060794e+01
3.705712241819190922e+01
3.705852795325044724e+01
3.705993621179842989e+01
3.706134723402637832e+01
3.706276105905046592e+01
3.706417772518016562e+01
3.706559727004948002e+01
3.706701973062155275e+01
3.706844514310854066e+01
3.706987354284763114e+01
3.707130496418287890e+01
3.707273944037438440e+01
3.707417700352100098e+01
3.707561768448120176e+01
3.707706151280454065e+01
3.707850851671289405e+01
3.707995872314106123e+01
3.708141215779389910e+01
3.708286884518307147e+01
3.708432880864812375e+01
3.708579207038735603e+01
3.708725865150814371e+01
3.708872857207530416e+01
3.709020185113512014e+01
3.709167850671303768e+01
3.709315855578996235e+01
3.709464201426582974e+01
3.709612889692322568e+01
3.709761921740073376e+01
3.709911298817988268e+01
3.710061022057696789e+01
3.710211092472809469e+01
3.710361510956830955e+01
3.710512278280589982e+01
3.710663395088302252e+01
3.710814861891685723e+01
3.710966679062419615e+01
3.711118846823628559e+01
3.711271365242826903e+01
3.711424234230707242e+01
3.711577453546359351e+01
3.711731022803847679e+01
3.711884941476554189e+01
3.712039208899174980e+01
3.712193824267095721e+01
3.712348786634007780e+01
3.712504094911565033e+01
3.712659747873725280e+01
3.712815744163031439e+01
3.712972082293879339e+01
3.713128760651881066e+01
3.713285777491774553e+01
3.713443130935226577e+01
3.713600818969521100e+01
3.713758839449063487e+01
3.713917190099717658e+01
3.714075868523035950e+01
3.714234872198350246e+01
3.714394198483113740e+01
3.714553844612161981e+01
3.714713807696104197e+01
3.714874084719512126e+01
3.715034672539795224e+01
3.715195567886756578e+01
3.715356767362440849e+01
3.715518267441565570e+01
3.715680064473409061e+01
3.715842154685070398e+01
3.716004534184136077e+01
3.716167198959502116e+01
3.716330144882286390e+01
3.716493367712299545e+01
3.716656863115517240e+01
3.716820626689349893e+01
3.716984653985861087e+01
3.717148940529923351e+01
3.717313481835523703e+01
3.717478273419632018e+01
3.717643310809442880e+01
3.717808589541049713e+01
3.717974105154025466e+01
3.718139853192233346e+01
3.718305829216235026e+01
3.718472028819492436e+01
3.718638447638435451e+01
3.718805081356295261e+01
3.718971925706643589e+01
3.719138976481411163e+01
3.719306229542708309e+01
3.719473680833181106e+01
3.719641326382181745e+01
3.719809162309499584e+01
3.719977184828606198e+01
3.720145390249902562e+01
3.720313774983865329e+01
3.720482335543512420e+01
3.720651068545114271e+01
3.720819970705888124e+01
3.720989038837884522e+01
3.721158269839839505e+01
3.721327660690771211e+01
3.721497208447576810e+01
3.721666910246321436e+01
3.721836763305970663e+01
3.722006764933874479e+01
3.722176912532807336e+01
3.722347203607618837e+01
3.722517635767695765e+01
3.722688206723287863e+01
3.722858914277644260e+01
3.723029756317298222e+01
3.723200730801769964e+01
3.723371835756673676e+01
3.723543069274622042e+01
3.723714429522264169e+01
3.723885914746738734e+01
3.724057523276092496e+01
3.724229253514334204e+01
3.724401103935225166e+01
3.724573073077338847e+01
3.724745159542620598e+01
3.724917361998654286e+01
3.725089679181316171e+01
3.725262109897135332e+01
3.725434653026242415e+01
3.725607307523266343e+01
3.725780072414632826e+01
3.725952946795371901e+01
3.726125929827777128e+01
3.726299020739576662e+01
3.726472218818697968e+01
3.726645523405106530e+01
3.726818933880794305e+01
3.726992449655677575e+01
3.727166070146189725e+01
3.727339794749001811e+01
3.727513622818152328e+01
3.727687553652697261e+01
3.727861586499069801e+01
3.728035720566590783e+01
3.728209955044533075e+01
3.728384289110815786e+01
3.728558721933873699e+01
3.728733252671996468e+01
3.728907880470718794e+01
3.729082604458068317e+01
3.729257423737862354e+01
3.729432337379988383e+01
3.729607344405324199e+01
3.729782443765984823e+01
3.729957634327320193e+01
3.730132914856633874e+01
3.730308284015215037e+01
3.730483740347352750e+01
3.730659282264959842e+01
3.730834908031717134e+01
3.731010615751011983e+01
3.731186403358065462e+01
3.731362268614399369e+01
3.731538209105127635e+01
3.731714222240726286e+01
3.731890305260462526e+01
3.732066455231340285e+01
3.732242669041104932e+01
3.732418943389686916e+01
3.732595274782110550e+01
3.732771659521984020e+01
3.732948093708012038e+01
3.733124573240633737e+01
3.733301093838991846e+01
3.733477651059455837e+01
3.733654240310060146e+01
3.733830856862591929e+01
3.734007495864403836e+01
3.734184152346997365e+01
3.734360821227599558e+01
3.734537497304992826e+01
3.734714175253879631e+01
3.734890849620225595e+01
3.735067514818157974e+01
3.735244165128913352e+01
3.735420794701435199e+01
3.735597397552685806e+01
3.735773967566201037e+01
3.735950498490549876e+01
3.736126983941785085e+01
3.736303417411058803e+01
3.736479792272724865e+01
3.736656101788546636e+01
3.736832339109366785e+01
3.737008497277270180e+01
3.737184569228524111e+01
3.737360547795931609e+01
3.737536425709241428e+01
3.737712195594772879e+01
3.737887849978750410e+01
3.738063381295987853e+01
3.738238781899065799e+01
3.738414044063122077e+01
3.738589159987428445e+01
3.738764121797749596e+01
3.738938921552108496e+01
3.739113551251033840e+01
3.739288002849950487e+01
3.739462268267870826e+01
3.739636339388582087e+01
3.739810208056089635e+01
3.739983866069768936e+01
3.740157305184578007e+01
3.740330517117803311e+01
3.740503493559601367e+01
3.740676226184027797e+01
3.740848706658606204e+01
3.741020926652145562e+01
3.741192877841483266e+01
3.741364551915599890e+01
3.741535940574961216e+01
3.741707035530279057e+01
3.741877828507698212e+01
3.742048311258658799e+01
3.742218475568105873e+01
3.742388313262212307e+01
3.742557816218923961e+01
3.742726976379388049e+01
3.742895785757522731e+01
3.743064236445894011e+01
3.743232320616911579e+01
3.743400030521786448e+01
3.743567358490369656e+01
3.743734296932835548e+01
3.743900838343513726e+01
3.744066975304916411e+01
3.744232700488353061e+01
3.744398006652698285e+01
3.744562886646860989e+01
3.744727333416931003e+01
3.744891340014005721e+01
3.745054899599097098e+01
3.745218005443558695e+01
3.745380650925615384e+01
3.745542829526699080e+01
3.745704534831099863e+01
3.745865760527462385e+01
3.746026500409124793e+01
3.746186748373276032e+01
3.746346498418959214e+01
3.746505744641749658e+01
3.746664481224742360e+01
3.746822702430219465e+01
3.746980402597551318e+01
3.747137576148694649e+01
3.747294217598471278e+01
3.747450321564451770e+01
3.747605882771385666e+01
3.747760896050084511e+01
3.747915356335423098e+01
3.748069258666490100e+01
3.748222598187805232e+01
3.748375370150056085e+01
3.748527569910053359e+01
3.748679192930200799e+01
3.748830234778647963e+01
3.748980691130415011e+01
3.749130557767745842e+01
3.749279830579285999e+01
3.749428505560045721e+01
3.749576578813112349e+01
3.749724046551956746e+01
3.749870905101658281e+01
3.750017150899068952e+01
3.750162780493360515e+01
3.750307790546479936e+01
3.750452177830584333e+01
3.750595939221191344e+01
3.750739071687213055e+01
3.750881572278845510e+01
3.751023438116440900e+01
3.751164666387259672e+01
3.751305254352559615e+01
3.751445199359061888e+01
3.751584498848963989e+01
3.751723150366829174e+01
3.751861151563559815e+01
3.751998500198711639e+01
3.752135194141450825e+01
3.752271231369459770e+01
3.752406609967265894e+01
3.752541328125151665e+01
3.752675384136507830e+01
3.752808776392849666e+01
3.752941503379325638e+01
3.753073563673532931e+01
3.753204955950083388e+01
3.753335678989943602e+01
3.753465731686075202e+01
3.753595113039822451e+01
3.753723822154278622e+01
3.753851858232724936e+01
3.753979220583099874e+01
3.754105908623355958e+01
3.754231921880382572e+01
3.754357259979681061e+01
3.754481922629967272e+01
3.754605909609438186e+01
3.754729220758470376e+01
3.754851855980103892e+01
3.754973815245794100e+01
3.755095098600480696e+01
3.755215706162786660e+01
3.755335638124439868e+01
3.755454894756221762e+01
3.755573476417521306e+01
3.755691383559852170e+01
3.755808616724132065e+01
3.755925176539335553e+01
3.756041063724935469e+01
3.756156279093062267e+01
3.756270823547250615e+01
3.756384698077879847e+01
3.756497903752346446e+01
3.756610441697549874e+01
3.756722313079746556e+01
3.756833519090837115e+01
3.756944060944000086e+01
3.757053939876053761e+01
3.757163157154001709e+01
3.757271714081392133e+01
3.757379611998925384e+01
3.757486852281165568e+01
3.757593436335498893e+01
3.757699365602841368e+01
3.757804641556106873e+01
3.757909265696249435e+01
3.758013239545274331e+01
3.758116564632927492e+01
3.758219242479581368e+01
3.758321274583219918e+01
3.758422662413917692e+01
3.758523407414560324e+01
3.758623511002924289e+01
3.758722974568304664e+01
3.758821799462204893e+01
3.758919986988149020e+01
3.759017538394023461e+01
3.759114454867448529e+01
3.759210737532308144e+01
3.759306387443539421e+01
3.759401405578696398e+01
3.759495792827775063e+01
3.759589549984779211e+01
3.759682677743192869e+01
3.759775176694274279e+01
3.759867047325742817e+01
3.759958290019687155e+01
3.760048905050375367e+01
3.760138892582650527e+01
3.760228252670330562e+01
3.760316985253533062e+01
3.760405090154446839e+01
3.760492567072712689e+01
3.760579415583337237e+01
3.760665635138893492e+01
3.760751225073964576e+01
3.760836184608321275e+01
3.760920512847275887e+01
3.761004208779505120e+01
3.761087271273800070e+01
3.761169699076110362e+01
3.761251490806104414e+01
3.761332644954019599e+01
3.761413159883945667e+01
3.761493033846165446e+01
3.761572264990181935e+01
3.761650851371020821e+01
3.761728790953199564e+01
3.761806081619272391e+01
3.761882721182762879e+01
3.761958707399636381e+01
3.762034037971687184e+01
3.762108710542131718e+01
3.762182722691208170e+01
3.762256071936349855e+01
3.762328755735870800e+01
3.762400771495475027e+01
3.762472116577394843e+01
3.762542788311385777e+01
3.762612784006403643e+01
3.762682100958868148e+01
3.762750736452262856e+01
3.762818687748942637e+01
3.762885952081550300e+01
3.762952526650282437e+01
3.763018408626486888e+01
3.763083595158595784e+01
3.763148083377576825e+01
3.763211870401702441e+01
3.763274953336448903e+01
3.763337329265045383e+01
3.763398995236297395e+01
3.763459948261761667e+01
3.763520185324318845e+01
3.763579703390351483e+01
3.763638499419101180e+01
3.763696570366764860e+01
3.763753913187568401e+01
3.763810524839818328e+01
3.763866402298666003e+01
3.763921542566638578e+01
3.763975942676960784e+01
3.764029599692205608e+01
3.764082510699821427e+01
3.764134672803188408e+01
3.764186083106530845e+01
3.764236738698279083e+01
3.764286636646409789e+01
3.764335774015608393e+01
3.764384147897682453e+01
3.764431755438172900e+01
3.764478593854789779e+01
3.764524660449706772e+01
3.764569952612507819e+01
3.764614467815539456e+01
3.764658203608480136e+01
3.764701157611744975e+01
3.764743327505411230e+01
3.764784711016876884e+01
3.764825305912807352e+01
3.764865109995466241e+01
3.764904121100412482e+01
3.764942337096632485e+01
3.764979755891741320e+01
3.765016375438542440e+01
3.765052193735657937e+01
3.765087208820061448e+01
3.765121418756799443e+01
3.765154821633965554e+01
3.765187415567033469e+01
3.765219198710005344e+01
3.765250169267535085e+01
3.765280325503261594e+01
3.765309665743555456e+01
3.765338188379420359e+01
3.765365891868980697e+01
3.765392774740456616e+01
3.765418835594363856e+01
3.765444073103954992e+01
3.765468486013718774e+01
3.765492073136712037e+01
3.765514833348871093e+01
3.765536765574558586e+01
3.765557868762369509e+01
3.765578141859186445e+01
3.765597583790664515e+01
3.765616193449703530e+01
3.765633969691064209e+01
3.765650911333380435e+01
3.765667017172869180e+01
3.765682286006486379e+01
3.765696716651580545e+01
3.765710307949373004e+01
3.765723058752178787e+01
3.765734967906919195e+01
3.765746034247893448e+01
3.765756256600366214e+01
3.765765633789122546e+01
3.765774164649360500e+01
3.765781848039828361e+01
3.765788682854402936e+01
3.765794668027336911e+01
3.765799802532372098e+01
3.765804085378736943e+01
3.765807515605583689e+01
3.765810092275067689e+01
3.765811814464354512e+01
3.765812681257140326e+01
3.765812691736441309e+01
3.765811844980305523e+01
3.765810140057528344e+01
3.765807576019567193e+01
3.765804151891290985e+01
3.765799866666210249e+01
3.765794719306581584e+01
3.765788708744092617e+01
3.765781833879582763e+01
3.765774093582562898e+01
3.765765486690543895e+01
3.765756012009244813e+01
3.765745668313869743e+01
3.765734454350197780e+01
3.765722368835961475e+01
3.765709410462519457e+01
3.765695577894874901e+01
3.765680869769262529e+01
3.765665284688103753e+01
3.765648821211263453e+01
3.765631477844772235e+01
3.765613253030529961e+01
3.765594145137950477e+01
3.765574152455620549e+01
3.765553273181873095e+01
3.765531505414302416e+01
3.765508847135670578e+01
3.765485296192316866e+01
3.765460850268767956e+01
3.765435506870147009e+01
3.765409263321232913e+01
3.765382116783354149e+01
3.765354064280437996e+01
3.765325102720677819e+01
3.765295228909726433e+01
3.765264439560677801e+01
3.765232731304050162e+01
3.765200100696891639e+01
3.765166544229747814e+01
3.765132058330510034e+01
3.765096639365151532e+01
3.765060283637289729e+01
3.765022987387759912e+01
3.764984746797102133e+01
3.764945557997801018e+01
3.764905417094114171e+01
3.764864320178112678e+01
3.764822263341916653e+01
3.764779242694614680e+01
3.764735254377133344e+01
3.764690294558798911e+01
3.764644359417240338e+01
3.764597445118880614e+01
3.764549547806052487e+01
3.764500663582073514e+01
3.764450788491443234e+01
3.764399918505994691e+01
3.764348049526431339e+01
3.764295177394875225e+01
3.764241297908485961e+01
3.764186406832502030e+01
3.764130499918245221e+01
3.764073572927463118e+01
3.764015621653066290e+01
3.763956641921264890e+01
3.763896629571978991e+01
3.763835580429515204e+01
3.763773490277039002e+01
3.763710354846637074e+01
3.763646169830521160e+01
3.763580930901385102e+01
3.763514633727994152e+01
3.763447273988730757e+01
3.763378847385526882e+01
3.763309349649231450e+01
3.763238776535040842e+01
3.763167123818417537e+01
3.763094387296274590e+01
3.763020562789130707e+01
3.762945646138786060e+01
3.762869633199384367e+01
3.762792519826419380e+01
3.762714301869939248e+01
3.762634975171938834e+01
3.762554535566287939e+01
3.762472978881580588e+01
3.762390300943208388e+01
3.762306497566575558e+01
3.762221564541442120e+01
3.762135497621831348e+01
3.762048292533949478e+01
3.761959944997949634e+01
3.761870450752026329e+01
3.761779805568631474e+01
3.761688005253245137e+01
3.761595045625622191e+01
3.761500922499477895e+01
3.761405631680101891e+01
3.761309168980379525e+01
3.761211530236039380e+01
3.761112711308145862e+01
3.761012708077790734e+01
3.760911516438654445e+01
3.760809132287513279e+01
3.760705551516024769e+01
3.760600770012830907e+01
3.760494783679695985e+01
3.760387588451349217e+01
3.760279180305875713e+01
3.760169555266737262e+01
3.760058709405763011e+01
3.759946638847606692e+01
3.759833339769920002e+01
3.759718808398171319e+01
3.759603040997830448e+01
3.759486033865688626e+01
3.759367783320584522e+01
3.759248285697550074e+01
3.759127537354620330e+01
3.759005534694153994e+01
3.758882274186305494e+01
3.758757752384214257e+01
3.758631965933842167e+01
3.758504911581568564e+01
3.758376586173610434e+01
3.758246986643553100e+01
3.758116109994534071e+01
3.757983953285609147e+01
3.757850513626501510e+01
3.757715788180243521e+01
3.757579774172542386e+01
3.757442468903580846e+01
3.757303869754660042e+01
3.757163974187825772e+01
3.757022779744040974e+01
3.756880284043307228e+01
3.756736484784298113e+01
3.756591379741271197e+01
3.756444966760004434e+01
3.756297243755782489e+01
3.756148208716938086e+01
3.755997859716965337e+01
3.755846194930435189e+01
3.755693212641413226e+01
3.755538911240771682e+01
3.755383289220680609e+01
3.755226345174168046e+01
3.755068077797993453e+01
3.754908485892403291e+01
3.754747568355143983e+01
3.754585324172262517e+01
3.754421752410660673e+01
3.754256852216303031e+01
3.754090622817492573e+01
3.753923063528340265e+01
3.753754173748829004e+01
3.753583952963031578e+01
3.753412400738107380e+01
3.753239516724566016e+01
3.753065300658092696e+01
3.752889752363034148e+01
3.752712871756858704e+01
3.752534658852864169e+01
3.752355113756557614e+01
3.752174236656775719e+01
3.751992027818952380e+01
3.751808487583938501e+01
3.751623616370138592e+01
3.751437414677592130e+01
3.751249883092843618e+01
3.751061022290691938e+01
3.750870833030879226e+01
3.750679316154293019e+01
3.750486472585407682e+01
3.750292303340179956e+01
3.750096809530633379e+01
3.749899992361171286e+01
3.749701853119915285e+01
3.749502393169178305e+01
3.749301613935247701e+01
3.749099516895161344e+01
3.748896103560554138e+01
3.748691375465507036e+01
3.748485334165303584e+01
3.748277981243083445e+01
3.748069318317076437e+01
3.747859347047260314e+01
3.747648069144060656e+01
3.747435486379394831e+01
3.747221600599857538e+01
3.747006413743127951e+01
3.746789927853594548e+01
3.746572145089022854e+01
3.746353067717676311e+01
3.746132698113982684e+01
3.745911038758972467e+01
3.745688092242180289e+01
3.745463861257800176e+01
3.745238348598218181e+01
3.745011557152994186e+01
3.744783489912137497e+01
3.744554149970162626e+01
3.744323540529754979e+01
3.744091664900960836e+01
3.743858526495409222e+01
3.743624128820730590e+01
3.743388475476829313e+01
3.743151570152549112e+01
3.742913416622727141e+01
3.742674018745054809e+01
3.742433380455289438e+01
3.742191505761001480e+01
3.741948398735031844e+01
3.741704063509053668e+01
3.741458504265962404e+01
3.741211725229344154e+01
3.740963730652854480e+01
3.740714524816997510e+01
3.740464112036038102e+01
3.740212496669106912e+01
3.739959683128771673e+01
3.739705675884839309e+01
3.739450479462412602e+01
3.739194098436539093e+01
3.738936537433094287e+01
3.738677801139799328e+01
3.738417894317728951e+01
3.738156821805609553e+01
3.737894588518569350e+01
3.737631199444843588e+01
3.737366659641992328e+01
3.737100974232053829e+01
3.736834148394844135e+01
3.736566187361064806e+01
3.736297096407850660e+01
3.736026880857529875e+01
3.735755546078041789e+01
3.735483097482681814e+01
3.735209540528276051e+01
3.734934880713858263e+01
3.734659123582459017e+01
3.734382274723965622e+01
3.734104339774193448e+01
3.733825324409858126e+01
3.733545234344432373e+01
3.733264075331210563e+01
3.732981853176215736e+01
3.732698573755776295e+01
3.732414243031681877e+01
3.732128867061848609e+01
3.731842452008263677e+01
3.731555004145027965e+01
3.731266529864357295e+01
3.730977035673713971e+01
3.730686528185545114e+01
3.730395014109354435e+01
3.730102500250501407e+01
3.729808993510944504e+01
3.729514500885803585e+01
3.729219029456703538e+01
3.728922586388046767e+01
3.728625178928935213e+01
3.728326814420157120e+01
3.728027500305562825e+01
3.727727244141877350e+01
3.727426053596930444e+01
3.727123936435901186e+01
3.726820900507758694e+01
3.726516953742326166e+01
3.726212104156108751e+01
3.725906359858224448e+01
3.725599729050876618e+01
3.725292220022330980e+01
3.724983841130057272e+01
3.724674600774610411e+01
3.724364507373619659e+01
3.724053569349896975e+01
3.723741795140297484e+01
3.723429193219390498e+01
3.723115772126048739e+01
3.722801540484488925e+01
3.722486507018498259e+01
3.722170680561855249e+01
3.721854070067496423e+01
3.721536684616867063e+01
3.721218533429379960e+01
3.720899625866707083e+01
3.720579971426165855e+01
3.720259579727868271e+01
3.719938460507723477e+01
3.719616623621536178e+01
3.719294079055836733e+01
3.718970836938900248e+01
3.718646907544951574e+01
3.718322301287168585e+01
3.717997028705524798e+01
3.717671100459210010e+01
3.717344527324212322e+01
3.717017320190809926e+01
3.716689490059497558e+01
3.716361048038384496e+01
3.716032005343895861e+01
3.715702373304210937e+01
3.715372163365712765e+01
3.715041387101106096e+01
3.714710056214699563e+01
3.714378182542826323e+01
3.714045778050854807e+01
3.713712854828833798e+01
3.713379425086847618e+01
3.713045501148717165e+01
3.712711095442291764e+01
3.712376220488474132e+01
3.712040888893655932e+01
3.711705113347318274e+01
3.711368906622654151e+01
3.711032281578061998e+01
3.710695251159034314e+01
3.710357828399364877e+01
3.710020026419628891e+01
3.709681858423226686e+01
3.709343337693405829e+01
3.709004477593589399e+01
3.708665291569953837e+01
3.708325793152830130e+01
3.707985995953533376e+01
3.707645913658362247e+01
3.707305560025722002e+01
3.706964948887530653e+01
3.706624094151306537e+01
3.706283009801481398e+01
3.705941709899830983e+01
3.705600208583184241e+01
3.705258520057913074e+01
3.704916658594623158e+01
3.704574638525762253e+01
3.704232474243913487e+01
3.703890180197650039e+01
3.703547770886422086e+01
3.703205260857291137e+01
3.702862664702343665e+01
3.702519997054453427e+01
3.702177272582653700e+01
3.701834505989162949e+01
3.701491712006996693e+01
3.701148905397386102e+01
3.700806100949338884e+01
3.700463313482701011e+01
3.700120557852788750e+01
3.699777848954132509e+01
3.699435201721306754e+01
3.699092631124396036e+01
3.698750152158230975e+01
3.698407779827824271e+01
3.698065529133707230e+01
3.697723415059312657e+01
3.697381452561474191e+01
3.697039656564533061e+01
3.696698041956584291e+01
3.696356623585819534e+01
3.696015416256285135e+01
3.695674434723061097e+01
3.695333693687527443e+01
3.694993207794492918e+01
3.694652991632328565e+01
3.694313059734673743e+01
3.693973426580669894e+01
3.693634106592570276e+01
3.693295114131983325e+01
3.692956463496406627e+01
3.692618168916833099e+01
3.692280244555551860e+01
3.691942704502387329e+01
3.691605562769190385e+01
3.691268833284127027e+01
3.690932529887528801e+01
3.690596666330373665e+01
3.690261256275099555e+01
3.689926313297493010e+01
3.689591850888673719e+01
3.689257882456589499e+01
3.688924421326538550e+01
3.688591480740812045e+01
3.688259073858142756e+01
3.687927213753349776e+01
3.687595913417462157e+01
3.687265185759019204e+01
3.686935043605851803e+01
3.686605499705013500e+01
3.686276566720275127e+01
3.685948257229033942e+01
3.685620583720100285e+01
3.685293558592357499e+01
3.684967194152933700e+01
3.684641502613134634e+01
3.684316496082718118e+01
3.683992186565627946e+01
3.683668585959233610e+01
3.683345706055909119e+01
3.683023558544216058e+01
3.682702155007851275e+01
3.682381506922445169e+01
3.682061625651974168e+01
3.681742522446627675e+01
3.681424208443502266e+01
3.681106694671482416e+01
3.680789992059530391e+01
3.680474111444388541e+01
3.680159063574676281e+01
3.679844859111969413e+01
3.679531508630509506e+01
3.679219022615940560e+01
3.678907411463072208e+01
3.678596685473538486e+01
3.678286854854239607e+01
3.677977929716752925e+01
3.677669920077916288e+01
3.677362835861574553e+01
3.677056686900424154e+01
3.676751482936293769e+01
3.676447233618285537e+01
3.676143948499648673e+01
3.675841637034451281e+01
3.675540308574547765e+01
3.675239972366738073e+01
3.674940637550120215e+01
3.674642313155487017e+01
3.674345008109494159e+01
3.674048731242331911e+01
3.673753491293742712e+01
3.673459296914652583e+01
3.673166156665779880e+01
3.672874079014974313e+01
3.672583072334168719e+01
3.672293144897496830e+01
3.672004304881844661e+01
3.671716560368275850e+01
3.671429919341993298e+01
3.671144389690939391e+01
3.670859979204391266e+01
3.670576695572040649e+01
3.670294546383072998e+01
3.670013539124858681e+01
3.669733681181635632e+01
3.669454979833782460e+01
3.669177442257959854e+01
3.668901075527935518e+01
3.668625886614722020e+01
3.668351882384868645e+01
3.668079069598352504e+01
3.667807454908525244e+01
3.667537044864188545e+01
3.667267845911771929e+01
3.666999864395658904e+01
3.666733106557241229e+01
3.666467578536309446e+01
3.666203286376439507e+01
3.665940236030957067e+01
3.665678433365979316e+01
3.665417884159658257e+01
3.665158594096742206e+01
3.664900568758169186e+01
3.664643813608709877e+01
3.664388333987434976e+01
3.664134135103051193e+01
3.663881222032738805e+01
3.663629599724592367e+01
3.663379273007273440e+01
3.663130246607151719e+01
3.662882525166038050e+01
3.662636113252676751e+01
3.662391015367319369e+01
3.662147235942597234e+01
3.661904779343512217e+01
3.661663649867135462e+01
3.661423851741330537e+01
3.661185389122302070e+01
3.660948266092144365e+01
3.660712486658437115e+01
3.660478054757339095e+01
3.660244974259997264e+01
3.660013248979924327e+01
3.659782882678232596e+01
3.659553879065944670e+01
3.659326241805129598e+01
3.659099974509943820e+01
3.658875080745717412e+01
3.658651564022004976e+01
3.658429427777930698e+01
3.658208675365588647e+01
3.657989310039965858e+01
3.657771334956949261e+01
3.657554753174544260e+01
3.657339567653116319e+01
3.657125781253878927e+01
3.656913396737181188e+01
3.656702416762550456e+01
3.656492843890679723e+01
3.656284680585703484e+01
3.656077929216499456e+01
3.655872592057497883e+01
3.655668671290274574e+01
3.655466169006399468e+01
3.655265087212041664e+01
3.655065427835786096e+01
3.654867192738687010e+01
3.654670383721984450e+01
3.654475002529845540e+01
3.654281050848797463e+01
3.654088530306956528e+01
3.653897442475601309e+01
3.653707788872880258e+01
3.653519570966738428e+01
3.653332790175213773e+01
3.653147447864296282e+01
3.652963545344029228e+01
3.652781083865292544e+01
3.652600064620964559e+01
3.652420488751661765e+01
3.652242357352157853e+01
3.652065671474295527e+01
3.651890432124339014e+01
3.651716640257796342e+01
3.651544296778034493e+01
3.651373402540060198e+01
3.651203958355168311e+01
3.651035964993841532e+01
3.650869423187863561e+01
3.650704333632723575e+01
3.650540696990312739e+01
3.650378513891809007e+01
3.650217784940468846e+01
3.650058510713822812e+01
3.649900691765196825e+01
3.649744328625032352e+01
3.649589421802782852e+01
3.649435971789502275e+01
3.649283979059930516e+01
3.649133444071763677e+01
3.648984367258778150e+01
3.648836749018208536e+01
3.648690589702501086e+01
3.648545889626173278e+01
3.648402649083181615e+01
3.648260868360981846e+01
3.648120547746398756e+01
3.647981687529260597e+01
3.647844288009240188e+01
3.647708349504251402e+01
3.647573872355440017e+01
3.647440856929732433e+01
3.647309303628908594e+01
3.647179212908902457e+01
3.647050585299100334e+01
3.646923421409942279e+01
3.646797721927674729e+01
3.646673487603535335e+01
3.646550719246353367e+01
3.646429417721965649e+01
3.646309583956228551e+01
3.646191218936964162e+01
3.646074323711516030e+01
3.645958899379139950e+01
3.645844947079984877e+01
3.645732467983095404e+01
3.645621463275777785e+01
3.645511934155398137e+01
3.645403881822637970e+01
3.645297307475237147e+01
3.645192212302317358e+01
3.645088597479582404e+01
3.644986464165385343e+01
3.644885813497485572e+01
3.644786646590964807e+01
3.644688964537411380e+01
3.644592768403028771e+01
3.644498059224014241e+01
3.644404838001156577e+01
3.644313105695796651e+01
3.644222863227144416e+01
3.644134111470378912e+01
3.644046851254840647e+01
3.643961083361440956e+01
3.643876808519194554e+01
3.643794027401165891e+01
3.643712740619826462e+01
3.643632948723285381e+01
3.643554652194931975e+01
3.643477851456188432e+01
3.643402546869554470e+01
3.643328738740579809e+01
3.643256427318853952e+01
3.643185612797638129e+01
3.643116295311834563e+01
3.643048474934879266e+01
3.642982151675931135e+01
3.642917325479002955e+01
3.642853996224231139e+01
3.642792163729245658e+01
3.642731827748585971e+01
3.642672987971167942e+01
3.642615644017260479e+01
3.642559795436238090e+01
3.642505441705309011e+01
3.642452582228528257e+01
3.642401216335421310e+01
3.642351343279608500e+01
3.642302962238395025e+01
3.642256072313238491e+01
3.642210672530311655e+01
3.642166761841161815e+01
3.642124339124239896e+01
3.642083403188284052e+01
3.642043952777350313e+01
3.642005986575065180e+01
3.641969503205762493e+01
3.641934501232980637e+01
3.641900979157571783e+01
3.641868935416589181e+01
3.641838368382752122e+01
3.641809276365081161e+01
3.641781657611188194e+01
3.641755510309170774e+01
3.641730832587461464e+01
3.641707622514478260e+01
3.641685878099539764e+01
3.641665597293484780e+01
3.641646777988609784e+01
3.641629418019773112e+01
3.641613515166760351e+01
3.641599067156164438e+01
3.641586071662186441e+01
3.641574526307343973e+01
3.641564428664045749e+01
3.641555776256853250e+01
3.641548566564054568e+01
3.641542797017966393e+01
3.641538465005439917e+01
3.641535567869323131e+01
3.641534102908862280e+01
3.641534067376877459e+01
3.641535458474411513e+01
3.641538273345662446e+01
3.641542509075546974e+01
3.641548162689596069e+01
3.641555231153855487e+01
3.641563711373703427e+01
3.641573600193746074e+01
3.641584894400821071e+01
3.641597590727978684e+01
3.641611685855825442e+01
3.641627176411042655e+01
3.641644058964322284e+01
3.641662330028976413e+01
3.641681986060326892e+01
3.641703023456263111e+01
3.641725438559350181e+01
3.641749227660599786e+01
3.641774387005082758e+01
3.641800912798125722e+01
3.641828801209463506e+01
3.641858048374655255e+01
3.641888650395335247e+01
3.641920603339750784e+01
3.641953903243788204e+01
3.641988546110725622e+01
3.642024527907675946e+01
3.642061844559686534e+01
3.642100491943938323e+01
3.642140465884034484e+01
3.642181762144098656e+01
3.642224376425789956e+01
3.642268304371257415e+01
3.642313541569696156e+01
3.642360083562348905e+01
3.642407925844865701e+01
3.642457063870642742e+01
3.642507493056494638e+01
3.642559208787547220e+01
3.642612206419300946e+01
3.642666481277646540e+01
3.642722028657517086e+01
3.642778843819881729e+01
3.642836921986691578e+01
3.642896258334653226e+01
3.642956847991532499e+01
3.643018686040350929e+01
3.643081767533512760e+01
3.643146087512188558e+01
3.643211641021805036e+01
3.643278423117592268e+01
3.643346428863510766e+01
3.643415653331071979e+01
3.643486091599235266e+01
3.643557738755757924e+01
3.643630589903713002e+01
3.643704640174332354e+01
3.643779884741308450e+01
3.643856318831199559e+01
3.643933937731105033e+01
3.644012736798094920e+01
3.644092711470970158e+01
3.644173857280466677e+01
3.644256169853999694e+01
3.644339644917778998e+01
3.644424278304377651e+01
3.644510065967308066e+01
3.644597003994822160e+01
3.644685088616886759e+01
3.644774316207677600e+01
3.644864683287782725e+01
3.644956186525813280e+01
3.645048822738849736e+01
3.645142588893273938e+01
3.645237482105597593e+01
3.645333499642411823e+01
3.645430638918389832e+01
3.645528897487567122e+01
3.645628273027602262e+01
3.645728763326278710e+01
3.645830366276284451e+01
3.645933079875251792e+01
3.646036902227642429e+01
3.646141831548779066e+01
3.646247866170718765e+01
3.646355004545891632e+01
3.646463245243136697e+01
3.646572586934284033e+01
3.646683028376553892e+01
3.646794568401276848e+01
3.646907205914796180e+01
3.647020939907256576e+01
3.647135769461387866e+01
3.647251693755835333e+01
3.647368712060890061e+01
3.647486823727983563e+01
3.647606028175670900e+01
3.647726324873472237e+01
3.647847713324251373e+01
3.647970193046882770e+01
3.648093763561453073e+01
3.648218424377572688e+01
3.648344174984153199e+01
3.648471014838980864e+01
3.648598943358978630e+01
3.648727959913185970e+01
3.648858063818471464e+01
3.648989254336701293e+01
3.649121530673559732e+01
3.649254891980002213e+01
3.649389337354875806e+01
3.649524865846169774e+01
3.649661476452268971e+01
3.649799168125929327e+01
3.649937939779717766e+01
3.650077790290469437e+01
3.650218718503069226e+01
3.650360723234712168e+01
3.650503803279261916e+01
3.650647957410537714e+01
3.650793184384136936e+01
3.650939482937890546e+01
3.651086851790859100e+01
3.651235289640764847e+01
3.651384795159870578e+01
3.651535366989190834e+01
3.651687003731343850e+01
3.651839703943595339e+01
3.651993466132656607e+01
3.652148288751034499e+01
3.652304170193773558e+01
3.652461108793538358e+01
3.652619102811311791e+01
3.652778150423388581e+01
3.652938249709832519e+01
3.653099398648185314e+01
3.653261595112147830e+01
3.653424836873276149e+01
3.653589121602580292e+01
3.653754446869198347e+01
3.653920810137021391e+01
3.654088208762100720e+01
3.654256639991705669e+01
3.654426100964451507e+01
3.654596588711498129e+01
3.654768100160963229e+01
3.654940632148662871e+01
3.655114181432942644e+01
3.655288744706488302e+01
3.655464318602678730e+01
3.655640899699403690e+01
3.655818484522494316e+01
3.655997069549050593e+01
3.656176651209406003e+01
3.656357225886263507e+01
3.656538789912175957e+01
3.656721339567317841e+01
3.656904871077055930e+01
3.657089380607575180e+01
3.657274864259457559e+01
3.657461318061547217e+01
3.657648737966572128e+01
3.657837119846858798e+01
3.658026459489072835e+01
3.658216752589636656e+01
3.658407994752295167e+01
3.658600181487621938e+01
3.658793308213599005e+01
3.658987370256583205e+01
3.659182362852757109e+01
3.659378281149583501e+01
3.659575120204912935e+01
3.659772874982785140e+01
3.659971540348445274e+01
3.660171111065015737e+01
3.660371581792115592e+01
3.660572947087107565e+01
3.660775201410728386e+01
3.660978339136710957e+01
3.661182354561500318e+01
3.661387241910271229e+01
3.661592995338945400e+01
3.661799608934265393e+01
3.662007076713374687e+01
3.662215392623202348e+01
3.662424550540041679e+01
3.662634544269911885e+01
3.662845367549298459e+01
3.663057014044830595e+01
3.663269477350706893e+01
3.663482750984277914e+01
3.663696828381429782e+01
3.663911702892449540e+01
3.664127367777116007e+01
3.664343816198518056e+01
3.664561041217264403e+01
3.664779035787739048e+01
3.664997792756589234e+01
3.665217304862097336e+01
3.665437564732669529e+01
3.665658564884253678e+01
3.665880297718337744e+01
3.666102755522485523e+01
3.666325930473303174e+01
3.666549814640277560e+01
3.666774399990398337e+01
3.666999678391901085e+01
3.667225641612164111e+01
3.667452281309853390e+01
3.667679589027950016e+01
3.667907556191448037e+01
3.668136174108555991e+01
3.668365433973269774e+01
3.668595326867444584e+01
3.668825843761612049e+01
3.669056975515496788e+01
3.669288712879409076e+01
3.669521046495930960e+01
3.669753966900433539e+01
3.669987464520226439e+01
3.670221529672830485e+01
3.670456152563472330e+01
3.670691323282379415e+01
3.670927031803054064e+01
3.671163267982682754e+01
3.671400021565278138e+01
3.671637282186178908e+01
3.671875039375970573e+01
3.672113282563909564e+01
3.672352001080967199e+01
3.672591184160233979e+01
3.672830820932652074e+01
3.673070900419921259e+01
3.673311411530132631e+01
3.673552343059731840e+01
3.673793683698501411e+01
3.674035422031523979e+01
3.674277546537049233e+01
3.674520045583201266e+01
3.674762907424769764e+01
3.675006120199329018e+01
3.675249671923158701e+01
3.675493550489205319e+01
3.675737743667387036e+01
3.675982239104406801e+01
3.676227024321814696e+01
3.676472086715723009e+01
3.676717413562662529e+01
3.676962992032540001e+01
3.677208809208131868e+01
3.677454852111097949e+01
3.677701107731112984e+01
3.677947563052565982e+01
3.678194205078040113e+01
3.678441020851305865e+01
3.678687997480415817e+01
3.678935122157773208e+01
3.679182382172606935e+01
3.679429764916623924e+01
3.679677257891322029e+01
3.679924848721824304e+01
3.680172525170229392e+01
3.680420275139704245e+01
3.680668086671372663e+01
3.680915947942858679e+01
3.681163847271112388e+01
3.681411773115043218e+01
3.681659714077863299e+01
3.681907658913713277e+01
3.682155596537114661e+01
3.682403516029402368e+01
3.682651406640772507e+01
3.682899257789897263e+01
3.683147059061687401e+01
3.683394800203009112e+01
3.683642471118010775e+01
3.683890061865402288e+01
3.684137562656898268e+01
3.684384963853907635e+01
3.684632255962182512e+01
3.684879429628217906e+01
3.685126475640813482e+01
3.685373384937314256e+01
3.685620148612671443e+01
3.685866757928705795e+01
3.686113204321024028e+01
3.686359479404089967e+01
3.686605574971525101e+01
3.686851482984714323e+01
3.687097195554016338e+01
3.687342704926589221e+01
3.687588003484644616e+01
3.687833083746138385e+01
3.688077938362535946e+01
3.688322560114729498e+01
3.688566941908953822e+01
3.688811076773484388e+01
3.689054957858157735e+01
3.689298578438665999e+01
3.689541931923582752e+01
3.689785011859922292e+01
3.690027811935295432e+01
3.690270325977137844e+01
3.690512547950095268e+01
3.690754471951942151e+01
3.690996092208720825e+01
3.691237403071349377e+01
3.691478399015826284e+01
3.691719074647726018e+01
3.691959424708056758e+01
3.692199444073373371e+01
3.692439127746634853e+01
3.692678470844752781e+01
3.692917468592762020e+01
3.693156116329193850e+01
3.693394409517978971e+01
3.693632343759180259e+01
3.693869914795729414e+01
3.694107118516860311e+01
3.694343950959584788e+01
3.694580408309980868e+01
3.694816486903603447e+01
3.695052183221705633e+01
3.695287493882979390e+01
3.695522415637637437e+01
3.695756945369579682e+01
3.695991080103234339e+01
3.696224817010400443e+01
3.696458153413585279e+01
3.696691086779016189e+01
3.696923614700399696e+01
3.697155734888912093e+01
3.697387445179462873e+01
3.697618743541927699e+01
3.697849628080877693e+01
3.698080097024023161e+01
3.698310148711914991e+01
3.698539781595930265e+01
3.698768994239082275e+01
3.698997785311375708e+01
3.699226153582340970e+01
3.699454097920479256e+01
3.699681617300215919e+01
3.699908710807874712e+01
3.700135377642298806e+01
3.700361617112741186e+01
3.700587428635395781e+01
3.700812811725153750e+01
3.701037765982201222e+01
3.701262291078806044e+01
3.701486386749716218e+01
3.701710052785671223e+01
3.701933289029935992e+01
3.702156095377662126e+01
3.702378471774171942e+01
3.702600418206724697e+01
3.702821934690238947e+01
3.703043021254187295e+01
3.703263677935137821e+01
3.703483904771540125e+01
3.703703701795490844e+01
3.703923069020410708e+01
3.704142006426962297e+01
3.704360513949468015e+01
3.704578591463286585e+01
3.704796238772595984e+01
3.705013455598456318e+01
3.705230241568732907e+01
3.705446596211716326e+01
3.705662518953253937e+01
3.705878009115532734e+01
3.706093065916161322e+01
3.706307688468807982e+01
3.706521875787830567e+01
3.706735626795153848e+01
3.706948940324608088e+01
3.707161815122962878e+01
3.707374249850858661e+01
3.707586243085203392e+01
3.707797793321569912e+01
3.708008898975811007e+01
3.708219558386267778e+01
3.708429769817036714e+01
3.708639531460959660e+01
3.708848841441534461e+01
3.709057697814244392e+01
3.709266098567887582e+01
3.709474041626102547e+01
3.709681524848505063e+01
3.709888546030557421e+01
3.710095102902661779e+01
3.710301193129446773e+01
3.710506814309155743e+01
3.710711963974199534e+01
3.710916639595122035e+01
3.711120838586614212e+01
3.711324558310896293e+01
3.711527796075937147e+01
3.711730549129683965e+01
3.711932814652924151e+01
3.712134589753417657e+01
3.712335871463633907e+01
3.712536656742580021e+01
3.712736942479774171e+01
3.712936725499901769e+01
3.713136002567855343e+01
3.713334770393105089e+01
3.713533025632014528e+01
3.713730764887825586e+01
3.713927984709080476e+01
3.714124681586684318e+01
3.714320851948630775e+01
3.714516492152488070e+01
3.714711598477882859e+01
3.714906167123468350e+01
3.715100194212270424e+01
3.715293675804339557e+01
3.715486607914957062e+01
3.715678986537417927e+01
3.715870807662505371e+01
3.716062067285987780e+01
3.716252761408117067e+01
3.716442886035967064e+01
3.716632437192192384e+01
3.716821410926521452e+01
3.717009803327439954e+01
3.717197610533975904e+01
3.717384828746123304e+01
3.717571454232629691e+01
3.717757483336651347e+01
3.717942912478964956e+01
3.718127738157973994e+01
3.718311956946690344e+01
3.718495565487574339e+01
3.718678560487573748e+01
3.718860938717254072e+01
3.719042697016452337e+01
3.719223832303639909e+01
3.719404341583428675e+01
3.719584221951452463e+01
3.719763470599446009e+01
3.719942084820318939e+01
3.720120062011287132e+01
3.720297399674568339e+01
3.720474095415740123e+01
3.720650146941126479e+01
3.720825552056451357e+01
3.721000308666759082e+01
3.721174414776139372e+01
3.721347868486287780e+01
3.721520667994091269e+01
3.721692811590577321e+01
3.721864297662203569e+01
3.722035124691466734e+01
3.722205291255174586e+01
3.722374796022717902e+01
3.722543637755414636e+01
3.722711815304785432e+01
3.722879327609953748e+01
3.723046173698553218e+01
3.723212352692599580e+01
3.723377863814564392e+01
3.723542706389455503e+01
3.723706879844068851e+01
3.723870383706151443e+01
3.724033217603556523e+01
3.724195381262336468e+01
3.724356874503464354e+01
3.724517697237521929e+01
3.724677849458209522e+01
3.724837331238980198e+01
3.724996142733861859e+01
3.725154284177011021e+01
3.725311755876038688e+01
3.725468558199002445e+01
3.725624691558967072e+01
3.725780156401676635e+01
3.725934953198886035e+01
3.726089082444318024e+01
3.726242544646993338e+01
3.726395340320860328e+01
3.726547469974618565e+01
3.726698934103592364e+01
3.726849733181600755e+01
3.726999867651567655e+01
3.727149337915154348e+01
3.727298144322006124e+01
3.727446287159387595e+01
3.727593766642308282e+01
3.727740582903549438e+01
3.727886735983499022e+01
3.728032225820571455e+01
3.728177052243772494e+01
3.728321214968770647e+01
3.728464713597084312e+01
3.728607547617224327e+01
3.728749716407585169e+01
3.728891219240605182e+01
3.729032055286542402e+01
3.729172223616075144e+01
3.729311723202813766e+01
3.729450552926682860e+01
3.729588711577307691e+01
3.729726197855359260e+01
3.729863010370779364e+01
3.729999147638767454e+01
3.730134608075087499e+01
3.730269389991761386e+01
3.730403491593644816e+01
3.730536910975589393e+01
3.730669646120086469e+01
3.730801694896868526e+01
3.730933055065522552e+01
3.731063724279574956e+01
3.731193700089499998e+01
3.731322979943488605e+01
3.731451561186761268e+01
3.731579441061362701e+01
3.731706616707622715e+01
3.731833085166581299e+01
3.731958843381841007e+01
3.732083888199560562e+01
3.732208216366021958e+01
3.732331824523634367e+01
3.732454709207915045e+01
3.732576866847104924e+01
3.732698293763141351e+01
3.732818986171862718e+01
3.732938940181646359e+01
3.733058151790396550e+01
3.733176616881070942e+01
3.733294331216821149e+01
3.733411290437591390e+01
3.733527490059935161e+01
3.733642925479953334e+01
3.733757591977978052e+01
3.733871484724340206e+01
3.733984598786102538e+01
3.734096929135750287e+01
3.734208470661434376e+01
3.734319218173812516e+01
3.734429166405872991e+01
3.734538310009646978e+01
3.734646643557205437e+01
3.734754161550814189e+01
3.734860858441468423e+01
3.734966728648304723e+01
3.735071766571973484e+01
3.735175966603534192e+01
3.735279323132084528e+01
3.735381830548882931e+01
3.735483483245436531e+01
3.735584275606812099e+01
3.735684202003200483e+01
3.735783256782157480e+01
3.735881434262999079e+01
3.735978728734109211e+01
3.736075134452300972e+01
3.736170645641983157e+01
3.736265256492870890e+01
3.736358961156615521e+01
3.736451753743252624e+01
3.736543628317838284e+01
3.736634578897970016e+01
3.736724599455394724e+01
3.736813683925314677e+01
3.736901826220473311e+01
3.736989020242116055e+01
3.737075259885214251e+01
3.737160539041737195e+01
3.737244851605096585e+01
3.737328191476637329e+01
3.737410552575734357e+01
3.737491928854369405e+01
3.737572314311911015e+01
3.737651703004529224e+01
3.737730089049944127e+01
3.737807466630027875e+01
3.737883829991461937e+01
3.737959173447078598e+01
3.738033491380124218e+01
3.738106778247943396e+01
3.738179028581566143e+01
3.738250236983064667e+01
3.738320398124077570e+01
3.738389506745697588e+01
3.738457557658360031e+01
3.738524545741446303e+01
3.738590465942203167e+01
3.738655313274077940e+01
3.738719082816130168e+01
3.738781769714098857e+01
3.738843369180693088e+01
3.738903876491888667e+01
3.738963286979041811e+01
3.739021596019929916e+01
3.739078799031742051e+01
3.739134891467968913e+01
3.739189868821527085e+01
3.739243726633926457e+01
3.739296460504438357e+01
3.739348066092837541e+01
3.739398539116785258e+01
3.739447875349121375e+01
3.739496070614956835e+01
3.739543120785951658e+01
3.739589021777021571e+01
3.739633769554449572e+01
3.739677360153347507e+01
3.739719789692099283e+01
3.739761054379114569e+01
3.739801150519966200e+01
3.739840074530287950e+01
3.739877822950123232e+01
3.739914392453120939e+01
3.739949779846670452e+01
3.739983982065026424e+01
3.740016996162922425e+01
3.740048819312595185e+01
3.740079448796814177e+01
3.740108881992179590e+01
3.740137116351539959e+01
3.740164149398195548e+01
3.740189978730531095e+01
3.740214602028210322e+01
3.740238017057686903e+01
3.740260221678983754e+01
3.740281213853547371e+01
3.740300991650838114e+01
3.740319553251899976e+01
3.740336896950597634e+01
3.740353021153978119e+01
3.740367924382336895e+01
3.740381605269002563e+01
3.740394062558750932e+01
3.740405295102821270e+01
3.740415301850027419e+01
3.740424081835734427e+01
3.740431634172006170e+01
3.740437958044861233e+01
3.740443052720791428e+01
3.740446917555709661e+01
3.740449552002736766e+01
3.740450955622716833e+01
3.740451128096679412e+01
3.740450069234802299e+01
3.740447778979913807e+01
3.740444257407302331e+01
3.740439504724134423e+01
3.740433521270728079e+01
3.740426307523188143e+01
3.740417864096631462e+01
3.740408191747147271e+01
3.740397291368690702e+01
3.740385163985013861e+01
3.740371810741210368e+01
3.740357232898081463e+01
3.740341431829916985e+01
3.740324409024225361e+01
3.740306166081371231e+01
3.740286704714112176e+01
3.740266026746557060e+01
3.740244134110006513e+01
3.740221028836070616e+01
3.740196713052416300e+01
3.740171188985335959e+01
3.740144458962511465e+01
3.740116525402243752e+01
3.740087390786412413e+01
3.740057057629157100e+01
3.740025528455486636e+01
3.739992805797238162e+01
3.739958892202673724e+01
3.739923790248899138e+01
3.739887502551855647e+01
3.739850031776212091e+01
3.739811380645065242e+01
3.739771551947107753e+01
3.739730548542534905e+01
3.739688373368755236e+01
3.739645029444742619e+01
3.739600519873825846e+01
3.739554847845511887e+01
3.739508016637893206e+01
3.739460029622492243e+01
3.739410890269981991e+01
3.739360602152895297e+01
3.739309168942969563e+01
3.739256594403822476e+01
3.739202882382363669e+01
3.739148036803229047e+01
3.739092061668275591e+01
3.739034961056767514e+01
3.738976739118935200e+01
3.738917400064181606e+01
3.738856948151236992e+01
3.738795387680457338e+01
3.738732722987295176e+01
3.738668958445611423e+01
3.738604098484039184e+01
3.738538147603225070e+01
3.738471110384021756e+01
3.738402991487486560e+01
3.738333795650801505e+01
3.738263527683675846e+01
3.738192192469137609e+01
3.738119794968704923e+01
3.738046340228444109e+01
3.737971833380150599e+01
3.737896279631722507e+01
3.737819684248868413e+01
3.737742052538761328e+01
3.737663389841391393e+01
3.737583701527542246e+01
3.737502993003493401e+01
3.737421269719425254e+01
3.737338537173341990e+01
3.737254800906232077e+01
3.737170066486514486e+01
3.737084339483087092e+01
3.736997625437797410e+01
3.736909929850182976e+01
3.736821258174782656e+01
3.736731615829260278e+01
3.736641008213244675e+01
3.736549440732920857e+01
3.736456918826595341e+01
3.736363447986659025e+01
3.736269033775023019e+01
3.736173681836514504e+01
3.736077397909348718e+01
3.735980187823814447e+01
3.735882057489471464e+01
3.735783012874745879e+01
3.735683059980006249e+01
3.735582204815796814e+01
3.735480453397637746e+01
3.735377811749590649e+01
3.735274285906853464e+01
3.735169881924004898e+01
3.735064605895038170e+01
3.734958463974076892e+01
3.734851462384889942e+01
3.734743607420667644e+01
3.734634905438345243e+01
3.734525362850195762e+01
3.734414986114164492e+01
3.734303781721568072e+01
3.734191756188211286e+01
3.734078916055141661e+01
3.733965267887752759e+01
3.733850818263198335e+01
3.733735573753234149e+01
3.733619540910950718e+01
3.733502726267641947e+01
3.733385136344869437e+01
3.733266777672179160e+01
3.733147656791276603e+01
3.733027780240824001e+01
3.732907154534414929e+01
3.732785786146440188e+01
3.732663681507893472e+01
3.732540847007825846e+01
3.732417289002500382e+01
3.732293013832335760e+01
3.732168027838074664e+01
3.732042337369648521e+01
3.731915948787244730e+01
3.731788868456930430e+01
3.731661102743832004e+01
3.731532658004638137e+01
3.731403540579909617e+01
3.731273756785023465e+01
3.731143312898883124e+01
3.731012215152524902e+01
3.730880469720071346e+01
3.730748082711237856e+01
3.730615060162381269e+01
3.730481408024725454e+01
3.730347132151614176e+01
3.730212238286735271e+01
3.730076732053421296e+01
3.729940618944923614e+01
3.729803904315759411e+01
3.729666593373936223e+01
3.729528691174738242e+01
3.729390202617233285e+01
3.729251132443616257e+01
3.729111485240883184e+01
3.728971265443971816e+01
3.728830477338803462e+01
3.728689125064058629e+01
3.728547212611400141e+01
3.728404743824130918e+01
3.728261722395080824e+01
3.728118151865949415e+01
3.727974035629281957e+01
3.727829376931131833e+01
3.727684178872839738e+01
3.727538444413016094e+01
3.727392176369323096e+01
3.727245377416073779e+01
3.727098050075689883e+01
3.726950196708511243e+01
3.726801819506886915e+01
3.726652920497549815e+01
3.726503501555677644e+01
3.726353564426850085e+01
3.726203110745009184e+01
3.726052142041071846e+01
3.725900659748422328e+01
3.725748665212402244e+01
3.725596159701263588e+01
3.725443144409518226e+01
3.725289620452434036e+01
3.725135588860813840e+01
3.724981050582796627e+01
3.724826006489939800e+01
3.724670457383111000e+01
3.724514404000717605e+01
3.724357847034826108e+01
3.724200787152057046e+01
3.724043225007856250e+01
3.723885161248199438e+01
3.723726596506526931e+01
3.723567531411784159e+01
3.723407966609511277e+01
3.723247902775732143e+01
3.723087340611062501e+01
3.722926280825961953e+01
3.722764724129974212e+01
3.722602671226717774e+01
3.722440122810439789e+01
3.722277079557984081e+01
3.722113542113462614e+01
3.721949511073309935e+01
3.721784986982741827e+01
3.721619970341952666e+01
3.721454461611143216e+01
3.721288461211850773e+01
3.721121969530423002e+01
3.720954986925190155e+01
3.720787513733934304e+01
3.720619550282039967e+01
3.720451096894636578e+01
3.720282153904950206e+01
3.720112721644527909e+01
3.719942800421977580e+01
3.719772390513682581e+01
3.719601492174977153e+01
3.719430105659604635e+01
3.719258231231570733e+01
3.719085869165415659e+01
3.718913019742873871e+01
3.718739683248372074e+01
3.718565859956634512e+01
3.718391550115516253e+01
3.718216753938774843e+01
3.718041471611892490e+01
3.717865703300825686e+01
3.717689449159482251e+01
3.717512709333896481e+01
3.717335483956267694e+01
3.717157773133838106e+01
3.716979576952677178e+01
3.716800895506986535e+01
3.716621728940481972e+01
3.716442077475998218e+01
3.716261941420049197e+01
3.716081321146550209e+01
3.715900217073622969e+01
3.715718629649264670e+01
3.715536559354845281e+01
3.715354006714937185e+01
3.715170972290976437e+01
3.714987456659040532e+01
3.714803460396014856e+01
3.714618984082992625e+01
3.714434028309946001e+01
3.714248593675038279e+01
3.714062680789589166e+01
3.713876290290054527e+01
3.713689422843475541e+01
3.713502079139978207e+01
3.713314259884103308e+01
3.713125965801721406e+01
3.712937197662632371e+01
3.712747956303361718e+01
3.712558242640895401e+01
3.712368057674925126e+01
3.712177402472558896e+01
3.711986278139293916e+01
3.711794685794087201e+01
3.711602626558838836e+01
3.711410101558885088e+01
3.711217111927880552e+01
3.711023658810723447e+01
3.710829743359864352e+01
3.710635366728204332e+01
3.710440530068326126e+01
3.710245234539711845e+01
3.710049481316840314e+01
3.709853271597285840e+01
3.709656606611664387e+01
3.709459487629396790e+01
3.709261915955017486e+01
3.709063892922740280e+01
3.708865419901047034e+01
3.708666498302643078e+01
3.708467129583985411e+01
3.708267315231665151e+01
3.708067056745766621e+01
3.707866355624985744e+01
3.707665213350183109e+01
3.707463631369503076e+01
3.707261611096839005e+01
3.707059153927436057e+01
3.706856261264024255e+01
3.706652934545378741e+01
3.706449175266511986e+01
3.706244984982495083e+01
3.706040365300690098e+01
3.705835317871230927e+01
3.705629844378574234e+01
3.705423946530617485e+01
3.705217626042361445e+01
3.705010884616653755e+01
3.704803723929602910e+01
3.704596145628469372e+01
3.704388151347570357e+01
3.704179742739290049e+01
3.703970921501092306e+01
3.703761689383056677e+01
3.703552048188395673e+01
3.703341999780017346e+01
3.703131546082702386e+01
3.702920689078071348e+01
3.702709430803844981e+01
3.702497773355924693e+01
3.702285718883558019e+01
3.702073269578078651e+01
3.701860427666026254e+01
3.701647195414738434e+01
3.701433575145738075e+01
3.701219569243731655e+01
3.701005180151586416e+01
3.700790410348260195e+01
3.700575262316306180e+01
3.700359738518343988e+01
3.700143841400509359e+01
3.699927573415880033e+01
3.699710937046337023e+01
3.699493934817708407e+01
3.699276569317156316e+01
3.699058843213579451e+01
3.698840759268473022e+01
3.698622320323993051e+01
3.698403529272029289e+01
3.698184389024055463e+01
3.697964902495591843e+01
3.697745072604892869e+01
3.697524902282247439e+01
3.697304394487760248e+01
3.697083552231664072e+01
3.696862378591028886e+01
3.696640876723060387e+01
3.696419049871581564e+01
3.696196901356078257e+01
3.695974434543796150e+01
3.695751652822522004e+01
3.695528559589725148e+01
3.695305158255925448e+01
3.695081452247672615e+01
3.694857445001949969e+01
3.694633139960971135e+01
3.694408540579057387e+01
3.694183650339544300e+01
3.693958472774811952e+01
3.693733011484360418e+01
3.693507270140423770e+01
3.693281252474488241e+01
3.693054962261280849e+01
3.692828403324670461e+01
3.692601579556627911e+01
3.692374494919916827e+01
3.692147153437440465e+01
3.691919559190937861e+01
3.691691716327476769e+01
3.691463629059710883e+01
3.691235301657660273e+01
3.691006738434557377e+01
3.690777943728397759e+01
3.690548921885837785e+01
3.690319677259626019e+01
3.690090214223669562e+01
3.689860537191610490e+01
3.689630650619711361e+01
3.689400558995041024e+01
3.689170266826574363e+01
3.688939778652959234e+01
3.688709099070050002e+01
3.688478232766335196e+01
3.688247184543458701e+01
3.688015959313174363e+01
3.687784562083676576e+01
3.687552997948562705e+01
3.687321272079500289e+01
3.687089389717527155e+01
3.686857356159971744e+01
3.686625176747175203e+01
3.686392856860808820e+01
3.686160401939918074e+01
3.685927817502327031e+01
3.685695109150452708e+01
3.685462282552381907e+01
3.685229343411356240e+01
3.684996297444995150e+01
3.684763150378547181e+01
3.684529907944282456e+01
3.684296575885552727e+01
3.684063159967581669e+01
3.683829665992536206e+01
3.683596099812066171e+01
3.683362467330495349e+01
3.683128774502162628e+01
3.682895027336172689e+01
3.682661231910979893e+01
3.682427394389365105e+01
3.682193521032046846e+01
3.681959618207885399e+01
3.681725692388791771e+01
3.681491750128953555e+01
3.681257798043868235e+01
3.681023842797264223e+01
3.680789891091041710e+01
3.680555949655411752e+01
3.680322025244386452e+01
3.680088124640727187e+01
3.679854254666435054e+01
3.679620422189739770e+01
3.679386634122352007e+01
3.679152897412515699e+01
3.678919219046350264e+01
3.678685606062045821e+01
3.678452065570780860e+01
3.678218604774134803e+01
3.677985230971170694e+01
3.677751951554417786e+01
3.677518773996790458e+01
3.677285705832278495e+01
3.677052754634194542e+01
3.676819927997227211e+01
3.676587233528157128e+01
3.676354678843203772e+01
3.676122271568873145e+01
3.675890019346897475e+01
3.675657929842004279e+01
3.675426010749190198e+01
3.675194269799832369e+01
3.674962714765556626e+01
3.674731353455870675e+01
3.674500193710049700e+01
3.674269243390484263e+01
3.674038510381191003e+01
3.673808002587876587e+01
3.673577727936158510e+01
3.673347694369292071e+01
3.673117909847847073e+01
3.672888382348994440e+01
3.672659119860730215e+01
3.672430130372782031e+01
3.672201421871220361e+01
3.671973002338425829e+01
3.671744879752957047e+01
3.671517062085523975e+01
3.671289557293305705e+01
3.671062373316601679e+01
3.670835518078991555e+01
3.670608999488859325e+01
3.670382825439455132e+01
3.670157003807493368e+01
3.669931542451655559e+01
3.669706449209239452e+01
3.669481731887842102e+01
3.669257398252657509e+01
3.669033456012992644e+01
3.668809912810444018e+01
3.668586776208627498e+01
3.668364053683298209e+01
3.668141752613054507e+01
3.667919880272769007e+01
3.667698443831014998e+01
3.667477450350116186e+01
3.667256906786690251e+01
3.667036819991503904e+01
3.666817196708453253e+01
3.666598043573250010e+01
3.666379367112403997e+01
3.666161173742780477e+01
3.665943469772626884e+01
3.665726261404149966e+01
3.665509554735805153e+01
3.665293355763022731e+01
3.665077670378062180e+01
3.664862504370053387e+01
3.664647863425627605e+01
3.664433753129835480e+01
3.664220178966872510e+01
3.664007146320607688e+01
3.663794660475496556e+01
3.663582726618382424e+01
3.663371349840769398e+01
3.663160535141003749e+01
3.662950287427333507e+01
3.662740611523398115e+01
3.662531512175279858e+01
3.662322994057183223e+01
3.662115061773521063e+01
3.661907719856505850e+01
3.661700972760144879e+01
3.661494824853744490e+01
3.661289280417751257e+01
3.661084343642711048e+01
3.660880018631241484e+01
3.660676309401181072e+01
3.660473219887169449e+01
3.660270753941259869e+01
3.660068915334308315e+01
3.659867707757062760e+01
3.659667134819998324e+01
3.659467200053137503e+01
3.659267906907244594e+01
3.659069258756665022e+01
3.658871258903632651e+01
3.658673910584229816e+01
3.658477216975317248e+01
3.658281181199617293e+01
3.658085806327771650e+01
3.657891095380595914e+01
3.657697051334257310e+01
3.657503677126028663e+01
3.657310975656442764e+01
3.657118949787162165e+01
3.656927602337572125e+01
3.656736936083137124e+01
3.656546953755891138e+01
3.656357658045320136e+01
3.656169051597682085e+01
3.655981137012992122e+01
3.655793916840249835e+01
3.655607393572864083e+01
3.655421569647091218e+01
3.655236447444372772e+01
3.655052029294935068e+01
3.654868317481392381e+01
3.654685314246242456e+01
3.654503021805205520e+01
3.654321442360852501e+01
3.654140578111075399e+01
3.653960431252970409e+01
3.653781003984876463e+01
3.653602298507725266e+01
3.653424317025712043e+01
3.653247061746282043e+01
3.653070534879919506e+01
3.652894738640620886e+01
3.652719675247433173e+01
3.652545346926287806e+01
3.652371755911151752e+01
3.652198904444296090e+01
3.652026794775596841e+01
3.651855429160561783e+01
3.651684809855822778e+01
3.651514939108789548e+01
3.651345819141353388e+01
3.651177452135150503e+01
3.651009840225106018e+01
3.650842985498817228e+01
3.650676889995259700e+01
3.650511555700271060e+01
3.650346984541356221e+01
3.650183178387360527e+01
3.650020139056032775e+01
3.649857868324895804e+01
3.649696367939294817e+01
3.649535639616939164e+01
3.649375685051558804e+01
3.649216505919489606e+01
3.649058103893752758e+01
3.648900480665344759e+01
3.648743637963842446e+01
3.648587577571677798e+01
3.648432301334607786e+01
3.648277811169849372e+01
3.648124109067683918e+01
3.647971197084100936e+01
3.647819077328666282e+01
3.647667751957552440e+01
3.647517223178842727e+01
3.647367493264744809e+01
3.647218564560301957e+01
3.647070439485086979e+01
3.646923120529831408e+01
3.646776610251102113e+01
3.646630911266564823e+01
3.646486026250925505e+01
3.646341957931871747e+01
3.646198709086890233e+01
3.646056282542414806e+01
3.645914681173862704e+01
3.645773907901661914e+01
3.645633965684069722e+01
3.645494857515446796e+01
3.645356586430952461e+01
3.645219155507738407e+01
3.645082567858831624e+01
3.644946826625456993e+01
3.644811934971211542e+01
3.644677896076238000e+01
3.644544713131978853e+01
3.644412389342943470e+01
3.644280927935292880e+01
3.644150332160359795e+01
3.644020605289200887e+01
3.643891750607153313e+01
3.643763771413060226e+01
3.643636671020447437e+01
3.643510452757918472e+01
3.643385119967596353e+01
3.643260676000743814e+01
3.643137124209874145e+01
3.643014467937839385e+01
3.642892710506040999e+01
3.642771855204101428e+01
3.642651905281094571e+01
3.642532863936767029e+01
3.642414734312475844e+01
3.642297519482505663e+01
3.642181222445976374e+01
3.642065846120694061e+01
3.641951393340990961e+01
3.641837866858395500e+01
3.641725269341421267e+01
3.641613603372915975e+01
3.641502871447025314e+01
3.641393075969853754e+01
3.641284219266648847e+01
3.641176303592786212e+01
3.641069331142511345e+01
3.640963304053490646e+01
3.640858224409608113e+01
3.640754094243372663e+01
3.640650915537150922e+01
3.640548690222553319e+01
3.640447420177960680e+01
3.640347107224890522e+01
3.640247753124933894e+01
3.640149359579136501e+01
3.640051928229613054e+01
3.639955460661162334e+01
3.639859958400931106e+01
3.639765422916424598e+01
3.639671855614871276e+01
3.639579257846003202e+01
3.639487630905611582e+01
3.639396976036857723e+01
3.639307294431002759e+01
3.639218587231055579e+01
3.639130855538144260e+01
3.639044100417014960e+01
3.638958322898406550e+01
3.638873523978506341e+01
3.638789704615866327e+01
3.638706865725597339e+01
3.638625008171411679e+01
3.638544132757860439e+01
3.638464240224426050e+01
3.638385331240969123e+01
3.638307406406297417e+01
3.638230466254519513e+01
3.638154511267928370e+01
3.638079541887449864e+01
3.638005558514898041e+01
3.637932561510370988e+01
3.637860551190802738e+01
3.637789527830469183e+01
3.637719491660223525e+01
3.637650442864293154e+01
3.637582381575910517e+01
3.637515307872742198e+01
3.637449221772127572e+01
3.637384123225726995e+01
3.637320012113875833e+01
3.637256888239940622e+01
3.637194751322238062e+01
3.637133600981466230e+01
3.637073436729114917e+01
3.637014257965123676e+01
3.636956063984991516e+01
3.636898853990096114e+01
3.636842627096355329e+01
3.636787382340261132e+01
3.636733118684126964e+01
3.636679835021145379e+01
3.636627530177513279e+01
3.636576202909988353e+01
3.636525851901094342e+01
3.636476475755308257e+01
3.636428072999817829e+01
3.636380642093564575e+01
3.636334181442024516e+01
3.636288689410044839e+01
3.636244164329804107e+01
3.636200604505172862e+01
3.636158008213045179e+01
3.636116373702535043e+01
3.636075699193282418e+01
3.636035982873770678e+01
3.635997222900510906e+01
3.635959417399272553e+01
3.635922564468847895e+01
3.635886662185685481e+01
3.635851708606969623e+01
3.635817701771065202e+01
3.635784639695235398e+01
3.635752520371115537e+01
3.635721341759602154e+01
3.635691101787103463e+01
3.635661798343737416e+01
3.635633429282795248e+01
3.635605992420590837e+01
3.635579485536310784e+01
3.635553906372739874e+01
3.635529252639124564e+01
3.635505522014918967e+01
3.635482712151474516e+01
3.635460820671788440e+01
3.635439845170927242e+01
3.635419783218009115e+01
3.635400632358866346e+01
3.635382390118220997e+01
3.635365054000101281e+01
3.635348621487094078e+01
3.635333090040956705e+01
3.635318457104489909e+01
3.635304720101076725e+01
3.635291876430518698e+01
3.635279923464087659e+01
3.635268858541719084e+01
3.635258678972033408e+01
3.635249382035469523e+01
3.635240964990825319e+01
3.635233425083654168e+01
3.635226759553188458e+01
3.635220965634596269e+01
3.635216040555773986e+01
3.635211981532292214e+01
3.635208785765941286e+01
3.635206450449219773e+01
3.635204972773910015e+01
3.635204349939360924e+01
3.635204579156778948e+01
3.635205657649908062e+01
3.635207582654741287e+01
3.635210351419416241e+01
3.635213961204021871e+01
3.635218409279519847e+01
3.635223692925303141e+01
3.635229809426076741e+01
3.635236756069117803e+01
3.635244530142122699e+01
3.635253128930958866e+01
3.635262549717018032e+01
3.635272789775260804e+01
3.635283846373415884e+01
3.635295716770507113e+01
3.635308398212843883e+01
3.635321887928056128e+01
3.635336183119037656e+01
3.635351280958761322e+01
3.635367178585972425e+01
3.635383873102144747e+01
3.635401361571746293e+01
3.635419641027768733e+01
3.635438708480658221e+01
3.635458560927057903e+01
3.635479195357080329e+01
3.635500608759343777e+01
3.635522798122305232e+01
3.635545760431885753e+01
3.635569492666275693e+01
3.635593991789078672e+01
3.635619254743625106e+01
3.635645278450402174e+01
3.635672059805748546e+01
3.635699595679570706e+01
3.635727882912966891e+01
3.635756918316915431e+01
3.635786698666289141e+01
3.635817220679061279e+01
3.635848480985966802e+01
3.635880476112235016e+01
3.635913202480175954e+01
3.635946656421691614e+01
3.635980834190792876e+01
3.636015731973873244e+01
3.636051345898033560e+01
3.636087672038916452e+01
3.636124706428930864e+01
3.636162445064502435e+01
3.636200883910593262e+01
3.636240018901616367e+01
3.636279845939037614e+01
3.636320360888295511e+01
3.636361559577962765e+01
3.636403437800849048e+01
3.636445991315689952e+01
3.636489215850786394e+01
3.636533107111044671e+01
3.636577660784438848e+01
3.636622872541259710e+01
3.636668738026349246e+01
3.636715252851141855e+01
3.636762412590180560e+01
3.636810212782022234e+01
3.636858648931691818e+01
3.636907716511197464e+01
3.636957410957016634e+01
3.637007727666026824e+01
3.637058661991530784e+01
3.637110209240257319e+01
3.637162364670236769e+01
3.637215123489548319e+01
3.637268480856243258e+01
3.637322431878452988e+01
3.637376971613433341e+01
3.637432095066795767e+01
3.637487797195052508e+01
3.637544072911668991e+01
3.637600917092918706e+01
3.637658324581399683e+01
3.637716290188477331e+01
3.637774808696243412e+01
3.637833874857324901e+01
3.637893483390411120e+01
3.637953628969543018e+01
3.638014306207755055e+01
3.638075509643243777e+01
3.638137233739274734e+01
3.638199472898407549e+01
3.638262221482462166e+01
3.638325473833759105e+01
3.638389224297910829e+01
3.638453467246811357e+01
3.638518197098015605e+01
3.638583408327793478e+01
3.638649095478818651e+01
3.638715253164063057e+01
3.638781876068738796e+01
3.638848958955941981e+01
3.638916496675511780e+01
3.638984484164803490e+01
3.639052916439521113e+01
3.639121788586989226e+01
3.639191095768480722e+01
3.639260833229049297e+01
3.639330996313877620e+01
3.639401580486193666e+01
3.639472581338361579e+01
3.639543994595084797e+01
3.639615816112614510e+01
3.639688041875908198e+01
3.639760667998129406e+01
3.639833690727646598e+01
3.639907106460969999e+01
3.639980911756865822e+01
3.640055103346951171e+01
3.640129678138991665e+01
3.640204633215809338e+01
3.640279965836825227e+01
3.640355673442810058e+01
3.640431753657425418e+01
3.640508204281356797e+01
3.640585023281382604e+01
3.640662208779542652e+01
3.640739759047850299e+01
3.640817672511974479e+01
3.640895947762419382e+01
3.640974583570279322e+01
3.641053578905527388e+01
3.641132932952089618e+01
3.641212645112202750e+01
3.641292715000736280e+01
3.641373142437668520e+01
3.641453927442697847e+01
3.641535070229664228e+01
3.641616571200288632e+01
3.641698430939268150e+01
3.641780650209964421e+01
3.641863229948430813e+01
3.641946171256952169e+01
3.642029475400214977e+01
3.642113143804299114e+01
3.642197178056842688e+01
3.642281579907592715e+01
3.642366351267789071e+01
3.642451494207107743e+01
3.642537010950412224e+01
3.642622903876744545e+01
3.642709175517634179e+01
3.642795828548389636e+01
3.642882865771893819e+01
3.642970290103369990e+01
3.643058104561868049e+01
3.643146312264477871e+01
3.643234916419766023e+01
3.643323920323835807e+01
3.643413327362334542e+01
3.643503141015086300e+01
3.643593364856539552e+01
3.643684002549195355e+01
3.643775057831584263e+01
3.643866534502637933e+01
3.643958436404398071e+01
3.644050767405514790e+01
3.644143531387072699e+01
3.644236732231246378e+01
3.644330373812973534e+01
3.644424459994256438e+01
3.644518994619924257e+01
3.644613981513784751e+01
3.644709424474289960e+01
3.644805327268932160e+01
3.644901693627276984e+01
3.644998527233701680e+01
3.645095831721595658e+01
3.645193610669801387e+01
3.645291867601778790e+01
3.645390605989059907e+01
3.645489829258299608e+01
3.645589540798432182e+01
3.645689743967333385e+01
3.645790442099848150e+01
3.645891638514938649e+01
3.645993336517573624e+01
3.646095539396038987e+01
3.646198250419344333e+01
3.646301472837743063e+01
3.646405209885593734e+01
3.646509464783439824e+01
3.646614240737945067e+01
3.646719540941048621e+01
3.646825368569413683e+01
3.646931726784553973e+01
3.647038618734128335e+01
3.647146047554313242e+01
3.647254016372357910e+01
3.647362528308076435e+01
3.647471586473287886e+01
3.647581193968920132e+01
3.647691353879579879e+01
3.647802069265492264e+01
3.647913343154242938e+01
3.648025178537199054e+01
3.648137578370694456e+01
3.648250545575566406e+01
3.648364083031232497e+01
3.648478193566457151e+01
3.648592879950016510e+01
3.648708144884479054e+01
3.648823991006420187e+01
3.648940420891988623e+01
3.649057437062081277e+01
3.649175041983821899e+01
3.649293238069692080e+01
3.649412027676669368e+01
3.649531413106821987e+01
3.649651396609265674e+01
3.649771980382510606e+01
3.649893166577197690e+01
3.650014957299221408e+01
3.650137354612268581e+01
3.650260360539479620e+01
3.650383977064524288e+01
3.650508206131700462e+01
3.650633049645062300e+01
3.650758509467542723e+01
3.650884587420566163e+01
3.651011285283752983e+01
3.651138604794725495e+01
3.651266547650759975e+01
3.651395115514139889e+01
3.651524310018970709e+01
3.651654132774193329e+01
3.651784585359879287e+01
3.651915669318938029e+01
3.652047386150198349e+01
3.652179737306347818e+01
3.652312724194315052e+01
3.652446348175647017e+01
3.652580610568151087e+01
3.652715512649684371e+01
3.652851055662518576e+01
3.652987240816444370e+01
3.653124069290117859e+01
3.653261542231627601e+01
3.653399660759256307e+01
3.653538425962433678e+01
3.653677838903665531e+01
3.653817900623284487e+01
3.653958612145955698e+01
3.654099974484743285e+01
3.654241988640988126e+01
3.654384655601946719e+01
3.654527976338521000e+01
3.654671951803869945e+01
3.654816582932209457e+01
3.654961870637421129e+01
3.655107815811949479e+01
3.655254419325308390e+01
3.655401682020153942e+01
3.655549604705819178e+01
3.655698188152047123e+01
3.655847433085251907e+01
3.655997340187803246e+01
3.656147910099250709e+01
3.656299143416774911e+01
3.656451040692710563e+01
3.656603602430610067e+01
3.656756829082863902e+01
3.656910721049877822e+01
3.657065278678765452e+01
3.657220502261155559e+01
3.657376392030811019e+01
3.657532948159878572e+01
3.657690170751439496e+01
3.657848059830106990e+01
3.658006615336717005e+01
3.658165837130419362e+01
3.658325724996613815e+01
3.658486278656830848e+01
3.658647497776278357e+01
3.658809381967972030e+01
3.658971930796480621e+01
3.659135143783514366e+01
3.659299020413715198e+01
3.659463560138295435e+01
3.659628762376732425e+01
3.659794626517488325e+01
3.659961151917844546e+01
3.660128337902965967e+01
3.660296183764080524e+01
3.660464688754422014e+01
3.660633852081267747e+01
3.660803672895163174e+01
3.660974150280593165e+01
3.661145283251335769e+01
3.661317070750880021e+01
3.661489511658390938e+01
3.661662604799061427e+01
3.661836348953193010e+01
3.662010742859725809e+01
3.662185785215677924e+01
3.662361474674797535e+01
3.662537809847781034e+01
3.662714789305795904e+01
3.662892411588391184e+01
3.663070675214223826e+01
3.663249578689165986e+01
3.663429120507091596e+01
3.663609299144538767e+01
3.663790113054287900e+01
3.663971560662550786e+01
3.664153640372098408e+01
3.664336350569769962e+01
3.664519689632326305e+01
3.664703655925872994e+01
3.664888247802943511e+01
3.665073463607669169e+01
3.665259301693608762e+01
3.665445760446839785e+01
3.665632838304368590e+01
3.665820533765043621e+01
3.666008845394915028e+01
3.666197771830155716e+01
3.666387311780370339e+01
3.666577464030640243e+01
3.666768227437722061e+01
3.666959600921568097e+01
3.667151583458112185e+01
3.667344174076536945e+01
3.667537371863064521e+01
3.667731175972444646e+01
3.667925585642168329e+01
3.668120600202488646e+01
3.668316219081089002e+01
3.668512441805209789e+01
3.668709268003588164e+01
3.668906697409073558e+01
3.669104729861145131e+01
3.669303365306091536e+01
3.669502603792708584e+01
3.669702445464096741e+01
3.669902890549757757e+01
3.670103939360993195e+01
3.670305592286795360e+01
3.670507849786810084e+01
3.670710712384886421e+01
3.670914180667497106e+01
3.671118255281763965e+01
3.671322936924329383e+01
3.671528226321262167e+01
3.671734124205922001e+01
3.671940631299057145e+01
3.672147748291925495e+01
3.672355475833210647e+01
3.672563814521299008e+01
3.672772764902002507e+01
3.672982327468432118e+01
3.673192502659210845e+01
3.673403290854736980e+01
3.673614692373448776e+01
3.673826707468862196e+01
3.674039336326519845e+01
3.674252579059659496e+01
3.674466435704115241e+01
3.674680906214769749e+01
3.674895990464924722e+01
3.675111688248895092e+01
3.675327999287513592e+01
3.675544923232958183e+01
3.675762459668805349e+01
3.675980608106185343e+01
3.676199367979351962e+01
3.676418738642226458e+01
3.676638719366204100e+01
3.676859309339906901e+01
3.677080507671477960e+01
3.677302313391447086e+01
3.677524725452776977e+01
3.677747742727691360e+01
3.677971364003922616e+01
3.678195587982411041e+01
3.678420413276375456e+01
3.678645838410280788e+01
3.678871861817830080e+01
3.679098481839572088e+01
3.679325696721179639e+01
3.679553504613004122e+01
3.679781903570690105e+01
3.680010891555799901e+01
3.680240466434965896e+01
3.680470625977491750e+01
3.680701367852848449e+01
3.680932689628954080e+01
3.681164588770840140e+01
3.681397062639607043e+01
3.681630108492647935e+01
3.681863723485724904e+01
3.682097904676884781e+01
3.682332649031947369e+01
3.682567953429103369e+01
3.682803814659135355e+01
3.683040229418231348e+01
3.683277194291154188e+01
3.683514705729152183e+01
3.683752760033126350e+01
3.683991353346734599e+01
3.684230481656118172e+01
3.684470140792447523e+01
3.684710326435162386e+01
3.684951034115389490e+01
3.685192259220443134e+01
3.685433996999293527e+01
3.685676242568327865e+01
3.685918990917109284e+01
3.686162236913164492e+01
3.686405975305206084e+01
3.686650200726359117e+01
3.686894907699336699e+01
3.687140090642969881e+01
3.687385743878942179e+01
3.687631861639489017e+01
3.687878438075590992e+01
3.688125467263208890e+01
3.688372943206605470e+01
3.688620859839516442e+01
3.688869211025544814e+01
3.689117990558847282e+01
3.689367192165108378e+01
3.689616809502031458e+01
3.689866836158461183e+01
3.690117265652050094e+01
3.690368091426623920e+01
3.690619306850626913e+01
3.690870905216726072e+01
3.691122879741521245e+01
3.691375223564272545e+01
3.691627929744467451e+01
3.691880991259276357e+01
3.692134401002485333e+01
3.692388151785070249e+01
3.692642236336850203e+01
3.692896647310376324e+01
3.693151377289694182e+01
3.693406418806114999e+01
3.693661764359542587e+01
3.693917406438630024e+01
3.694173337534895296e+01
3.694429550154108455e+01
3.694686036828753117e+01
3.694942790127171861e+01
3.695199802654138921e+01
3.695457067046762489e+01
3.695714575972718308e+01
3.695972322130919707e+01
3.696230298251797564e+01
3.696488497099043258e+01
3.696746911475245412e+01
3.697005534228696177e+01
3.697264358258539829e+01
3.697523376520216232e+01
3.697782582032750298e+01
3.698041967885657044e+01
3.698301527243697251e+01
3.698561253350275990e+01
3.698821139530930679e+01
3.699081179198089586e+01
3.699341365857097941e+01
3.699601693110876965e+01
3.699862154659615499e+01
3.700122744296371735e+01
3.700383455903742913e+01
3.700644283454143135e+01
3.700905221012025947e+01
3.701166262736690271e+01
3.701427402886164231e+01
3.701688635820885764e+01
3.701949956003785758e+01
3.702211357997150998e+01
3.702472836460366779e+01
3.702734386151555412e+01
3.702996001934668868e+01
3.703257678788725116e+01
3.703519411812174411e+01
3.703781196222489314e+01
3.704043027356245688e+01
3.704304900670175016e+01
3.704566811741241850e+01
3.704828756265850132e+01
3.705090730058262238e+01
3.705352729047660887e+01
3.705614749273938457e+01
3.705876786883394658e+01
3.706138838127060353e+01
3.706400899362825641e+01
3.706662967057851432e+01
3.706925037789234523e+01
3.707187108245646812e+01
3.707449175231013072e+01
3.707711235668394067e+01
3.707973286602301499e+01
3.708235325198195653e+01
3.708497348740805677e+01
3.708759354634896255e+01
3.709021340407972644e+01
3.709283303711723079e+01
3.709545242322877812e+01
3.709807154147084418e+01
3.710069037224933908e+01
3.710330889734178328e+01
3.710592709984939574e+01
3.710854496410243542e+01
3.711116247556259395e+01
3.711377962075464154e+01
3.711639638723115553e+01
3.711901276356456236e+01
3.712162873936446772e+01
3.712424430530477082e+01
3.712685945313807423e+01
3.712947417568969399e+01
3.713208846684283060e+01
3.713470232154133299e+01
3.713731573582263934e+01
3.713992870685754610e+01
3.714254123297046561e+01
3.714515331364606965e+01
3.714776494953596142e+01
3.715037614245360231e+01
3.715298689534492382e+01
3.715559721225793766e+01
3.715820709833285918e+01
3.716081655978537412e+01
3.716342560384505589e+01
3.716603423864516031e+01
3.716864247309582225e+01
3.717125031679228186e+01
3.717385777998747898e+01
3.717646487361526653e+01
3.717907160933405208e+01
3.718167799954707675e+01
3.718428405733313724e+01
3.718688979625935076e+01
3.718949523014331504e+01
3.719210037286787696e+01
3.719470523828746167e+01
3.719730984018111286e+01
3.719991419218028739e+01
3.720251830763715617e+01
3.720512219945302235e+01
3.720772587991255875e+01
3.721032936056869289e+01
3.721293265219178892e+01
3.721553576475683656e+01
3.721813870744230002e+01
3.722074148863971033e+01
3.722334411597591242e+01
3.722594659633821834e+01
3.722854893589568093e+01
3.723115114011745419e+01
3.723375321378821212e+01
3.723635516101772680e+01
3.723895698523583775e+01
3.724155868916306389e+01
3.724416027476370772e+01
3.724676174320380539e+01
3.724936309482853858e+01
3.725196432915141287e+01
3.725456544483845533e+01
3.725716643968470976e+01
3.725976731059071057e+01
3.726236805354184156e+01
3.726496866358578330e+01
3.726756913479339772e+01
3.727016946018942178e+01
3.727276963167045665e+01
3.727536963994638342e+01
3.727796947451489018e+01
3.728056912365545372e+01
3.728316857443113719e+01
3.728576781270498230e+01
3.728836682320320506e+01
3.729096558963190233e+01
3.729356409478892687e+01
3.729616232061147230e+01
3.729876024816034175e+01
3.730135785757495626e+01
3.730395512802157754e+01
3.730655203764059991e+01
3.730914856350154452e+01
3.731174468158343416e+01
3.731434036678828647e+01
3.731693559296921592e+01
3.731953033294586675e+01
3.732212455850427091e+01
3.732471824039668462e+01
3.732731134834341447e+01
3.732990385102582565e+01
3.733249571606867789e+01
3.733508691001465252e+01
3.733767739829206533e+01
3.734026714518647339e+01
3.734285611383565850e+01
3.734544426625286206e+01
3.734803156334616148e+01
3.735061796489590336e+01
3.735320342952434203e+01
3.735578791473356119e+01
3.735837137700560362e+01
3.736095377188811284e+01
3.736353505402242803e+01
3.736611517712495356e+01
3.736869409397144892e+01
3.737127175645144916e+01
3.737384811569573628e+01
3.737642312220872753e+01
3.737899672596476108e+01
3.738156887647425464e+01
3.738413952283030284e+01
3.738670861374269094e+01
3.738927609755823767e+01
3.739184192226067438e+01
3.739440603544814934e+01
3.739696838428927350e+01
3.739952891544804459e+01
3.740208757495902603e+01
3.740464430807043783e+01
3.740719905912621357e+01
3.740975177153181619e+01
3.741230238776581274e+01
3.741485084938273786e+01
3.741739709700035377e+01
3.741994107028885708e+01
3.742248270796886089e+01
3.742502194782103686e+01
3.742755872671823880e+01
3.743009298067413226e+01
3.743262464487917640e+01
3.743515365371225556e+01
3.743767994074158167e+01
3.744020343872568901e+01
3.744272407963573102e+01
3.744524179473437897e+01
3.744775651469560529e+01
3.745026816971082440e+01
3.745277668956874351e+01
3.745528200371477112e+01
3.745778404128316197e+01
3.746028273112327867e+01
3.746277800185513485e+01
3.746526978194926727e+01
3.746775799979783983e+01
3.747024258376632844e+01
3.747272346224121975e+01
3.747520056367778807e+01
3.747767381663519615e+01
3.748014314979989337e+01
3.748260849201198397e+01
3.748506977229935444e+01
3.748752691992837782e+01
3.748997986448384978e+01
3.749242853594115132e+01
3.749487286465168268e+01
3.749731278121245737e+01
3.749974821628399013e+01
3.750217910045110870e+01
3.750460536418704294e+01
3.750702693795379616e+01
3.750944375241176232e+01
3.751185573862340306e+01
3.751426282816149893e+01
3.751666495313658345e+01
3.751906204619607621e+01
3.752145404053713662e+01
3.752384086996233492e+01
3.752622246896164171e+01
3.752859877276327438e+01
3.753096971732507825e+01
3.753333523929287452e+01
3.753569527596750532e+01
3.753804976530312842e+01
3.754039864593273990e+01
3.754274185720152701e+01
3.754507933918463181e+01
3.754741103267280522e+01
3.754973687913269487e+01
3.755205682066523565e+01
3.755437079997280847e+01
3.755667876034002717e+01
3.755898064563987049e+01
3.756127640036515913e+01
3.756356596967464867e+01
3.756584929943132067e+01
3.756812633618910979e+01
3.757039702711429641e+01
3.757266131990115099e+01
3.757491916273912835e+01
3.757717050430838412e+01
3.757941529374217993e+01
3.758165348051328181e+01
3.758388501423952732e+01
3.758610984449138215e+01
3.758832792073778961e+01
3.759053919246156994e+01
3.759274360934296766e+01
3.759494112142959921e+01
3.759713167928206445e+01
3.759931523407085763e+01
3.760149173758949814e+01
3.760366114221508127e+01
3.760582340088055986e+01
3.760797846707426118e+01
3.761012629484041980e+01
3.761226683875926113e+01
3.761440005392808672e+01
3.761652589598712382e+01
3.761864432116686885e+01
3.762075528628479049e+01
3.762285874869234448e+01
3.762495466623366980e+01
3.762704299723161938e+01
3.762912370047472876e+01
3.763119673520522923e+01
3.763326206113039518e+01
3.763531963845730388e+01
3.763736942792468909e+01
3.763941139080653642e+01
3.764144548887968966e+01
3.764347168436219704e+01
3.764548993984490011e+01
3.764750021825027204e+01
3.764950248283123102e+01
3.765149669718650927e+01
3.765348282524973200e+01
3.765546083121424914e+01
3.765743067941797051e+01
3.765939233428480293e+01
3.766134576038976434e+01
3.766329092260980360e+01
3.766522778627373214e+01
3.766715631727605285e+01
3.766907648215966731e+01
3.767098824815963098e+01
3.767289158322258658e+01
3.767478645603979004e+01
3.767667283609580409e+01
3.767855069369764465e+01
3.768041999995437408e+01
3.768228072670787299e+01
3.768413284643741434e+01
3.768597633217980558e+01
3.768781115752846489e+01
3.768963729672404384e+01
3.769145472476358805e+01
3.769326341746588582e+01
3.769506335149787191e+01
3.769685450437177110e+01
3.769863685439556633e+01
3.770041038058644034e+01
3.770217506260270568e+01
3.770393088073716115e+01
3.770567781596012225e+01
3.770741584996149243e+01
3.770914496515777614e+01
3.771086514467866380e+01
3.771257637235556359e+01
3.771427863270820779e+01
3.771597191091959189e+01
3.771765619280894555e+01
3.771933146483105759e+01
3.772099771410287161e+01
3.772265492839601109e+01
3.772430309602507492e+01
3.772594220563073719e+01
3.772757224592393754e+01
3.772919320545829436e+01
3.773080507246490356e+01
3.773240783476698113e+01
3.773400147978420449e+01
3.773558599461495078e+01
3.773716136615069416e+01
3.773872758116217341e+01
3.774028462631451220e+01
3.774183248809069369e+01
3.774337115263916331e+01
3.774490060561262794e+01
3.774642083206724408e+01
3.774793181642521489e+01
3.774943354245289839e+01
3.775092599323216547e+01
3.775240915114735429e+01
3.775388299791117674e+01
3.775534751463644056e+01
3.775680268193701750e+01
3.775824848001808931e+01
3.775968488873721185e+01
3.776111188765368354e+01
3.776252945608474221e+01
3.776393757316568411e+01
3.776533621789053541e+01
3.776672536911859623e+01
3.776810500557326833e+01
3.776947510587005752e+01
3.777083564856800990e+01
3.777218661221237994e+01
3.777352797535201034e+01
3.777485971653428720e+01
3.777618181429526345e+01
3.777749424716536453e+01
3.777879699370240019e+01
3.778009003257039922e+01
3.778137334267683656e+01
3.778264690332257913e+01
3.778391069428757731e+01
3.778516469583277626e+01
3.778640888865331959e+01
3.778764325380744538e+01
3.778886777262492558e+01
3.779008242661650030e+01
3.779128719741157738e+01
3.779248206670080634e+01
3.779366701614751634e+01
3.779484202730207443e+01
3.779600708158250910e+01
3.779716216031845022e+01
3.779830724478927095e+01
3.779944231621740869e+01
3.780056735577631599e+01
3.780168234469486777e+01
3.780278726445627768e+01
3.780388209702235258e+01
3.780496682501198080e+01
3.780604143179781573e+01
3.780710590153087480e+01
3.780816021913009450e+01
3.780920437026997405e+01
3.781023834137891981e+01
3.781126211964929951e+01
3.781227569305143277e+01
3.781327905033298009e+01
3.781427218099686627e+01
3.781525507527538821e+01
3.781622772411698463e+01
3.781719011917495976e+01
3.781814225276700370e+01
3.781908411777919099e+01
3.782001570752520792e+01
3.782093701562409649e+01
3.782184803595789191e+01
3.782274876269843844e+01
3.782363919034492028e+01
3.782451931374098564e+01
3.782538912808015397e+01
3.782624862892006234e+01
3.782709781222293799e+01
3.782793667440402174e+01
3.782876521233309575e+01
3.782958342327281542e+01
3.783039130478584866e+01
3.783118885462643277e+01
3.783197607062613343e+01
3.783275295062345123e+01
3.783351949246939228e+01
3.783427569407692204e+01
3.783502155348989504e+01
3.783575706898221114e+01
3.783648223917649744e+01
3.783719706313936371e+01
3.783790154041339804e+01
3.783859567097319143e+01
3.783927945511710078e+01
3.783995289332882095e+01
3.784061598616038680e+01
3.784126873415904413e+01
3.784191113780971705e+01
3.784254319746871431e+01
3.784316491329845888e+01
3.784377628521388459e+01
3.784437731284738504e+01
3.784496799554300139e+01
3.784554833234377469e+01
3.784611832189536074e+01
3.784667796229511083e+01
3.784722725103277696e+01
3.784776618504998424e+01
3.784829476078811439e+01
3.784881297416309565e+01
3.784932082051881252e+01
3.784981829458729408e+01
3.785030539043927433e+01
3.785078210142786048e+01
3.785124842015073909e+01
3.785170433843584448e+01
3.785214984732598253e+01
3.785258493704306915e+01
3.785300959693773848e+01
3.785342381544193557e+01
3.785382758003997594e+01
3.785422087726304596e+01
3.785460369269637226e+01
3.785497601098444420e+01
3.785533781581776225e+01
3.785568908988353343e+01
3.785602981479497231e+01
3.785635997104598260e+01
3.785667953800863472e+01
3.785698849394535159e+01
3.785728681601032264e+01
3.785757448023248628e+01
3.785785146146341873e+01
3.785811773329314178e+01
3.785837326802628411e+01
3.785861803682486482e+01
3.785885200995922872e+01
3.785907515700538539e+01
3.785928744693526937e+01
3.785948884814656168e+01
3.785967932846236295e+01
3.785985885511529148e+01
3.786002739474817957e+01
3.786018491345469528e+01
3.786033137686381167e+01
3.786046675027206732e+01
3.786059099879236811e+01
3.786070408745895577e+01
3.786080598130223507e+01
3.786089664545479394e+01
3.786097604524959337e+01
3.786104414622082714e+01
3.786110091403656952e+01
3.786114631447044587e+01
3.786118031344827273e+01
3.786120287711035104e+01
3.786121397181820214e+01
3.786121356412727579e+01
3.786120162082592344e+01
3.786117810905614078e+01
3.786114299640322400e+01
3.786109625088411690e+01
3.786103784088125224e+01
3.786096773508023006e+01
3.786088590243487317e+01
3.786079231216734797e+01
3.786068693377118421e+01
3.786056973696857142e+01
3.786044069164430681e+01
3.786029976782840123e+01
3.786014693574113466e+01
3.785998216584875564e+01
3.785980542888031408e+01
3.785961669577530131e+01
3.785941593756799506e+01
3.785920312528551079e+01
3.785897822994125761e+01
3.785874122260347008e+01
3.785849207445791365e+01
3.785823075684427153e+01
3.785795724130916540e+01
3.785767149968836520e+01
3.785737350417442570e+01
3.785706322733955886e+01
3.785674064211951162e+01
3.785640572175073970e+01
3.785605843967059769e+01
3.785569876945645973e+01
3.785532668484481889e+01
3.785494215975808174e+01
3.785454516826720806e+01
3.785413568452703714e+01
3.785371368276228310e+01
3.785327913731006788e+01
3.785283202267218883e+01
3.785237231355870335e+01
3.785189998491486563e+01
3.785141501186926405e+01
3.785091736957678421e+01
3.785040703308197152e+01
3.784988397731203236e+01
3.784934817714291455e+01
3.784879960747897343e+01
3.784823824336590548e+01
3.784766406011814865e+01
3.784707703341140927e+01
3.784647713934388236e+01
3.784586435447420172e+01
3.784523865580486301e+01
3.784460002071692486e+01
3.784394842690960559e+01
3.784328385237402159e+01
3.784260627539126887e+01
3.784191567453152771e+01
3.784121202864243116e+01
3.784049531684237166e+01
3.783976551854299686e+01
3.783902261350783647e+01
3.783826658192451475e+01
3.783749740444879706e+01
3.783671506219893388e+01
3.783591953672276276e+01
3.783511080997362797e+01
3.783428886430183979e+01
3.783345368243453777e+01
3.783260524742532027e+01
3.783174354261658578e+01
3.783086855169737106e+01
3.782998025886637805e+01
3.782907864898142947e+01
3.782816370757348068e+01
3.782723542075938639e+01
3.782629377519659641e+01
3.782533875813911806e+01
3.782437035751986087e+01
3.782338856198424537e+01
3.782239336086836801e+01
3.782138474413815743e+01
3.782036270232372743e+01
3.781932722647810152e+01
3.781827830813980285e+01
3.781721593928483571e+01
3.781614011232438344e+01
3.781505082021363506e+01
3.781394805659666503e+01
3.781283181583245323e+01
3.781170209291772011e+01
3.781055888343023241e+01
3.780940218351788218e+01
3.780823198991509315e+01
3.780704829996798111e+01
3.780585111162937295e+01
3.780464042343045605e+01
3.780341623443394639e+01
3.780217854412781975e+01
3.780092735231230705e+01
3.779966265909207834e+01
3.779838446495416093e+01
3.779709277082543650e+01
3.779578757806684308e+01
3.779446888843934715e+01
3.779313670410889614e+01
3.779179102772737764e+01
3.779043186253895215e+01
3.778905921245222288e+01
3.778767308210670706e+01
3.778627347695969974e+01
3.778486040335952367e+01
3.778343386859059194e+01
3.778199388090095567e+01
3.778054044950935975e+01
3.777907358458995901e+01
3.777759329724052861e+01
3.777609959944476259e+01
3.777459250404342583e+01
3.777307202471332914e+01
3.777153817593554663e+01
3.776999097294911678e+01
3.776843043171735559e+01
3.776685656893224774e+01
3.776526940204900029e+01
3.776366894932941420e+01
3.776205522988236396e+01
3.776042826370426297e+01
3.775878807172639284e+01
3.775713467585153182e+01
3.775546809895066502e+01
3.775378836481783651e+01
3.775209549810844578e+01
3.775038952429804340e+01
3.774867046968984141e+01
3.774693836146023074e+01
3.774519322770430563e+01
3.774343509746389458e+01
3.774166400074296490e+01
3.773987996851618476e+01
3.773808303275215081e+01
3.773627322647460858e+01
3.773445058384415063e+01
3.773261514021755403e+01
3.773076693215255517e+01
3.772890599734738259e+01
3.772703237454236813e+01
3.772514610343026220e+01
3.772324722459490687e+01
3.772133577948102356e+01
3.771941181039425572e+01
3.771747536050805394e+01
3.771552647385497892e+01
3.771356519530048956e+01
3.771159157050021804e+01
3.770960564585040231e+01
3.770760746845202505e+01
3.770559708608660543e+01
3.770357454718815404e+01
3.770153990083171180e+01
3.769949319677639465e+01
3.769743448556017285e+01
3.769536381860437046e+01
3.769328124829670656e+01
3.769118682805689247e+01
3.768908061238470708e+01
3.768696265686809710e+01
3.768483301815044229e+01
3.768269175387831638e+01
3.768053892264149596e+01
3.767837458391881711e+01
3.767619879804940553e+01
3.767401162622726218e+01
3.767181313049589164e+01
3.766960337373029688e+01
3.766738241961700595e+01
3.766515033263413414e+01
3.766290717801005883e+01
3.766065302165676343e+01
3.765838793009927343e+01
3.765611197040906433e+01
3.765382521013646056e+01
3.765152771724892489e+01
3.764921956007813719e+01
3.764690080725829802e+01
3.764457152767419501e+01
3.764223179048723722e+01
3.763988166524036671e+01
3.763752122196888905e+01
3.763515053128886478e+01
3.763276966445825877e+01
3.763037869339428454e+01
3.762797769068686193e+01
3.762556672965295945e+01
3.762314588438420770e+01
3.762071522971655924e+01
3.761827484112590980e+01
3.761582479460722794e+01
3.761336516658093387e+01
3.761089603383535973e+01
3.760841747349356723e+01
3.760592956298892631e+01
3.760343238004173827e+01
3.760092600262995433e+01
3.759841050894343084e+01
3.759588597733033311e+01
3.759335248626403825e+01
3.759081011432859043e+01
3.758825894017390112e+01
3.758569904240481208e+01
3.758313049942429274e+01
3.758055338927482580e+01
3.757796778950694261e+01
3.757537377709171977e+01
3.757277142837705242e+01
3.757016081905857874e+01
3.756754202412820831e+01
3.756491511779638870e+01
3.756228017341629055e+01
3.755963726344505460e+01
3.755698645947127545e+01
3.755432783228533822e+01
3.755166145191378035e+01
3.754898738759516164e+01
3.754630570775695020e+01
3.754361648002553409e+01
3.754091977124502222e+01
3.753821564748531614e+01
3.753550417404535722e+01
3.753278541545926572e+01
3.753005943550547130e+01
3.752732629721871405e+01
3.752458606289819443e+01
3.752183879409430745e+01
3.751908455156906541e+01
3.751632339524681470e+01
3.751355538417178792e+01
3.751078057647536212e+01
3.750799902935017371e+01
3.750521079903597155e+01
3.750241594082780949e+01
3.749961450910866034e+01
3.749680655740442603e+01
3.749399213846330525e+01
3.749117130434491685e+01
3.748834410648117910e+01
3.748551059567487442e+01
3.748267082203976486e+01
3.747982483493485262e+01
3.747697268294055561e+01
3.747411441386513076e+01
3.747125007476758896e+01
3.746837971203912332e+01
3.746550337154783250e+01
3.746262109876301594e+01
3.745973293880349075e+01
3.745683893643429485e+01
3.745393913604681302e+01
3.745103358163896701e+01
3.744812231680317183e+01
3.744520538471914506e+01
3.744228282814483322e+01
3.743935468942094502e+01
3.743642101052228099e+01
3.743348183314312649e+01
3.743053719875346985e+01
3.742758714860551805e+01
3.742463172373926028e+01
3.742167096504356749e+01
3.741870491340399951e+01
3.741573360991098696e+01
3.741275709604664712e+01
3.740977541381113269e+01
3.740678860581498100e+01
3.740379671534120831e+01
3.740079978635580460e+01
3.739779786347832413e+01
3.739479099194952738e+01
3.739177921761366719e+01
3.738876258689977305e+01
3.738574114679227733e+01
3.738271494481134738e+01
3.737968402900105502e+01
3.737664844789315310e+01
3.737360825045922041e+01
3.737056348609200285e+01
3.736751420460917927e+01
3.736446045624738588e+01
3.736140229162997173e+01
3.735833976169283233e+01
3.735527291755866486e+01
3.735220181037029619e+01
3.734912649110452065e+01
3.734604701039863528e+01
3.734296341842473055e+01
3.733987576482624604e+01
3.733678409871210846e+01
3.733368846868782498e+01
3.733058892288953956e+01
3.732748550901514051e+01
3.732437827441092537e+01
3.732126726626833602e+01
3.731815253187330228e+01
3.731503411878643561e+01
3.731191207490044093e+01
3.730878644839634717e+01
3.730565728764018729e+01
3.730252464106127519e+01
3.729938855704113365e+01
3.729624908383073034e+01
3.729310626950564966e+01
3.728996016196129659e+01
3.728681080893821331e+01
3.728365825806010747e+01
3.728050255687871584e+01
3.727734375294495095e+01
3.727418189394629167e+01
3.727101702792794669e+01
3.726784920354133135e+01
3.726467847023017299e+01
3.726150487832213543e+01
3.725832847905326162e+01
3.725514932455730843e+01
3.725196746782786050e+01
3.724878296262782129e+01
3.724559586332777883e+01
3.724240622472006379e+01
3.723921410187372061e+01
3.723601955003518782e+01
3.723282262454956282e+01
3.722962338079446454e+01
3.722642187413334369e+01
3.722321815990590466e+01
3.722001229346619056e+01
3.721680433025772317e+01
3.721359432590712402e+01
3.721038233631876579e+01
3.720716841775963246e+01
3.720395262693347860e+01
3.720073502103551277e+01
3.719751565776815738e+01
3.719429459531973947e+01
3.719107189234028255e+01
3.718784760794166999e+01
3.718462180171238174e+01
3.718139453372742054e+01
3.717816586456989114e+01
3.717493585540712786e+01
3.717170456812724666e+01
3.716847206548347060e+01
3.716523841119460769e+01
3.716200366997642845e+01
3.715876790747849157e+01
3.715553119014016659e+01
3.715229358503685120e+01
3.714905515977501693e+01
3.714581598245140981e+01
3.714257612163766709e+01
3.713933564631133066e+01
3.713609462572743780e+01
3.713285312930278792e+01
3.712961122652846768e+01
3.712636898687552645e+01
3.712312647972210300e+01
3.711988377438284203e+01
3.711664094026199479e+01
3.711339804705037437e+01
3.711015516486388321e+01
3.710691236429531870e+01
3.710366971642523737e+01
3.710042729284262464e+01
3.709718516569378011e+01
3.709394340774192500e+01
3.709070209239657601e+01
3.708746129368847733e+01
3.708422108619857482e+01
3.708098154497059085e+01
3.707774274545078441e+01
3.707450476348814306e+01
3.707126767539202916e+01
3.706803155803562078e+01
3.706479648898852730e+01
3.706156254661440386e+01
3.705832981006820148e+01
3.705509835921547079e+01
3.705186827454583920e+01
3.704863963710015895e+01
3.704541252836636289e+01
3.704218703012090685e+01
3.703896322425647725e+01
3.703574119263608111e+01
3.703252101697430732e+01
3.702930277874886400e+01
3.702608655915588542e+01
3.702287243910330972e+01
3.701966049922072699e+01
3.701645081987022934e+01
3.701324348114656715e+01
3.701003856285584703e+01
3.700683614447765279e+01
3.700363630513012936e+01
3.700043912354473719e+01
3.699724467803620342e+01
3.699405304645977566e+01
3.699086430616748800e+01
3.698767853397124838e+01
3.698449580611174525e+01
3.698131619823616489e+01
3.697813978538172108e+01
3.697496664195430327e+01
3.697179684170226466e+01
3.696863045769794098e+01
3.696546756235045450e+01
3.696230822747002520e+01
3.695915252436157772e+01
3.695600052390170731e+01
3.695285229658939841e+01
3.694970791258601395e+01
3.694656744175136254e+01
3.694343095367490548e+01
3.694029851770014261e+01
3.693717020294115372e+01
3.693404607829727837e+01
3.693092621248716512e+01
3.692781067411991103e+01
3.692469953177880626e+01
3.692159285407488767e+01
3.691849070967032986e+01
3.691539316730273868e+01
3.691230029581046779e+01
3.690921216412572647e+01
3.690612884122877091e+01
3.690305039610692006e+01
3.689997689776522805e+01
3.689690841528287280e+01
3.689384501786863524e+01
3.689078677488999602e+01
3.688773375589158121e+01
3.688468603061747331e+01
3.688164366902567082e+01
3.687860674128214100e+01
3.687557531774218944e+01
3.687254946893179408e+01
3.686952926553385623e+01
3.686651477837634161e+01
3.686350607841261251e+01
3.686050323669205397e+01
3.685750632432483798e+01
3.685451541243200069e+01
3.685153057207517691e+01
3.684855187418328626e+01
3.684557938949971856e+01
3.684261318855486422e+01
3.683965334164926730e+01
3.683669991882906203e+01
3.683375298984868351e+01
3.683081262413163870e+01
3.682787889073807008e+01
3.682495185833624873e+01
3.682203159517207780e+01
3.681911816903659940e+01
3.681621164723355832e+01
3.681331209654302938e+01
3.681041958317725005e+01
3.680753417273055561e+01
3.680465593012840486e+01
3.680178491958510278e+01
3.679892120457806470e+01
3.679606484783285936e+01
3.679321591130619851e+01
3.679037445614950741e+01
3.678754054262567763e+01
3.678471422998394047e+01
3.678189557636395790e+01
3.677908463878754475e+01
3.677628147320887564e+01
3.677348613457047577e+01
3.677069867686213911e+01
3.676791915320028892e+01
3.676514761591903380e+01
3.676238411663292993e+01
3.675962870623935430e+01
3.675688143489649917e+01
3.675414235204523550e+01
3.675141150646305022e+01
3.674868894628097138e+01
3.674597471894985290e+01
3.674326887119200791e+01
3.674057144895868277e+01
3.673788249740602652e+01
3.673520206091000517e+01
3.673253018310760609e+01
3.672986690691855927e+01
3.672721227453293125e+01
3.672456632739288551e+01
3.672192910621142659e+01
3.671930065105930652e+01
3.671668100150553471e+01
3.671407019677146621e+01
3.671146827588100336e+01
3.670887527780496384e+01
3.670629124158003975e+01
3.670371620637227750e+01
3.670115021148110657e+01
3.669859329630242684e+01
3.669604550026932799e+01
3.669350686278687590e+01
3.669097742316886723e+01
3.668845722058045311e+01
3.668594629399822082e+01
3.668344468219853383e+01
3.668095242377218312e+01
3.667846955714772861e+01
3.667599612060322301e+01
3.667353215226030727e+01
3.667107769006567963e+01
3.666863277176764768e+01
3.666619743489854244e+01
3.666377171677168434e+01
3.666135565449492617e+01
3.665894928499490391e+01
3.665655264504514577e+01
3.665416577129515474e+01
3.665178870029360780e+01
3.664942146849697480e+01
3.664706411226345040e+01
3.664471666783622794e+01
3.664237917131111288e+01
3.664005165858073099e+01
3.663773416526904469e+01
3.663542672668238254e+01
3.663312937778281508e+01
3.663084215318303904e+01
3.662856508716549087e+01
3.662629821370642702e+01
3.662404156648135256e+01
3.662179517886080760e+01
3.661955908391581715e+01
3.661733331443406314e+01
3.661511790294090218e+01
3.661291288172717628e+01
3.661071828288188357e+01
3.660853413829662628e+01
3.660636047957840589e+01
3.660419733786697805e+01
3.660204474367752425e+01
3.659990272687868185e+01
3.659777131675435413e+01
3.659565054203238788e+01
3.659354043086058539e+01
3.659144101078276634e+01
3.658935230874497080e+01
3.658727435113087267e+01
3.658520716381569571e+01
3.658315077223275580e+01
3.658110520145072542e+01
3.657907047623626795e+01
3.657704662106985438e+01
3.657503366012073087e+01
3.657303161721205242e+01
3.657104051579771919e+01
3.656906037895480210e+01
3.656709122938175938e+01
3.656513308938887263e+01
3.656318598087889171e+01
3.656124992533061402e+01
3.655932494379801767e+01
3.655741105692207782e+01
3.655550828492787474e+01
3.655361664758182627e+01
3.655173616414203508e+01
3.654986685337292585e+01
3.654800873364172276e+01
3.654616182303237082e+01
3.654432613939226115e+01
3.654250170029813916e+01
3.654068852300535042e+01
3.653888662443510071e+01
3.653709602122504663e+01
3.653531672984993861e+01
3.653354876675592777e+01
3.653179214844514888e+01
3.653004689153402751e+01
3.652831301282125764e+01
3.652659052934312456e+01
3.652487945838500139e+01
3.652317981745672171e+01
3.652149162430306717e+01
3.651981489701453398e+01
3.651814965417801773e+01
3.651649591495541358e+01
3.651485369907940282e+01
3.651322302681998622e+01
3.651160391893635904e+01
3.650999639660644647e+01
3.650840048134755733e+01
3.650681619495852459e+01
3.650524355952801869e+01
3.650368259752663391e+01
3.650213333194086829e+01
3.650059578640799884e+01
3.649906998532372882e+01
3.649755595387964036e+01
3.649605371802466180e+01
3.649456330441677210e+01
3.649308474044091355e+01
3.649161805428440175e+01
3.649016327497427881e+01
3.648872043230070972e+01
3.648728955664194729e+01
3.648587067878929702e+01
3.648446382987241776e+01
3.648306904137024276e+01
3.648168634513174879e+01
3.648031577341997433e+01
3.647895735901743564e+01
3.647761113532177291e+01
3.647627713632647328e+01
3.647495539648361529e+01
3.647364595053454650e+01
3.647234883337847577e+01
3.647106407999172717e+01
3.646979172538493685e+01
3.646853180458656141e+01
3.646728435263413104e+01
3.646604940454407284e+01
3.646482699524840143e+01
3.646361715952358651e+01
3.646241993194567499e+01
3.646123534686979184e+01
3.646006343839208341e+01
3.645890424025898824e+01
3.645775778573757009e+01
3.645662410749266513e+01
3.645550323749900912e+01
3.645439520698071334e+01
3.645330004637010290e+01
3.645221778532798851e+01
3.645114845287392313e+01
3.645009207758174341e+01
3.644904868773905804e+01
3.644801831142973469e+01
3.644700097656281912e+01
3.644599671087409121e+01
3.644500554189944097e+01
3.644402749691312238e+01
3.644306260287179811e+01
3.644211088642778407e+01
3.644117237400357823e+01
3.644024709186448518e+01
3.643933506616291140e+01
3.643843632296904644e+01
3.643755088829955469e+01
3.643667878814040506e+01
3.643582004845215749e+01
3.643497469515864395e+01
3.643414275413273629e+01
3.643332425118401119e+01
3.643251921204642940e+01
3.643172766236887128e+01
3.643094962770958745e+01
3.643018513351308485e+01
3.642943420502949436e+01
3.642869686718331934e+01
3.642797314447032875e+01
3.642726306094316868e+01
3.642656664025724922e+01
3.642588390569723344e+01
3.642521488014008213e+01
3.642455958599284571e+01
3.642391804516834952e+01
3.642329027912031592e+01
3.642267630891351615e+01
3.642207615528517550e+01
3.642148983868096934e+01
3.642091737928421935e+01
3.642035879704113199e+01
3.641981411164517368e+01
3.641928334245706367e+01
3.641876650842284846e+01
3.641826362806689588e+01
3.641777471953463419e+01
3.641729980062835637e+01
3.641683888883918740e+01
3.641639200137510102e+01
3.641595915514407977e+01
3.641554036668956229e+01
3.641513565214241765e+01
3.641474502722059725e+01
3.641436850722492125e+01
3.641400610698415363e+01
3.641365784077280665e+01
3.641332372227562786e+01
3.641300376466515587e+01
3.641269798076483966e+01
3.641240638319472822e+01
3.641212898444598522e+01
3.641186579689301084e+01
3.641161683275295502e+01
3.641138210401505404e+01
3.641116162237570109e+01
3.641095539919211177e+01
3.641076344544558907e+01
3.641058577170490196e+01
3.641042238808854137e+01
3.641027330424649477e+01
3.641013852938682760e+01
3.641001807233042342e+01
3.640991194155898825e+01
3.640982014526387900e+01
3.640974269141059239e+01
3.640967958779442171e+01
3.640963084206202183e+01
3.640959646169882546e+01
3.640957645399114995e+01
3.640957082597070382e+01
3.640957958435424757e+01
3.640960273549681858e+01
3.640964028537030828e+01
3.640969223955757172e+01
3.640975860324068947e+01
3.640983938118431951e+01
3.640993457774045083e+01
3.641004419688824356e+01
3.641016824228840676e+01
3.641030671731324730e+01
3.641045962501625866e+01
3.641062696803255250e+01
3.641080874845979309e+01
3.641100496780335760e+01
3.641121562702672776e+01
3.641144072667101028e+01
3.641168026696855975e+01
3.641193424788937705e+01
3.641220266908229775e+01
3.641248552971486419e+01
3.641278282829753721e+01
3.641309456258878186e+01
3.641342072957903753e+01
3.641376132550186639e+01
3.641411634585884372e+01
3.641448578545598735e+01
3.641486963843536273e+01
3.641526789829594435e+01
3.641568055790568081e+01
3.641610760950671732e+01
3.641654904472449772e+01
3.641700485458754599e+01
3.641747502955893623e+01
3.641795955958232867e+01
3.641845843413189243e+01
3.641897164224954508e+01
3.641949917256852842e+01
3.642004101332720722e+01
3.642059715237311224e+01
3.642116757715434261e+01
3.642175227469429899e+01
3.642235123156257970e+01
3.642296443385846061e+01
3.642359186718466191e+01
3.642423351658206343e+01
3.642488936645862907e+01
3.642555940056501385e+01
3.642624360201496359e+01
3.642694195332519058e+01
3.642765443647176937e+01
3.642838103296797669e+01
3.642912172395179482e+01
3.642987649025980090e+01
3.643064531246985638e+01
3.643142817090087249e+01
3.643222504555223651e+01
3.643303591597200608e+01
3.643386076111447380e+01
3.643469955930965654e+01
3.643555228837695381e+01
3.643641892577483787e+01
3.643729944868717752e+01
3.643819383406769674e+01
3.643910205872525410e+01
3.644002409947054844e+01
3.644095993326958194e+01
3.644190953734351268e+01
3.644287288918183521e+01
3.644384996647852404e+01
3.644484074702534571e+01
3.644584520857397081e+01
3.644686332867175338e+01
3.644789508450624282e+01
3.644894045279936989e+01
3.644999940976103403e+01
3.645107193108454169e+01
3.645215799196057560e+01
3.645325756709107878e+01
3.645437063069437045e+01
3.645549715651127798e+01
3.645663711782963645e+01
3.645779048752251583e+01
3.645895723807368682e+01
3.646013734157877906e+01
3.646133076973173814e+01
3.646253749380842635e+01
3.646375748466568467e+01
3.646499071276676318e+01
3.646623714820958639e+01
3.646749676073945068e+01
3.646876951976756942e+01
3.647005539441484956e+01
3.647135435354985589e+01
3.647266636576637211e+01
3.647399139931123102e+01
3.647532942203940820e+01
3.647668040141682155e+01
3.647804430451142110e+01
3.647942109794240650e+01
3.648081074781377708e+01
3.648221321964597053e+01
3.648362847828407496e+01
3.648505648779140387e+01
3.648649721139274504e+01
3.648795061149844088e+01
3.648941664977225940e+01
3.649089528720222830e+01
3.649238648414019792e+01
3.649389020027422248e+01
3.649540639453759638e+01
3.649693502500520026e+01
3.649847604884242713e+01
3.650002942236223191e+01
3.650159510119610928e+01
3.650317304051183243e+01
3.650476319519705726e+01
3.650636551998739066e+01
3.650797996956133318e+01
3.650960649864101981e+01
3.651124506213682253e+01
3.651289561529283390e+01
3.651455811372723304e+01
3.651623251335756493e+01
3.651791877032807321e+01
3.651961684103724082e+01
3.652132668225890910e+01
3.652304825129058941e+01
3.652478150606771123e+01
3.652652640521546346e+01
3.652828290803833511e+01
3.653005097445988980e+01
3.653183056495577574e+01
3.653362164053340422e+01
3.653542416273696603e+01
3.653723809360568708e+01
3.653906339557654803e+01
3.654090003137330456e+01
3.654274796391305813e+01
3.654460715624691147e+01
3.654647757151518306e+01
3.654835917287340408e+01
3.655025192337641471e+01
3.655215578584293468e+01
3.655407072272796398e+01
3.655599669602236190e+01
3.655793366719242954e+01
3.655988159715835906e+01
3.656184044629222996e+01
3.656381017441398029e+01
3.656579074077859559e+01
3.656778210406334040e+01
3.656978422237048676e+01
3.657179705324661967e+01
3.657382055369898666e+01
3.657585468019335906e+01
3.657789938863039936e+01
3.657995463430354022e+01
3.658202037185001387e+01
3.658409655520866721e+01
3.658618313758853446e+01
3.658828007144705907e+01
3.659038730847905185e+01
3.659250479961245617e+01
3.659463249499825110e+01
3.659677034398959705e+01
3.659891829512489636e+01
3.660107629612837599e+01
3.660324429391935297e+01
3.660542223461866485e+01
3.660761006357252256e+01
3.660980772542026784e+01
3.661201516417566637e+01
3.661423232327126698e+01
3.661645914558022952e+01
3.661869557346064852e+01
3.662094154879879682e+01
3.662319701299008301e+01
3.662546190687613290e+01
3.662773617070715204e+01
3.663001974413454320e+01
3.663231256619759080e+01
3.663461457529652421e+01
3.663692570916460056e+01
3.663924590484892718e+01
3.664157509870099716e+01
3.664391322637506221e+01
3.664626022284589624e+01
3.664861602246264738e+01
3.665098055901822960e+01
3.665335376578752857e+01
3.665573557552176709e+01
3.665812592041950779e+01
3.666052473208977602e+01
3.666293194151819534e+01
3.666534747904955793e+01
3.666777127439188888e+01
3.667020325663021652e+01
3.667264335423057275e+01
3.667509149502161847e+01
3.667754760615965637e+01
3.668001161409947741e+01
3.668248344458174870e+01
3.668496302262241215e+01
3.668745027251171109e+01
3.668994511786878832e+01
3.669244748175859172e+01
3.669495728682046831e+01
3.669747445536653885e+01
3.669999890943135767e+01
3.670253057076509862e+01
3.670506936078475491e+01
3.670761520051181037e+01
3.671016801052537204e+01
3.671272771098549725e+01
3.671529422178118551e+01
3.671786746276210778e+01
3.672044735394209880e+01
3.672303381561885516e+01
3.672562676841763363e+01
3.672822613327945618e+01
3.673083183144728281e+01
3.673344378449317560e+01
3.673606191434246426e+01
3.673868614325019877e+01
3.674131639377076652e+01
3.674395258876744208e+01
3.674659465144530657e+01
3.674924250538219184e+01
3.675189607460056607e+01
3.675455528373969827e+01
3.675722005825901562e+01
3.675989032451384020e+01
3.676256600966452481e+01
3.676524704153887768e+01
3.676793334858020046e+01
3.677062485993960195e+01
3.677332150568802405e+01
3.677602321702345023e+01
3.677872992633682259e+01
3.678144156715330837e+01
3.678415807405789906e+01
3.678687938263083623e+01
3.678960542936544442e+01
3.679233615157716031e+01
3.679507148731456567e+01
3.679781137526940427e+01
3.680055575469535967e+01
3.680330456533850736e+01
3.680605774738242530e+01
3.680881524144387384e+01
3.681157698864448946e+01
3.681434293072437924e+01
3.681711301013908155e+01
3.681988717011275014e+01
3.682266535466697377e+01
3.682544750866804151e+01
3.682823357790837804e+01
3.683102350918203882e+01
3.683381725030280052e+01
3.683661475004330299e+01
3.683941595798166446e+01
3.684222082425555556e+01
3.684502929933569959e+01
3.684784133400695083e+01
3.685065687954306668e+01
3.685347588784170370e+01
3.685629831141023516e+01
3.685912410330587363e+01
3.686195321712247619e+01
3.686478560701440443e+01
3.686762122773106398e+01
3.687046003466705457e+01
3.687330198392785263e+01
3.687614703239461278e+01
3.687899513775475668e+01
3.688184625845663334e+01
3.688470035363301491e+01
3.688755738309272658e+01
3.689041730734837188e+01
3.689328008759434852e+01
3.689614568567897379e+01
3.689901406411078000e+01
3.690188518601506473e+01
3.690475901502127698e+01
3.690763551520111463e+01
3.691051465112050778e+01
3.691339638795496825e+01
3.691628069160785230e+01
3.691916752878374552e+01
3.692205686699181655e+01
3.692494867450621854e+01
3.692784292032846594e+01
3.693073957416151387e+01
3.693363860637406759e+01
3.693653998794444249e+01
3.693944369039760289e+01
3.694234968575581490e+01
3.694525794651659822e+01
3.694816844563847269e+01
3.695108115649645697e+01
3.695399605282981526e+01
3.695691310873947089e+01
3.695983229871658438e+01
3.696275359763019708e+01
3.696567698064669827e+01
3.696860242310647493e+01
3.697152990038779308e+01
3.697445938776785113e+01
3.697739086028767730e+01
3.698032429264041809e+01
3.698325965908200175e+01
3.698619693333698422e+01
3.698913608849555601e+01
3.699207709691839341e+01
3.699501993014536083e+01
3.699796455880034785e+01
3.700091095250194684e+01
3.700385907979163846e+01
3.700680890811069190e+01
3.700976040386862564e+01
3.701271353256623087e+01
3.701566825887569223e+01
3.701862454665160129e+01
3.702158235890002658e+01
3.702454165769209737e+01
3.702750240400938253e+01
3.703046455757853295e+01
3.703342807678095738e+01
3.703639291867744276e+01
3.703935903911260397e+01
3.704232639282427186e+01
3.704529493350993619e+01
3.704826461383481018e+01
3.705123538537655747e+01
3.705420719854174649e+01
3.705718000250958966e+01
3.706015374520199401e+01
3.706312837324679066e+01
3.706610383193411451e+01
3.706908006518450804e+01
3.707205701554428146e+01
3.707503462419646922e+01
3.707801283093278499e+01
3.708099157406718405e+01
3.708397079034840260e+01
3.708695041492514122e+01
3.708993038137255382e+01
3.709291062176362885e+01
3.709589106674732051e+01
3.709887164560429795e+01
3.710185228628224507e+01
3.710483291541945761e+01
3.710781345836164036e+01
3.711079383916989372e+01
3.711377398060636068e+01
3.711675380409548808e+01
3.711973322968623989e+01
3.712271217606402729e+01
3.712569056066392648e+01
3.712866829985890860e+01
3.713164530910814420e+01
3.713462150302441955e+01
3.713759679544452297e+01
3.714057109953858316e+01
3.714354432790866412e+01
3.714651639269033723e+01
3.714948720572527918e+01
3.715245667877979230e+01
3.715542472370959359e+01
3.715839125253704367e+01
3.716135617748157927e+01
3.716431941097458491e+01
3.716728086565478861e+01
3.717024045434119017e+01
3.717319809000509423e+01
3.717615368575867763e+01
3.717910715485136564e+01
3.718205841067103989e+01
3.718500736676576679e+01
3.718795393688009909e+01
3.719089803497384139e+01
3.719383957520872030e+01
3.719677847191456266e+01
3.719971463953890378e+01
3.720264799256840149e+01
3.720557844542588555e+01
3.720850591236640525e+01
3.721143030738598156e+01
3.721435154414784563e+01
3.721726953593118736e+01
3.722018419559245217e+01
3.722309543552283628e+01
3.722600316759988459e+01
3.722890730314012586e+01
3.723180775285456434e+01
3.723470442680815040e+01
3.723759723438990221e+01
3.724048608429477270e+01
3.724337088450452171e+01
3.724625154226178836e+01
3.724912796404804283e+01
3.725200005557326932e+01
3.725486772177440287e+01
3.725773086681767410e+01
3.726058939410778237e+01
3.726344320632042439e+01
3.726629220547287957e+01
3.726913629301888164e+01
3.727197536991435101e+01
3.727480933660905293e+01
3.727763809300708431e+01
3.728046153847029132e+01
3.728327957186543529e+01
3.728609209162122795e+01
3.728889899577453093e+01
3.729170018200593262e+01
3.729449554769091435e+01
3.729728498994901997e+01
3.730006840562494119e+01
3.730284569122566296e+01
3.730561674292494700e+01
3.730838145666808714e+01
3.731113972831660419e+01
3.731389145377741556e+01
3.731663652910277307e+01
3.731937485058723070e+01
3.732210631487545527e+01
3.732483081902802979e+01
3.732754826048997643e+01
3.733025853701050067e+01
3.733296154663584332e+01
3.733565718780830167e+01
3.733834535948378885e+01
3.734102596119095807e+01
3.734369889301822809e+01
3.734636405554335425e+01
3.734902134974066001e+01
3.735167067692619014e+01
3.735431193877796829e+01
3.735694503738441341e+01
3.735956987525388939e+01
3.736218635529891685e+01
3.736479438086617222e+01
3.736739385585903506e+01
3.736998468491763248e+01
3.737256677355897949e+01
3.737514002823230896e+01
3.737770435633456856e+01
3.738025966622783614e+01
3.738280586725578303e+01
3.738534286974647358e+01
3.738787058500261651e+01
3.739038892529558922e+01
3.739289780386157247e+01
3.739539713484496275e+01
3.739788683314838380e+01
3.740036681424563625e+01
3.740283699404534445e+01
3.740529728879651827e+01
3.740774761496388834e+01
3.741018788910136550e+01
3.741261802784526935e+01
3.741503794804692973e+01
3.741744756693834972e+01
3.741984680225900206e+01
3.742223557234947151e+01
3.742461379622173467e+01
3.742698139359443132e+01
3.742933828489010040e+01
3.743168439120131552e+01
3.743401963423244894e+01
3.743634393625316648e+01
3.743865722011231156e+01
3.744095940929467048e+01
3.744325042795732372e+01
3.744553020093285767e+01
3.744779865373749317e+01
3.745005571260845301e+01
3.745230130455204431e+01
3.745453535738104733e+01
3.745675779975993436e+01
3.745896856125884966e+01
3.746116757237060568e+01
3.746335476447217872e+01
3.746553006975209854e+01
3.746769342112816048e+01
3.746984475219531419e+01
3.747198399723396989e+01
3.747411109123979145e+01
3.747622596991939048e+01
3.747832856966068960e+01
3.748041882751113008e+01
3.748249668117243516e+01
3.748456206901490617e+01
3.748661493012383517e+01
3.748865520438982912e+01
3.749068283261178181e+01
3.749269775654335035e+01
3.749469991886741127e+01
3.749668926314908646e+01
3.749866573379851076e+01
3.750062927603171659e+01
3.750257983582078225e+01
3.750451735986251123e+01
3.750644179560073610e+01
3.750835309127686656e+01
3.751025119595610846e+01
3.751213605952547425e+01
3.751400763267816529e+01
3.751586586687748337e+01
3.751771071430426474e+01
3.751954212780136544e+01
3.752136006081721575e+01
3.752316446736303845e+01
3.752495530200511809e+01
3.752673251989026681e+01
3.752849607679073785e+01
3.753024592915506474e+01
3.753198203414229539e+01
3.753370434961732371e+01
3.753541283412482699e+01
3.753710744689435330e+01
3.753878814789515417e+01
3.754045489791045043e+01
3.754210765858843502e+01
3.754374639243284406e+01
3.754537106272925229e+01
3.754698163345098294e+01
3.754857806919810770e+01
3.755016033518228369e+01
3.755172839722620637e+01
3.755328222174652808e+01
3.755482177571245472e+01
3.755634702658394275e+01
3.755785794224687635e+01
3.755935449096886458e+01
3.756083664136863121e+01
3.756230436238443815e+01
3.756375762328154622e+01
3.756519639374826625e+01
3.756662064404472545e+01
3.756803034512137884e+01
3.756942546866943644e+01
3.757080598709912778e+01
3.757217187344308229e+01
3.757352310121875405e+01
3.757485964433961811e+01
3.757618147712862111e+01
3.757748857439989365e+01
3.757878091155898659e+01
3.758005846467676037e+01
3.758132121049717256e+01
3.758256912639530611e+01
3.758380219032572711e+01
3.758502038076797191e+01
3.758622367668073849e+01
3.758741205749516467e+01
3.758858550314798919e+01
3.758974399410894307e+01
3.759088751135163875e+01
3.759201603628552135e+01
3.759312955071317219e+01
3.759422803681979275e+01
3.759531147714807986e+01
3.759637985453125708e+01
3.759743315198325320e+01
3.759847135256067219e+01
3.759949443923060386e+01
3.760050239477259026e+01
3.760149520171273707e+01
3.760247284227050812e+01
3.760343529830263520e+01
3.760438255124216766e+01
3.760531458204144428e+01
3.760623137112678904e+01
3.760713289836101580e+01
3.760801914300301974e+01
3.760889008366355313e+01
3.760974569826679215e+01
3.761058596402464360e+01
3.761141085742564627e+01
3.761222035425804222e+01
3.761301442969712383e+01
3.761379305841597898e+01
3.761455621461838916e+01
3.761530387199373848e+01
3.761603600370610678e+01
3.761675258247004194e+01
3.761745358065753919e+01
3.761813897037487919e+01
3.761880872350732119e+01
3.761946281176086160e+01
3.762010120671673263e+01
3.762072387989761779e+01
3.762133080285037323e+01
3.762192194724545402e+01
3.762249728496261980e+01
3.762305678814848875e+01
3.762360042927306836e+01
3.762412818117763891e+01
3.762464001707486005e+01
3.762513591053624395e+01
3.762561583553911504e+01
3.762607976653693953e+01
3.762652767845174395e+01
3.762695954660036080e+01
3.762737534664010752e+01
3.762777505454383231e+01
3.762815864658166021e+01
3.762852609931456982e+01
3.762887738958502126e+01
3.762921249449006922e+01
3.762953139136036640e+01
3.762983405777230672e+01
3.763012047159818252e+01
3.763039061108167971e+01
3.763064445492415899e+01
3.763088198238452975e+01
3.763110317339868516e+01
3.763130800867850922e+01
3.763149646973585760e+01
3.763166853885788043e+01
3.763182419908825693e+01
3.763196343420058554e+01
3.763208622864653563e+01
3.763219256749523822e+01
3.763228243637659887e+01
3.763235582145384228e+01
3.763241270943898797e+01
3.763245308761215568e+01
3.763247694380692110e+01
3.763248426638004673e+01
3.763247504422214718e+01
3.763244926682003211e+01
3.763240692429663881e+01
3.763234800737019015e+01
3.763227250727533146e+01
3.763218041573206563e+01
3.763207172498385944e+01
3.763194642783479793e+01
3.763180451761761702e+01
3.763164598812374351e+01
3.763147083356554390e+01
3.763127904857851291e+01
3.763107062824200000e+01
3.763084556811460146e+01
3.763060386427342507e+01
3.763034551333588240e+01
3.763007051244444767e+01
3.762977885921353050e+01
3.762947055168992705e+01
3.762914558837864121e+01
3.762880396830663443e+01
3.762844569106721337e+01
3.762807075681956803e+01
3.762767916625620046e+01
3.762727092058209166e+01
3.762684602152895508e+01
3.762640447138312538e+01
3.762594627299793615e+01
3.762547142976418968e+01
3.762497994554952641e+01
3.762447182467282403e+01
3.762394707193324450e+01
3.762340569264512879e+01
3.762284769267093765e+01
3.762227307848443303e+01
3.762168185726898884e+01
3.762107403703047481e+01
3.762044962667903292e+01
3.761980863602226322e+01
3.761915107567654815e+01
3.761847695697552041e+01
3.761778629193408818e+01
3.761707909325723165e+01
3.761635537434601417e+01
3.761561514927038985e+01
3.761485843271676544e+01
3.761408523992488284e+01
3.761329558661396533e+01
3.761248948888358967e+01
3.761166696308148971e+01
3.761082802569472250e+01
3.760997269335583582e+01
3.760910098296688631e+01
3.760821291183520287e+01
3.760730849772347995e+01
3.760638775881800200e+01
3.760545071368041903e+01
3.760449738121992880e+01
3.760352778067817070e+01
3.760254193162099057e+01
3.760153985396235043e+01
3.760052156803209300e+01
3.759948709463986205e+01
3.759843645509032228e+01
3.759736967117209616e+01
3.759628676516039292e+01
3.759518775984204808e+01
3.759407267856103374e+01
3.759294154527374587e+01
3.759179438459653255e+01
3.759063122185226291e+01
3.758945208310234420e+01
3.758825699510365581e+01
3.758704598519551610e+01
3.758581908120407888e+01
3.758457631140041855e+01
3.758331770447614417e+01
3.758204328951608630e+01
3.758075309597688829e+01
3.757944715367538180e+01
3.757812549278373382e+01
3.757678814384029664e+01
3.757543513780619548e+01
3.757406650618622734e+01
3.757268228116838316e+01
3.757128249570773448e+01
3.756986718353156363e+01
3.756843637908988143e+01
3.756699011750019679e+01
3.756552843451367352e+01
3.756405136645894771e+01
3.756255895014507473e+01
3.756105122279268471e+01
3.755952822202853270e+01
3.755798998589951765e+01
3.755643655287313720e+01
3.755486796183597420e+01
3.755328425211072840e+01
3.755168546348496506e+01
3.755007163621749555e+01
3.754844281100088921e+01
3.754679902890558196e+01
3.754514033135901485e+01
3.754346676018231221e+01
3.754177835765226234e+01
3.754007516654387189e+01
3.753835723013884262e+01
3.753662459221069270e+01
3.753487729699627806e+01
3.753311538916339174e+01
3.753133891379791720e+01
3.752954791642119403e+01
3.752774244299960316e+01
3.752592253989669757e+01
3.752408825377473534e+01
3.752223963150004948e+01
3.752037672012160385e+01
3.751849956698296751e+01
3.751660821993267803e+01
3.751470272750545831e+01
3.751278313898943395e+01
3.751084950438234245e+01
3.750890187430786682e+01
3.750694029998060586e+01
3.750496483321985863e+01
3.750297552643902321e+01
3.750097243258636581e+01
3.749895560508478098e+01
3.749692509781445438e+01
3.749488096511894497e+01
3.749282326177520019e+01
3.749075204290717522e+01
3.748866736387697074e+01
3.748656928022670343e+01
3.748445784777041467e+01
3.748233312282915364e+01
3.748019516245347660e+01
3.747804402451827599e+01
3.747587976770765295e+01
3.747370245146271373e+01
3.747151213593819818e+01
3.746930888196007459e+01
3.746709275097151703e+01
3.746486380496226332e+01
3.746262210637080159e+01
3.746036771798844711e+01
3.745810070292488092e+01
3.745582112464867919e+01
3.745352904707068120e+01
3.745122453464401957e+01
3.744890765246704234e+01
3.744657846637164056e+01
3.744423704298529998e+01
3.744188344976690530e+01
3.743951775501036394e+01
3.743714002781225503e+01
3.743475033801606600e+01
3.743234875614677293e+01
3.742993535334534982e+01
3.742751020131705531e+01
3.742507337230494358e+01
3.742262493908685883e+01
3.742016497497823480e+01
3.741769355383007678e+01
3.741521075002889773e+01
3.741271663850154283e+01
3.741021129472199647e+01
3.740769479472110248e+01
3.740516721508753761e+01
3.740262863293278883e+01
3.740007912581226179e+01
3.739751877163379845e+01
3.739494764859932019e+01
3.739236583520197144e+01
3.738977341026229340e+01
3.738717045297412511e+01
3.738455704294857895e+01
3.738193326025706398e+01
3.737929918547530406e+01
3.737665489973028343e+01
3.737400048475208791e+01
3.737133602294132828e+01
3.736866159746096372e+01
3.736597729231641551e+01
3.736328319237339457e+01
3.736057938332896100e+01
3.735786595167674307e+01
3.735514298466342353e+01
3.735241057024818190e+01
3.734966879710593446e+01
3.734691775464914087e+01
3.734415753299703056e+01
3.734138822289119020e+01
3.733860991561225973e+01
3.733582270292382077e+01
3.733302667704359834e+01
3.733022193063614225e+01
3.732740855680548009e+01
3.732458664906540946e+01
3.732175630129612642e+01
3.731891760772429478e+01
3.731607066293327080e+01
3.731321556186075128e+01
3.731035239976618101e+01
3.730748127220302734e+01
3.730460227502813808e+01
3.730171550445101758e+01
3.729882105710262152e+01
3.729591903009632858e+01
3.729300952106463285e+01
3.729009262817044146e+01
3.728716845011359027e+01
3.728423708615094512e+01
3.728129863611464145e+01
3.727835320040200173e+01
3.727540087994311335e+01
3.727244177618398169e+01
3.726947599110576448e+01
3.726650362724981846e+01
3.726352478771452326e+01
3.726053957614241341e+01
3.725754809674036494e+01
3.725455045433982093e+01
3.725154675446569286e+01
3.724853710337612256e+01
3.724552160805354362e+01
3.724250037615965425e+01
3.723947351597684730e+01
3.723644113634858144e+01
3.723340334664613493e+01
3.723036025679184036e+01
3.722731197730277586e+01
3.722425861927992230e+01
3.722120029434864108e+01
3.721813711462054641e+01
3.721506919269437219e+01
3.721199664166369558e+01
3.720891957511780390e+01
3.720583810714258988e+01
3.720275235232439570e+01
3.719966242574988513e+01
3.719656844298657461e+01
3.719347052004374632e+01
3.719036877335881286e+01
3.718726331985376277e+01
3.718415427703738629e+01
3.718104176309391562e+01
3.717792589693069516e+01
3.717480679818012135e+01
3.717168458716265178e+01
3.716855938484387423e+01
3.716543131281409273e+01
3.716230049328733287e+01
3.715916704911207091e+01
3.715603110378389573e+01
3.715289278143578855e+01
3.714975220680891255e+01
3.714660950524874039e+01
3.714346480274112139e+01
3.714031822594152743e+01
3.713716990215364433e+01
3.713401995925247689e+01
3.713086852556065054e+01
3.712771572970916623e+01
3.712456170053029325e+01
3.712140656698746000e+01
3.711825045811199431e+01
3.711509350291841969e+01
3.711193583027689158e+01
3.710877756875449052e+01
3.710561884646717346e+01
3.710245979096978175e+01
3.709930052917425769e+01
3.709614118726592125e+01
3.709298189061293272e+01
3.708982276369525266e+01
3.708666393005694317e+01
3.708350551225362324e+01
3.708034763178434190e+01
3.707719040902247087e+01
3.707403396315533683e+01
3.707087841214145385e+01
3.706772387269590752e+01
3.706457046029532876e+01
3.706141828918082126e+01
3.705826747234827678e+01
3.705511812152700202e+01
3.705197034714856130e+01
3.704882425830494697e+01
3.704567996269503283e+01
3.704253756655837293e+01
3.703939717460117720e+01
3.703625888993695270e+01
3.703312281406994799e+01
3.702998904693316717e+01
3.702685768696824908e+01
3.702372883121123692e+01
3.702060257535003274e+01
3.701747901375070171e+01
3.701435823946820847e+01
3.701124034425322407e+01
3.700812541856379312e+01
3.700501355159361339e+01
3.700190483131969188e+01
3.699879934454330055e+01
3.699569717689379900e+01
3.699259841280913719e+01
3.698950313552997926e+01
3.698641142712205720e+01
3.698332336851802893e+01
3.698023903955733971e+01
3.697715851900470341e+01
3.697408188454708267e+01
3.697100921278098440e+01
3.696794057920652676e+01
3.696487605824781042e+01
3.696181572329472687e+01
3.695875964673792424e+01
3.695570789998819805e+01
3.695266055349001277e+01
3.694961767672527486e+01
3.694657933819667761e+01
3.694354560539442645e+01
3.694051654476203339e+01
3.693749222167473079e+01
3.693447270044614328e+01
3.693145804439534174e+01
3.692844831598305433e+01
3.692544357694493584e+01
3.692244388833038471e+01
3.691944931043901335e+01
3.691645990271233302e+01
3.691347572363125806e+01
3.691049683064383657e+01
3.690752328012604977e+01
3.690455512736598820e+01
3.690159242656558547e+01
3.689863523085692520e+01
3.689568359232438155e+01
3.689273756202677390e+01
3.688979719002049507e+01
3.688686252537866750e+01
3.688393361619284150e+01
3.688101050954832516e+01
3.687809325148200656e+01
3.687518188694598109e+01
3.687227645979653090e+01
3.686937701282494828e+01
3.686648358785170387e+01
3.686359622587218610e+01
3.686071496720830254e+01
3.685783985164448495e+01
3.685497091854713858e+01
3.685210820698114276e+01
3.684925175586430157e+01
3.684640160414818411e+01
3.684355779093745298e+01
3.684072035550798319e+01
3.683788933728789061e+01
3.683506477587854988e+01
3.683224671111644000e+01
3.682943518311848408e+01
3.682663023227474497e+01
3.682383189923039879e+01
3.682104022493393813e+01
3.681825525075650063e+01
3.681547701861210697e+01
3.681270557101559149e+01
3.680994095105186403e+01
3.680718320227892804e+01
3.680443236861724188e+01
3.680168849424490674e+01
3.679895162348702087e+01
3.679622180069625870e+01
3.679349907013046561e+01
3.679078347583809716e+01
3.678807506156603324e+01
3.678537387069658138e+01
3.678267994621371173e+01
3.677999333069558929e+01
3.677731406632166511e+01
3.677464219488079777e+01
3.677197775777733568e+01
3.676932079603727033e+01
3.676667135030748312e+01
3.676402946083656076e+01
3.676139516743600666e+01
3.675876850943275542e+01
3.675614952562553839e+01
3.675353825425489163e+01
3.675093473298873903e+01
3.674833899891962119e+01
3.674575108857266770e+01
3.674317103792132144e+01
3.674059888240307004e+01
3.673803465693029580e+01
3.673547839589327424e+01
3.673293013315251443e+01
3.673038990201933984e+01
3.672785773522871722e+01
3.672533366491104800e+01
3.672281772256105370e+01
3.672030993900177265e+01
3.671781034436412483e+01
3.671531896810544993e+01
3.671283583905428571e+01
3.671036098544933424e+01
3.670789443496477844e+01
3.670543621473552776e+01
3.670298635139129573e+01
3.670054487109451458e+01
3.669811179956948877e+01
3.669568716211493609e+01
3.669327098359904937e+01
3.669086328843891209e+01
3.668846410057307139e+01
3.668607344343706700e+01
3.668369133995157938e+01
3.668131781253882195e+01
3.667895288315546765e+01
3.667659657329439682e+01
3.667424890393969861e+01
3.667190989551283309e+01
3.666957956784030159e+01
3.666725794013971296e+01
3.666494503101758795e+01
3.666264085847785736e+01
3.666034543993323069e+01
3.665805879221076680e+01
3.665578093155448158e+01
3.665351187362789176e+01
3.665125163351175530e+01
3.664900022570665072e+01
3.664675766415885505e+01
3.664452396229994946e+01
3.664229913308727760e+01
3.664008318906786599e+01
3.663787614246367497e+01
3.663567800521892082e+01
3.663348878897721050e+01
3.663130850502748359e+01
3.662913716426552924e+01
3.662697477719253669e+01
3.662482135398082050e+01
3.662267690460087977e+01
3.662054143892120095e+01
3.661841496671843288e+01
3.661629749762808927e+01
3.661418904110015404e+01
3.661208960641211974e+01
3.660999920273460617e+01
3.660791783919209763e+01
3.660584552489252275e+01
3.660378226892659370e+01
3.660172808031453684e+01
3.659968296790702880e+01
3.659764694030167931e+01
3.659562000581413344e+01
3.659360217248507041e+01
3.659159344809607717e+01
3.658959384020588601e+01
3.658760335622949356e+01
3.658562200353770777e+01
3.658364978953624558e+01
3.658168672171654379e+01
3.657973280768122493e+01
3.657778805512673159e+01
3.657585247178106158e+01
3.657392606534450863e+01
3.657200884348777237e+01
3.657010081390659195e+01
3.656820198438221325e+01
3.656631236280772868e+01
3.656443195718327388e+01
3.656256077560627915e+01
3.656069882628123935e+01
3.655884611755280389e+01
3.655700265793791459e+01
3.655516845613066579e+01
3.655334352097591477e+01
3.655152786141177046e+01
3.654972148637015295e+01
3.654792440464420622e+01
3.654613662477034808e+01
3.654435815496870532e+01
3.654258900314106739e+01
3.654082917689795806e+01
3.653907868359163302e+01
3.653733753034802589e+01
3.653560572409774210e+01
3.653388327160309501e+01
3.653217017948419709e+01
3.653046645425185801e+01
3.652877210234822769e+01
3.652708713019038811e+01
3.652541154420509883e+01
3.652374535084022256e+01
3.652208855655563013e+01
3.652044116781217298e+01
3.651880319106548711e+01
3.651717463275298314e+01
3.651555549926423794e+01
3.651394579689875286e+01
3.651234553182363385e+01
3.651075471005277251e+01
3.650917333745999827e+01
3.650760141980691031e+01
3.650603896275897853e+01
3.650448597188410105e+01
3.650294245263361148e+01
3.650140841029986660e+01
3.649988384994464496e+01
3.649836877630218623e+01
3.649686319367437903e+01
3.649536710583767984e+01
3.649388051596756810e+01
3.649240342657458314e+01
3.649093583945114716e+01
3.648947775562903928e+01
3.648802917533786427e+01
3.648659009796055841e+01
3.648516052199377668e+01
3.648374044502187985e+01
3.648232986371329645e+01
3.648092877385976607e+01
3.647953717049153965e+01
3.647815504805881659e+01
3.647678240061603816e+01
3.647541922199549447e+01
3.647406550600330633e+01
3.647272124659397008e+01
3.647138643792800394e+01
3.647006107429512411e+01
3.646874514998774686e+01
3.646743865922512384e+01
3.646614159614762229e+01
3.646485395482457648e+01
3.646357572923098900e+01
3.646230691320767647e+01
3.646104750044373333e+01
3.645979748448536384e+01
3.645855685874173702e+01
3.645732561646841674e+01
3.645610375073132303e+01
3.645489125437258338e+01
3.645368812000757686e+01
3.645249434005800993e+01
3.645130990679176364e+01
3.645013481234521890e+01
3.644896904873289856e+01
3.644781260785512700e+01
3.644666548150570407e+01
3.644552766138345135e+01
3.644439913911152473e+01
3.644327990626062785e+01
3.644216995436829620e+01
3.644106927494941317e+01
3.643997785949697032e+01
3.643889569946818341e+01
3.643782278624920679e+01
3.643675911110612020e+01
3.643570466514962192e+01
3.643465943933959039e+01
3.643362342452374492e+01
3.643259661147337880e+01
3.643157899089083429e+01
3.643057055340132422e+01
3.642957128955161039e+01
3.642858118981256865e+01
3.642760024457000156e+01
3.642662844410379108e+01
3.642566577856896970e+01
3.642471223798749236e+01
3.642376781224877647e+01
3.642283249111603993e+01
3.642190626423850119e+01
3.642098912116549769e+01
3.642008105135180074e+01
3.641918204413961035e+01
3.641829208871025259e+01
3.641741117402617789e+01
3.641653928880020885e+01
3.641567642150564410e+01
3.641482256040785614e+01
3.641397769358316339e+01
3.641314180890552876e+01
3.641231489402255761e+01
3.641149693635095730e+01
3.641068792308465873e+01
3.640988784119510058e+01
3.640909667742372591e+01
3.640831441827545234e+01
3.640754105001305874e+01
3.640677655863795792e+01
3.640602092984271110e+01
3.640527414895277758e+01
3.640453620089168396e+01
3.640380707018409367e+01
3.640308674100179331e+01
3.640237519724176707e+01
3.640167242259455804e+01
3.640097840056969147e+01
3.640029311448513738e+01
3.639961654744885067e+01
3.639894868235695213e+01
3.639828950190840828e+01
3.639763898861288993e+01
3.639699712478011406e+01
3.639636389250623694e+01
3.639573927367000294e+01
3.639512324993567205e+01
3.639451580276470111e+01
3.639391691343229951e+01
3.639332656302640601e+01
3.639274473242625163e+01
3.639217140228767278e+01
3.639160655304986136e+01
3.639105016495087597e+01
3.639050221804021845e+01
3.638996269219430957e+01
3.638943156713972371e+01
3.638890882247842029e+01
3.638839443772653937e+01
3.638788839239801831e+01
3.638739066613007367e+01
3.638690123881257676e+01
3.638642009070670014e+01
3.638594720255379400e+01
3.638548255565896028e+01
3.638502613195215218e+01
3.638457791406683839e+01
3.638413788543326177e+01
3.638370603032785056e+01
3.638328233390017630e+01
3.638286678226717896e+01
3.638245936267548331e+01
3.638206006365113154e+01
3.638166887508101865e+01
3.638128578823499026e+01
3.638091079577518627e+01
3.638054389177811743e+01
3.638018507174491845e+01
3.637983433257080179e+01
3.637949167249105642e+01
3.637915709102800577e+01
3.637883058890486154e+01
3.637851216789817954e+01
3.637820183069612057e+01
3.637789958083665454e+01
3.637760542269339936e+01
3.637731936145368650e+01
3.637704140311416268e+01
3.637677155453187794e+01
3.637650982350071160e+01
3.637625621879269744e+01
3.637601075014771368e+01
3.637577342826998006e+01
3.637554426487034220e+01
3.637532327268612420e+01
3.637511046542299198e+01
3.637490585765504392e+01
3.637470946471110267e+01
3.637452130254260396e+01
3.637434138758359126e+01
3.637416973661272124e+01
3.637400636660642306e+01
3.637385129457945254e+01
3.637370453743801590e+01
3.637356611187775712e+01
3.637343603432648820e+01
3.637331432090548589e+01
3.637320098739457563e+01
3.637309604920702100e+01
3.637299952137899339e+01
3.637291141856388066e+01
3.637283175501976018e+01
3.637276054460566144e+01
3.637269780081674497e+01
3.637264353684872731e+01
3.637259776565249325e+01
3.637256049996634744e+01
3.637253175233653479e+01
3.637251153513288671e+01
3.637249986055957862e+01
3.637249674065907357e+01
3.637250218731211504e+01
3.637251621225332343e+01
3.637253882712867181e+01
3.637257004358702517e+01
3.637260987336387785e+01
3.637265832831733547e+01
3.637271542038035221e+01
3.637278116142815065e+01
3.637285556312519930e+01
3.637293863680723405e+01
3.637303039340227429e+01
3.637313084339051983e+01
3.637323999680035058e+01
3.637335786321883546e+01
3.637348445180719381e+01
3.637361977132201218e+01
3.637376383013356218e+01
3.637391663623631644e+01
3.637407819725650171e+01
3.637424852045966617e+01
3.637442761275723768e+01
3.637461548070723438e+01
3.637481213050132567e+01
3.637501756794115693e+01
3.637523179842634136e+01
3.637545482697072430e+01
3.637568665823028624e+01
3.637592729651350965e+01
3.637617674576736704e+01
3.637643500955751108e+01
3.637670209106393315e+01
3.637697799308642743e+01
3.637726271802275591e+01
3.637755626781073204e+01
3.637785864388979462e+01
3.637816984721223434e+01
3.637848987825928759e+01
3.637881873704161251e+01
3.637915642311925524e+01
3.637950293565082660e+01
3.637985827344264322e+01
3.638022243497547237e+01
3.638059541840492273e+01
3.638097722154339664e+01
3.638136784184094097e+01
3.638176727638079200e+01
3.638217552189142623e+01
3.638259257476541109e+01
3.638301843106851408e+01
3.638345308651470589e+01
3.638389653638755306e+01
3.638434877542947277e+01
3.638480979776312552e+01
3.638527959688778424e+01
3.638575816572340926e+01
3.638624549664208985e+01
3.638674158145947501e+01
3.638724641140967719e+01
3.638775997714157029e+01
3.638828226874039729e+01
3.638881327575232660e+01
3.638935298720895162e+01
3.638990139166249094e+01
3.639045847722880467e+01
3.639102423162742639e+01
3.639159864221188201e+01
3.639218169599023867e+01
3.639277337963978454e+01
3.639337367952659008e+01
3.639398258175232570e+01
3.639460007222828608e+01
3.639522613673585738e+01
3.639586076094600742e+01
3.639650393041535636e+01
3.639715563058812364e+01
3.639781584680977033e+01
3.639848456433177404e+01
3.639916176829017758e+01
3.639984744365973057e+01
3.640054157519242750e+01
3.640124414734827241e+01
3.640195514423088952e+01
3.640267454955424142e+01
3.640340234665906394e+01
3.640413851855172567e+01
3.640488304792058472e+01
3.640563591712512448e+01
3.640639710818307151e+01
3.640716660277023919e+01
3.640794438222516050e+01
3.640873042754106592e+01
3.640952471932767054e+01
3.641032723773300006e+01
3.641113796234665756e+01
3.641195687212749732e+01
3.641278394537312835e+01
3.641361915972156993e+01
3.641446249218400766e+01
3.641531391922148231e+01
3.641617341685360287e+01
3.641704096075661568e+01
3.641791652632731768e+01
3.641880008872259111e+01
3.641969162288632589e+01
3.642059110356456841e+01
3.642149850530221045e+01
3.642241380241721771e+01
3.642333696895929762e+01
3.642426797866266952e+01
3.642520680489884199e+01
3.642615342063329109e+01
3.642710779838503043e+01
3.642806991018127150e+01
3.642903972750922748e+01
3.643001722128341413e+01
3.643100236183926199e+01
3.643199511893551801e+01
3.643299546173513903e+01
3.643400335876675911e+01
3.643501877790654220e+01
3.643604168641657992e+01
3.643707205106018421e+01
3.643810983827857086e+01
3.643915501435481730e+01
3.644020754549897134e+01
3.644126739785225055e+01
3.644233453744352147e+01
3.644340893012920901e+01
3.644449054153219691e+01
3.644557933698172292e+01
3.644667528145323843e+01
3.644777833950340096e+01
3.644888847519722930e+01
3.645000565204701815e+01
3.645112983298911757e+01
3.645226098039977103e+01
3.645339905612937770e+01
3.645454402153290374e+01
3.645569583749436759e+01
3.645685446446989886e+01
3.645801986255897731e+01
3.645919199157764723e+01
3.646037081110737432e+01
3.646155628051265296e+01
3.646274835893044752e+01
3.646394700524104593e+01
3.646515217803503361e+01
3.646636383558609396e+01
3.646758193581894858e+01
3.646880643625193130e+01
3.647003729393469484e+01
3.647127446543169782e+01
3.647251790684465078e+01
3.647376757381931611e+01
3.647502342152607469e+01
3.647628540464334179e+01
3.647755347735370179e+01
3.647882759333993619e+01
3.648010770577236173e+01
3.648139376728931893e+01
3.648268572998054537e+01
3.648398354538421273e+01
3.648528716449465037e+01
3.648659653776714862e+01
3.648791161511298498e+01
3.648923234589154418e+01
3.649055867892482752e+01
3.649189056255873709e+01
3.649322794473697229e+01
3.649457077300769470e+01
3.649591899445720600e+01
3.649727255569317919e+01
3.649863140299457598e+01
3.649999548255791382e+01
3.650136474065877934e+01
3.650273912369939211e+01
3.650411857826396300e+01
3.650550305124119888e+01
3.650689248997220204e+01
3.650828684236812194e+01
3.650968605695958047e+01
3.651109008286142199e+01
3.651249886968381730e+01
3.651391236746384550e+01
3.651533052666327706e+01
3.651675329821316041e+01
3.651818063356028432e+01
3.651961248468349908e+01
3.652104880408464993e+01
3.652248954480584331e+01
3.652393466051876203e+01
3.652538410564710603e+01
3.652683783542767060e+01
3.652829580587202685e+01
3.652975797365517963e+01
3.653122429596227505e+01
3.653269473032464987e+01
3.653416923447336728e+01
3.653564776621418986e+01
3.653713028331326740e+01
3.653861674339545118e+01
3.654010710386604188e+01
3.654160132185387511e+01
3.654309935415837884e+01
3.654460115717515833e+01
3.654610668679622165e+01
3.654761589832293112e+01
3.654912874642467102e+01
3.655064518513749050e+01
3.655216516789969461e+01
3.655368864763622128e+01
3.655521557686632406e+01
3.655674590778204447e+01
3.655827959228285806e+01
3.655981658198594175e+01
3.656135682822379351e+01
3.656290028203306264e+01
3.656444689414924909e+01
3.656599661503153698e+01
3.656754939491983691e+01
3.656910518388787779e+01
3.657066393186124031e+01
3.657222558860227224e+01
3.657379010367843364e+01
3.657535742643649712e+01
3.657692750599815668e+01
3.657850029126731783e+01
3.658007573093154008e+01
3.658165377345084579e+01
3.658323436703380338e+01
3.658481745960489206e+01
3.658640299876697100e+01
3.658799093176373418e+01
3.658958120545092640e+01
3.659117376628027074e+01
3.659276856029695324e+01
3.659436553315567409e+01
3.659596463014929668e+01
3.659756579623270767e+01
3.659916897603684305e+01
3.660077411388278534e+01
3.660238115379772950e+01
3.660399003952424124e+01
3.660560071452059816e+01
3.660721312195735067e+01
3.660882720471091289e+01
3.661044290535517831e+01
3.661206016615028602e+01
3.661367892901765941e+01
3.661529913550046444e+01
3.661692072673092468e+01
3.661854364342191559e+01
3.662016782588297303e+01
3.662179321405768917e+01
3.662341974758547281e+01
3.662504736588375920e+01
3.662667600822243941e+01
3.662830561374956773e+01
3.662993612145373845e+01
3.663156747011773717e+01
3.663319959835399686e+01
3.663483244472962497e+01
3.663646594790805011e+01
3.663810004677313259e+01
3.663973468055320382e+01
3.664136978896758734e+01
3.664300531241496373e+01
3.664464119219098137e+01
3.664627737067372237e+01
3.664791379142729255e+01
3.664955039923631119e+01
3.665118714011310175e+01
3.665282396129901343e+01
3.665446081125899980e+01
3.665609763968387824e+01
3.665773439753750296e+01
3.665937103715647538e+01
3.666100751236739796e+01
3.666264377858761492e+01
3.666427979289274930e+01
3.666591551404827243e+01
3.666755090252157601e+01
3.666918592049303527e+01
3.667082053187296964e+01
3.667245470233218896e+01
3.667408839934523712e+01
3.667572159221511896e+01
3.667735425203471067e+01
3.667898635157612119e+01
3.668061786515366407e+01
3.668224876850543836e+01
3.668387903868946864e+01
3.668550865398861305e+01
3.668713759384957740e+01
3.668876583885603537e+01
3.669039337070660167e+01
3.669202017220157330e+01
3.669364622726183711e+01
3.669527152096527089e+01
3.669689603956373247e+01
3.669851977046587876e+01
3.670014270218789676e+01
3.670176482428473008e+01
3.670338612729200634e+01
3.670500660269432558e+01
3.670662624290711307e+01
3.670824504127410393e+01
3.670986299208722414e+01
3.671148009058795481e+01
3.671309633292977281e+01
3.671471171619605656e+01
3.671632623855830246e+01
3.671793989948208292e+01
3.671955269982968417e+01
3.672116464183525153e+01
3.672277572901065668e+01
3.672438596603683436e+01
3.672599535866678622e+01
3.672760391361882881e+01
3.672921163843771808e+01
3.673081854133919677e+01
3.673242463105848543e+01
3.673402991671428452e+01
3.673563440768548105e+01
3.673723811347718282e+01
3.673884104356720570e+01
3.674044320725452195e+01
3.674204461353990325e+01
3.674364527105423406e+01
3.674524518801708695e+01
3.674684437220302158e+01
3.674844283092643593e+01
3.675004057106050936e+01
3.675163759907756145e+01
3.675323392108260379e+01
3.675482954281770986e+01
3.675642446963220067e+01
3.675801870643244484e+01
3.675961225763359153e+01
3.676120512712689958e+01
3.676279731825676578e+01
3.676438883379684341e+01
3.676597967593585992e+01
3.676756984629657410e+01
3.676915934598004299e+01
3.677074817560015418e+01
3.677233633528896917e+01
3.677392382467083820e+01
3.677551064281415449e+01
3.677709678818114725e+01
3.677868225858938445e+01
3.678026705118782758e+01
3.678185116245244046e+01
3.678343458820517498e+01
3.678501732364651389e+01
3.678659936338032566e+01
3.678818070141527130e+01
3.678976133113992120e+01
3.679134124527843142e+01
3.679292043584229788e+01
3.679449889409377050e+01
3.679607661052199319e+01
3.679765357481325339e+01
3.679922977579590793e+01
3.680080520136686317e+01
3.680237983842573612e+01
3.680395367282959285e+01
3.680552668936319094e+01
3.680709887172095307e+01
3.680867020249965549e+01
3.681024066321153754e+01
3.681181023434223931e+01
3.681337889544580833e+01
3.681494662522404582e+01
3.681651340155912777e+01
3.681807920151216962e+01
3.681964400130710402e+01
3.682120777631071462e+01
3.682277050101853177e+01
3.682433214905334040e+01
3.682589269316959957e+01
3.682745210525389012e+01
3.682901035632544762e+01
3.683056741654050370e+01
3.683212325519086505e+01
3.683367784067615247e+01
3.683523114043318714e+01
3.683678312084978757e+01
3.683833374721170628e+01
3.683988298370216086e+01
3.684143079349389183e+01
3.684297713896300053e+01
3.684452198193495320e+01
3.684606528385261015e+01
3.684760700588098103e+01
3.684914710902076251e+01
3.685068555422960657e+01
3.685222230247916997e+01
3.685375731471373939e+01
3.685529055178257352e+01
3.685682197444432262e+01
3.685835154342990450e+01
3.685987921947229751e+01
3.686140496330313709e+01
3.686292873572145368e+01
3.686445049778711791e+01
3.686597021105220051e+01
3.686748783769405691e+01
3.686900334050805128e+01
3.687051668284674832e+01
3.687202782860686057e+01
3.687353674226485367e+01
3.687504338892427569e+01
3.687654773438745082e+01
3.687804974523007218e+01
3.687954938880469768e+01
3.688104663317218268e+01
3.688254144702335680e+01
3.688403379963481399e+01
3.688552366089677292e+01
3.688701100141105371e+01
3.688849579254240041e+01
3.688997800629528712e+01
3.689145761510614818e+01
3.689293459179720003e+01
3.689440890972998233e+01
3.689588054294528519e+01
3.689734946615693900e+01
3.689881565465896074e+01
3.690027908425700076e+01
3.690173973127581775e+01
3.690319757258229316e+01
3.690465258552669781e+01
3.690610474781959027e+01
3.690755403742633689e+01
3.690900043247908258e+01
3.691044391119172730e+01
3.691188445183329492e+01
3.691332203278610535e+01
3.691475663264675688e+01
3.691618823034373520e+01
3.691761680525299028e+01
3.691904233726395290e+01
3.692046480678406795e+01
3.692188419473857408e+01
3.692330048261598563e+01
3.692471365255062921e+01
3.692612368738765838e+01
3.692753057065358746e+01
3.692893428639430908e+01
3.693033481896251402e+01
3.693173215289959899e+01
3.693312627294612582e+01
3.693451716408154084e+01
3.693590481151905891e+01
3.693728920066651256e+01
3.693867031707547000e+01
3.694004814637476386e+01
3.694142267417292658e+01
3.694279388592644153e+01
3.694416176679735031e+01
3.694552630153128803e+01
3.694688747436088505e+01
3.694824526891594019e+01
3.694959966812879060e+01
3.695095065413769220e+01
3.695229820820094346e+01
3.695364231062560378e+01
3.695498294068552525e+01
3.695632007651114748e+01
3.695765369497438257e+01
3.695898377159596038e+01
3.696031028049949185e+01
3.696163319445035000e+01
3.696295248496267050e+01
3.696426812238885873e+01
3.696558007595065476e+01
3.696688831374390816e+01
3.696819280275116171e+01
3.696949350886877994e+01
3.697079039693419844e+01
3.697208343073749148e+01
3.697337257301841618e+01
3.697465778545947046e+01
3.697593902868298699e+01
3.697721626225099811e+01
3.697848944466816334e+01
3.697975853339340091e+01
3.698102348485154778e+01
3.698228425442844269e+01
3.698354079645729087e+01
3.698479306421179302e+01
3.698604100991101973e+01
3.698728458474670333e+01
3.698852373892413681e+01
3.698975842168361083e+01
3.699098858130141565e+01
3.699221416508205351e+01
3.699343511932712403e+01
3.699465138928565722e+01
3.699586291911618474e+01
3.699706965187218799e+01
3.699827152950700082e+01
3.699946849289436557e+01
3.700066048188790546e+01
3.700184743547220734e+01
3.700302929199863655e+01
3.700420598943480854e+01
3.700537746558875085e+01
3.700654365829503689e+01
3.700770450553572744e+01
3.700885994547848412e+01
3.701000991645917537e+01
3.701115435697229827e+01
3.701229320571784598e+01
3.701342640171353082e+01
3.701455388444011163e+01
3.701567559396426788e+01
3.701679147101091871e+01
3.701790145699552426e+01
3.701900549401945995e+01
3.702010352482444233e+01
3.702119549275281685e+01
3.702228134177799745e+01
3.702336101661476420e+01
3.702443446287247752e+01
3.702550162714982918e+01
3.702656245697180282e+01
3.702761690066037659e+01
3.702866490730854565e+01
3.702970642682932834e+01
3.703074140995509111e+01
3.703176980818918906e+01
3.703279157379654407e+01
3.703380665987023690e+01
3.703481502043317874e+01
3.703581661052319873e+01
3.703681138624994418e+01
3.703779930483421623e+01
3.703878032462591108e+01
3.703975440504206773e+01
3.704072150634132754e+01
3.704168158928047205e+01
3.704263461486064557e+01
3.704358054431025948e+01
3.704451933925496121e+01
3.704545096192462950e+01
3.704637537528141422e+01
3.704729254306118946e+01
3.704820242979062783e+01
3.704910500080912072e+01
3.705000022226446532e+01
3.705088806103836419e+01
3.705176848460383354e+01
3.705264146088056521e+01
3.705350695816154172e+01
3.705436494514277257e+01
3.705521539104085349e+01
3.705605826568606886e+01
3.705689353945290065e+01
3.705772118307266538e+01
3.705854116751140026e+01
3.705935346399002839e+01
3.706015804406003866e+01
3.706095487962264201e+01
3.706174394290514584e+01
3.706252520648696702e+01
3.706329864337049429e+01
3.706406422700228376e+01
3.706482193117344792e+01
3.706557172978762082e+01
3.706631359658117475e+01
3.706704750495449474e+01
3.706777342798545760e+01
3.706849133853347666e+01
3.706920120932993257e+01
3.706990301306863245e+01
3.707059672255665106e+01
3.707128231089247095e+01
3.707195975155355683e+01
3.707262901837677305e+01
3.707329008555343108e+01
3.707394292769644295e+01
3.707458751991525503e+01
3.707522383784307607e+01
3.707585185761838176e+01
3.707647155583613596e+01
3.707708290948935570e+01
3.707768589596719977e+01
3.707828049316795926e+01
3.707886667965007632e+01
3.707944443466825390e+01
3.708001373803518419e+01
3.708057456987125988e+01
3.708112691036505026e+01
3.708167073964872884e+01
3.708220603779230373e+01
3.708273278484273305e+01
3.708325096090199224e+01
3.708376054632594787e+01
3.708426152201771231e+01
3.708475386966649978e+01
3.708523757187735725e+01
3.708571261225807092e+01
3.708617897550024622e+01
3.708663664742923061e+01
3.708708561500723988e+01
3.708752586629274361e+01
3.708795739032677830e+01
3.708838017690430178e+01
3.708879421626569695e+01
3.708919949882628231e+01
3.708959601504321313e+01
3.708998375544892667e+01
3.709036271084340086e+01
3.709073287261696095e+01
3.709109423310717801e+01
3.709144678584277699e+01
3.709179052560739365e+01
3.709212544837372860e+01
3.709245155119587878e+01
3.709276883212114484e+01
3.709307729014569333e+01
3.709337692520528407e+01
3.709366773814850404e+01
3.709394973062619272e+01
3.709422290486308782e+01
3.709448726333690161e+01
3.709474280849244110e+01
3.709498954265358606e+01
3.709522746814947425e+01
3.709545658751188313e+01
3.709567690362779757e+01
3.709588841984715657e+01
3.709609114007995601e+01
3.709628506889523436e+01
3.709647021161819680e+01
3.709664657440590219e+01
3.709681416429272360e+01
3.709697298921346942e+01
3.709712305797680898e+01
3.709726438015110972e+01
3.709739696590437319e+01
3.709752082589495359e+01
3.709763597126062251e+01
3.709774241367684056e+01
3.709784016540918117e+01
3.709792923927417263e+01
3.709800964846967730e+01
3.709808140634192597e+01
3.709814452623928815e+01
3.709819902157158111e+01
3.709824490605932823e+01
3.709828219402397309e+01
3.709831090054073854e+01
3.709833104134504111e+01
3.709834263252952979e+01
3.709834569025762363e+01
3.709834023070606435e+01
3.709832627018470674e+01
3.709830382527970016e+01
3.709827291301429142e+01
3.709823355103971920e+01
3.709818575776877481e+01
3.709812955245277521e+01
3.709806495532680515e+01
3.709799198781142593e+01
3.709791067258291264e+01
3.709782103341265724e+01
3.709772309489454045e+01
3.709761688224633502e+01
3.709750242121637598e+01
3.709737973797947319e+01
3.709724885900168800e+01
3.709710981098012894e+01
3.709696262084514018e+01
3.709680731569228840e+01
3.709664392266474664e+01
3.709647246896813044e+01
3.709629298207826764e+01
3.709610548997813595e+01
3.709591002122051862e+01
3.709570660476948945e+01
3.709549526977084355e+01
3.709527604544526724e+01
3.709504896115490880e+01
3.709481404655760173e+01
3.709457133174654331e+01
3.709432084732369361e+01
3.709406262440992919e+01
3.709379669463176299e+01
3.709352309010812832e+01
3.709324184339138952e+01
3.709295298733230339e+01
3.709265655492662717e+01
3.709235257920737894e+01
3.709204109322781306e+01
3.709172213015150987e+01
3.709139572336971469e+01
3.709106190654570412e+01
3.709072071357726941e+01
3.709037217852908697e+01
3.709001633559623201e+01
3.708965321911930602e+01
3.708928286361034310e+01
3.708890530376795880e+01
3.708852057448575579e+01
3.708812871082950835e+01
3.708772974799588695e+01
3.708732372130819499e+01
3.708691066624523103e+01
3.708649061847506090e+01
3.708606361391214534e+01
3.708562968880371358e+01
3.708518887980739720e+01
3.708474122400846085e+01
3.708428675880747249e+01
3.708382552164341917e+01
3.708335754967585274e+01
3.708288287964241903e+01
3.708240154793753618e+01
3.708191359076994331e+01
3.708141904430080871e+01
3.708091794476430181e+01
3.708041032857064323e+01
3.707989623235658172e+01
3.707937569293551405e+01
3.707884874711513845e+01
3.707831543141777075e+01
3.707777578182299294e+01
3.707722983366035407e+01
3.707667762171350745e+01
3.707611918052006672e+01
3.707555454477965640e+01
3.707498374974249344e+01
3.707440683146351290e+01
3.707382382684026112e+01
3.707323477342681883e+01
3.707263970914922879e+01
3.707203867207170589e+01
3.707143170023197598e+01
3.707081883151844437e+01
3.707020010360007234e+01
3.706957555388446224e+01
3.706894521948473198e+01
3.706830913725652010e+01
3.706766734392563478e+01
3.706701987621368488e+01
3.706636677088683030e+01
3.706570806473245483e+01
3.706504379450072406e+01
3.706437399684720191e+01
3.706369870828420687e+01
3.706301796512631341e+01
3.706233180342322697e+01
3.706164025888875102e+01
3.706094336684049040e+01
3.706024116214932462e+01
3.705953367918103680e+01
3.705882095173605961e+01
3.705810301302719978e+01
3.705737989571679236e+01
3.705665163199281409e+01
3.705591825365381453e+01
3.705517979217431446e+01
3.705443627872541867e+01
3.705368774414967703e+01
3.705293421891356331e+01
3.705217573305893808e+01
3.705141231615746733e+01
3.705064399725628022e+01
3.704987080481098616e+01
3.704909276663035911e+01
3.704830990985124828e+01
3.704752226092321621e+01
3.704672984558055759e+01
3.704593268880944379e+01
3.704513081482476622e+01
3.704432424705971982e+01
3.704351300817091897e+01
3.704269712006501436e+01
3.704187660393793635e+01
3.704105148030830463e+01
3.704022176904209118e+01
3.703938748937240888e+01
3.703854865990471268e+01
3.703770529860346983e+01
3.703685742278472759e+01
3.703600504914273017e+01
3.703514819380677636e+01
3.703428687239320283e+01
3.703342110002034104e+01
3.703255089128844446e+01
3.703167626023914494e+01
3.703079722028861909e+01
3.702991378414519374e+01
3.702902596375518129e+01
3.702813377028770248e+01
3.702723721412240820e+01
3.702633630481485483e+01
3.702543105103847410e+01
3.702452146049538584e+01
3.702360753979800023e+01
3.702268929439249234e+01
3.702176672861089912e+01
3.702083984581864229e+01
3.701990864850949237e+01
3.701897313822910007e+01
3.701803331536698494e+01
3.701708917898072571e+01
3.701614072674580314e+01
3.701518795498626702e+01
3.701423085872593077e+01
3.701326943178627005e+01
3.701230366702073837e+01
3.701133355667276703e+01
3.701035909272015090e+01
3.700938026715909501e+01
3.700839707224726993e+01
3.700740950065048196e+01
3.700641754547052642e+01
3.700542120017560421e+01
3.700442045841580097e+01
3.700341531377725346e+01
3.700240575961125700e+01
3.700139178904074555e+01
3.700037339519364821e+01
3.699935057156589124e+01
3.699832331226553350e+01
3.699729161203676853e+01
3.699625546620306693e+01
3.699521487064834702e+01
3.699416982182248148e+01
3.699312031673316170e+01
3.699206635290663314e+01
3.699100792831236362e+01
3.698994504126436311e+01
3.698887769031372130e+01
3.698780587416651144e+01
3.698672959168835916e+01
3.698564884200255420e+01
3.698456362459401703e+01
3.698347393935478067e+01
3.698237978664419501e+01
3.698128116745323268e+01
3.698017808359423952e+01
3.697907053777082353e+01
3.697795853352405260e+01
3.697684207515721511e+01
3.697572116769859463e+01
3.697459581686912600e+01
3.697346602899742152e+01
3.697233181089979581e+01
3.697119316979043901e+01
3.697005011321500234e+01
3.696890264893838918e+01
3.696775078477803333e+01
3.696659452843912419e+01
3.696543388739169700e+01
3.696426886882373708e+01
3.696309947972871868e+01
3.696192572714313229e+01
3.696074761843374290e+01
3.695956516148545745e+01
3.695837836473823046e+01
3.695718723711878795e+01
3.695599178789829153e+01
3.695479202652275319e+01
3.695358796257203693e+01
3.695237960597508220e+01
3.695116696736145911e+01
3.694995005828827317e+01
3.694872889124498272e+01
3.694750347954034453e+01
3.694627383717281788e+01
3.694503997869902179e+01
3.694380191910219935e+01
3.694255967370550309e+01
3.694131325821285117e+01
3.694006268891159550e+01
3.693880798292183698e+01
3.693754915831528507e+01
3.693628623404318034e+01
3.693501922976680873e+01
3.693374816574451813e+01
3.693247306283372922e+01
3.693119394251526444e+01
3.692991082684667958e+01
3.692862373835513523e+01
3.692733269993031087e+01
3.692603773478352025e+01
3.692473886651112736e+01
3.692343611921342728e+01
3.692212951758045847e+01
3.692081908691061187e+01
3.691950485308242946e+01
3.691818684252356064e+01
3.691686508218552376e+01
3.691553959947367503e+01
3.691421042215574744e+01
3.691287757836879990e+01
3.691154109674499750e+01
3.691020100655688907e+01
3.690885733782271672e+01
3.690751012136405507e+01
3.690615938880692681e+01
3.690480517254395920e+01
3.690344750569168042e+01
3.690208642204976996e+01
3.690072195605056748e+01
3.689935414269497471e+01
3.689798301749321752e+01
3.689660861643576339e+01
3.689523097598574708e+01
3.689385013305287231e+01
3.689246612492151201e+01
3.689107898914862460e+01
3.688968876346853421e+01
3.688829548572199002e+01
3.688689919382815674e+01
3.688549992582283465e+01
3.688409771992492381e+01
3.688269261455417336e+01
3.688128464830806763e+01
3.687987385999614531e+01
3.687846028876005278e+01
3.687704397416440116e+01
3.687562495616097635e+01
3.687420327498963957e+01
3.687277897114839220e+01
3.687135208547156395e+01
3.686992265921581691e+01
3.686849073403412547e+01
3.686705635189128571e+01
3.686561955507687571e+01
3.686418038628834637e+01
3.686273888862060488e+01
3.686129510546691535e+01
3.685984908050657793e+01
3.685840085786008302e+01
3.685695048228425463e+01
3.685549799925242809e+01
3.685404345494308131e+01
3.685258689623427131e+01
3.685112837069817004e+01
3.684966792655360024e+01
3.684820561254559124e+01
3.684674147770413555e+01
3.684527557106202522e+01
3.684380794155776329e+01
3.684233863821027199e+01
3.684086771040271202e+01
3.683939520808640111e+01
3.683792118186882192e+01
3.683644568304514877e+01
3.683496876361319039e+01
3.683349047627571338e+01
3.683201087442908772e+01
3.683053001217632527e+01
3.682904794442384855e+01
3.682756472702799755e+01
3.682608041685672617e+01
3.682459507169355106e+01
3.682310875006161410e+01
3.682162151107009862e+01
3.682013341427730069e+01
3.681864451955846818e+01
3.681715488705752648e+01
3.681566457726532349e+01
3.681417365114764095e+01
3.681268217021472822e+01
3.681119019652458491e+01
3.680969779272816567e+01
3.680820502219442147e+01
3.680671194909252364e+01
3.680521863831918239e+01
3.680372515529834487e+01
3.680223156579747013e+01
3.680073793590064213e+01
3.679924433213948021e+01
3.679775082168345079e+01
3.679625747249127699e+01
3.679476435335509166e+01
3.679327153383268723e+01
3.679177908411538311e+01
3.679028707489592875e+01
3.678879557729193550e+01
3.678730466284527267e+01
3.678581440359161547e+01
3.678432487214750068e+01
3.678283614173506777e+01
3.678134828616001784e+01
3.677986137981393711e+01
3.677837549767174607e+01
3.677689071523655429e+01
3.677540710850883698e+01
3.677392475405403616e+01
3.677244372909639480e+01
3.677096411155152111e+01
3.676948598005009217e+01
3.676800941405610246e+01
3.676653449404935969e+01
3.676506130162617580e+01
3.676358991942665000e+01
3.676212043092169068e+01
3.676065292016693320e+01
3.675918747160822164e+01
3.675772416996702674e+01
3.675626310023301357e+01
3.675480434777050931e+01
3.675334799847958323e+01
3.675189413893858159e+01
3.675044285648723985e+01
3.674899423923773867e+01
3.674754837603116187e+01
3.674610535638617392e+01
3.674466527050326192e+01
3.674322820936142620e+01
3.674179426485584798e+01
3.674036352987708653e+01
3.673893609830356866e+01
3.673751206493854227e+01
3.673609152538665512e+01
3.673467457586619389e+01
3.673326131302628283e+01
3.673185183384480013e+01
3.673044623561696653e+01
3.672904461599553372e+01
3.672764707304168752e+01
3.672625370528274402e+01
3.672486461178834105e+01
3.672347989225936260e+01
3.672209964711770880e+01
3.672072397756694073e+01
3.671935298557686878e+01
3.671798677378735931e+01
3.671662544539061201e+01
3.671526910406705468e+01
3.671391785399234919e+01
3.671257179986288577e+01
3.671123104690762773e+01
3.670989570092623211e+01
3.670856586837103919e+01
3.670724165640954340e+01
3.670592317292256013e+01
3.670461052646634670e+01
3.670330382622305621e+01
3.670200318193165856e+01
3.670070870380229877e+01
3.669942050242870835e+01
3.669813868870550522e+01
3.669686337375611629e+01
3.669559466888611610e+01
3.669433268557349237e+01
3.669307753547845152e+01
3.669182933043561690e+01
3.669058818242483255e+01
3.668935420355554555e+01
3.668812750607462192e+01
3.668690820236240313e+01
3.668569640490538575e+01
3.668449222627866391e+01
3.668329577914875728e+01
3.668210717626579509e+01
3.668092653043417783e+01
3.667975395449884957e+01
3.667858956137343540e+01
3.667743346407520022e+01
3.667628577570542348e+01
3.667514660935866289e+01
3.667401607800569963e+01
3.667289429440082671e+01
3.667178137101640090e+01
3.667067741997250607e+01
3.666958255294809277e+01
3.666849688110088579e+01
3.666742051502524902e+01
3.666635356474120755e+01
3.666529613969418477e+01
3.666424834876639949e+01
3.666321030030579209e+01
3.666218210214908879e+01
3.666116386160879870e+01
3.666015568543003411e+01
3.665915767973947226e+01
3.665816994998750999e+01
3.665719260087189468e+01
3.665622573624963820e+01
3.665526945907424761e+01
3.665432387139044579e+01
3.665338907436873228e+01
3.665246516833708768e+01
3.665155225279605844e+01
3.665065042642505233e+01
3.664975978708575610e+01
3.664888043184004829e+01
3.664801245699720056e+01
3.664715595817561677e+01
3.664631103037142168e+01
3.664547776804942458e+01
3.664465626523401198e+01
3.664384661554262124e+01
3.664304891215682147e+01
3.664226324777779098e+01
3.664148971459540860e+01
3.664072840427876088e+01
3.663997940799586672e+01
3.663924281645189041e+01
3.663851871991364817e+01
3.663780720820300729e+01
3.663710837066583537e+01
3.663642229613027013e+01
3.663574907286395899e+01
3.663508878853033934e+01
3.663444153013900717e+01
3.663380738399026626e+01
3.663318643562158883e+01
3.663257876976864225e+01
3.663198447034876182e+01
3.663140362045991338e+01
3.663083630237971278e+01
3.663028259755556348e+01
3.662974258658608306e+01
3.662921634919665337e+01
3.662870396421491392e+01
3.662820550955017751e+01
3.662772106217568790e+01
3.662725069811481404e+01
3.662679449242815366e+01
3.662635251919963508e+01
3.662592485155382604e+01
3.662551156173842770e+01
3.662511272122527828e+01
3.662472840074508440e+01
3.662435867025005365e+01
3.662400359886385104e+01
3.662366325485585605e+01
3.662333770563882496e+01
3.662302701777911551e+01
3.662273125701087650e+01
3.662245048824819094e+01
3.662218477559627416e+01
3.662193418236650899e+01
3.662169877109243998e+01
3.662147860354480855e+01
3.662127374075914332e+01
3.662108424307899668e+01
3.662091017019132977e+01
3.662075158113947282e+01
3.662060853431948715e+01
3.662048108746483877e+01
3.662036929763201698e+01
3.662027322123380912e+01
3.662019291416422107e+01
3.662012843197586420e+01
3.662007983001356592e+01
3.662004716344854671e+01
3.662003048722103671e+01
3.662002985594386928e+01
3.662004532383238598e+01
3.662007694468982066e+01
3.662012477194625149e+01
3.662018885873839480e+01
3.662026925799919752e+01
3.662036602251713191e+01
3.662047920493508713e+01
3.662060885768301688e+01
3.662075503289884892e+01
3.662091778242733398e+01
3.662109715790648323e+01
3.662129321088034573e+01
3.662150599291459940e+01
3.662173555569371075e+01
3.662198195103515985e+01
3.662224523081118832e+01
3.662252544685196654e+01
3.662282265088578015e+01
3.662313689450351717e+01
3.662346822911045052e+01
3.662381670585175186e+01
3.662418237553013967e+01
3.662456528853614657e+01
3.662496549479109120e+01
3.662538304369481779e+01
3.662581798407445177e+01
3.662627036413795878e+01
3.662674023144032986e+01
3.662722763284976679e+01
3.662773261448267448e+01
3.662825522160545688e+01
3.662879549853830241e+01
3.662935348858322726e+01
3.662992923396872413e+01
3.663052277579916449e+01
3.663113415401400630e+01
3.663176340736833225e+01
3.663241057342509777e+01
3.663307568853562657e+01
3.663375878780647099e+01
3.663445990506523486e+01
3.663517907282544428e+01
3.663591632224646588e+01
3.663667168309536493e+01
3.663744518371754566e+01
3.663823685101411343e+01
3.663904671041923677e+01
3.663987478587262103e+01
3.664072109978804548e+01
3.664158567302481373e+01
3.664246852488543027e+01
3.664336967318345728e+01
3.664428913439306967e+01
3.664522692380550239e+01
3.664618305559968547e+01
3.664715754283201932e+01
3.664815039743484704e+01
3.664916163029488416e+01
3.665019125138505274e+01
3.665123926986035485e+01
3.665230569407768257e+01
3.665339053156498750e+01
3.665449378897380228e+01
3.665561547204054449e+01
3.665675558556727509e+01
3.665791413341409566e+01
3.665909111848080926e+01
3.666028654265934250e+01
3.666150040676858168e+01
3.666273271050187077e+01
3.666398345240269663e+01
3.666525262985987155e+01
3.666654023914255589e+01
3.666784627555517062e+01
3.666917073370224500e+01
3.667051360771045410e+01
3.667187489132297173e+01
3.667325457791589827e+01
3.667465266049125461e+01
3.667606913166608962e+01
3.667750398367027032e+01
3.667895720835793583e+01
3.668042879722084137e+01
3.668191874139581898e+01
3.668342703168199392e+01
3.668495365858615997e+01
3.668649861238377952e+01
3.668806188314776051e+01
3.668964346069343918e+01
3.669124333443392771e+01
3.669286149320622314e+01
3.669449792512937591e+01
3.669615261749486734e+01
3.669782555666954948e+01
3.669951672803265552e+01
3.670122611599173723e+01
3.670295370407154678e+01
3.670469947500590990e+01
3.670646341078566621e+01
3.670824549267735648e+01
3.671004570123511002e+01
3.671186401630760798e+01
3.671370041703526965e+01
3.671555488183866345e+01
3.671742738840394082e+01
3.671931791366631614e+01
3.672122643378961016e+01
3.672315292414577925e+01
3.672509735929828878e+01
3.672705971298645977e+01
3.672903995811073941e+01
3.673103806673062621e+01
3.673305401009176308e+01
3.673508775868616993e+01
3.673713928232407966e+01
3.673920855019020593e+01
3.674129553088047828e+01
3.674340019243776823e+01
3.674552250240419227e+01
3.674766242786650849e+01
3.674981993544503212e+01
3.675199499123574043e+01
3.675418756076014404e+01
3.675639760892977392e+01
3.675862509999696925e+01
3.676086999748715556e+01
3.676313226413007840e+01
3.676541186180373444e+01
3.676770875149381368e+01
3.677002289328333262e+01
3.677235424639773242e+01
3.677470276929778237e+01
3.677706841977619234e+01
3.677945115502413387e+01
3.678185093166847963e+01
3.678426770580114891e+01
3.678670143300368522e+01
3.678915206834832929e+01
3.679161956637472741e+01
3.679410388105691254e+01
3.679660496576243389e+01
3.679912277320173075e+01
3.680165725537455756e+01
3.680420836351832747e+01
3.680677604805545400e+01
3.680936025853677052e+01
3.681196094358980275e+01
3.681457805088746937e+01
3.681721152714012391e+01
3.681986131809926377e+01
3.682252736856025876e+01
3.682520962236309714e+01
3.682790802240087658e+01
3.683062251063705617e+01
3.683335302810322531e+01
3.683609951481884082e+01
3.683886190960193829e+01
3.684164014983299751e+01
3.684443417127334186e+01
3.684724390797607896e+01
3.685006929226224770e+01
3.685291025472328386e+01
3.685576672424482325e+01
3.685863862809193847e+01
3.686152589207608798e+01
3.686442844075621394e+01
3.686734619760856901e+01
3.687027908513716312e+01
3.687322702493252535e+01
3.687618993770803399e+01
3.687916774334014747e+01
3.688216036090859262e+01
3.688516770871509465e+01
3.688818970427288946e+01
3.689122626426984652e+01
3.689427730451217258e+01
3.689734273986902480e+01
3.690042248424337856e+01
3.690351645058090213e+01
3.690662455090897254e+01
3.690974669638448802e+01
3.691288279732894750e+01
3.691603276324209304e+01
3.691919650280382115e+01
3.692237392388293671e+01
3.692556493355851188e+01
3.692876943814025736e+01
3.693198734317136456e+01
3.693521855340886617e+01
3.693846297278357582e+01
3.694172050434244170e+01
3.694499105017920471e+01
3.694827451136503527e+01
3.695157078789666372e+01
3.695487977866788043e+01
3.695820138145662526e+01
3.696153549293833862e+01
3.696488200874116359e+01
3.696824082353525398e+01
3.697161183115125027e+01
3.697499492471629168e+01
3.697838999676763194e+01
3.698179693932038958e+01
3.698521564390026128e+01
3.698864600154210791e+01
3.699208790273496561e+01
3.699554123733969391e+01
3.699900589456711941e+01
3.700248176305440495e+01
3.700596873097953221e+01
3.700946668617469015e+01
3.701297551628644555e+01
3.701649510898263884e+01
3.702002535210082357e+01
3.702356613367689420e+01
3.702711734189961845e+01
3.703067886506227779e+01
3.703425059155810573e+01
3.703783240993023895e+01
3.704142420894702070e+01
3.704502587766948807e+01
3.704863730551199552e+01
3.705225838230966673e+01
3.705588899837508876e+01
3.705952904451315533e+01
3.706317841200563379e+01
3.706683699260066334e+01
3.707050467850605457e+01
3.707418136236996986e+01
3.707786693725864069e+01
3.708156129664869383e+01
3.708526433443698522e+01
3.708897594497185679e+01
3.709269602311168512e+01
3.709642446429600682e+01
3.710016116460988655e+01
3.710390602084140710e+01
3.710765893051970465e+01
3.711141979189252282e+01
3.711518850384444335e+01
3.711896496582280491e+01
3.712274907781038280e+01
3.712654074030883322e+01
3.713033985428695871e+01
3.713414632109304137e+01
3.713796004234463055e+01
3.714178091978528329e+01
3.714560885514031696e+01
3.714944375005919852e+01
3.715328550614952974e+01
3.715713402502073848e+01
3.716098920829468000e+01
3.716485095758791601e+01
3.716871917447065954e+01
3.717259376039938701e+01
3.717647461661533015e+01
3.718036164402057153e+01
3.718425474308435241e+01
3.718815381381751450e+01
3.719205875578300180e+01
3.719596946808489690e+01
3.719988584930876385e+01
3.720380779741523014e+01
3.720773520959360781e+01
3.721166798207557491e+01
3.721560600993227297e+01
3.721954918690843783e+01
3.722349740531981865e+01
3.722745055599345676e+01
3.723140852822743341e+01
3.723537120976428128e+01
3.723933848677308589e+01
3.724331024383457134e+01
3.724728636393294323e+01
3.725126672845753717e+01
3.725525121720728094e+01
3.725923970839427568e+01
3.726323207864925280e+01
3.726722820302995842e+01
3.727122795503054675e+01
3.727523120659773781e+01
3.727923782817720166e+01
3.728324768880080597e+01
3.728726065616903185e+01
3.729127659666907135e+01
3.729529537533060335e+01
3.729931685576591605e+01
3.730334090013154480e+01
3.730736736912100326e+01
3.731139612197411282e+01
3.731542701647946814e+01
3.731945990896137033e+01
3.732349465426378288e+01
3.732753110574405753e+01
3.733156911527443356e+01
3.733560853325327855e+01
3.733964920863192560e+01
3.734369098894147498e+01
3.734773372029430760e+01
3.735177724735636673e+01
3.735582141330867501e+01
3.735986605981964459e+01
3.736391102702997102e+01
3.736795615353465649e+01
3.737200127636404545e+01
3.737604623098238932e+01
3.738009085130296683e+01
3.738413496970807870e+01
3.738817841707295742e+01
3.739222102278867510e+01
3.739626261476752944e+01
3.740030301942017843e+01
3.740434206161233988e+01
3.740837956461173519e+01
3.741241535002625085e+01
3.741644923775383802e+01
3.742048104598497105e+01
3.742451059126162960e+01
3.742853768858889651e+01
3.743256215163515321e+01
3.743658379298690875e+01
3.744060242437237918e+01
3.744461785687536803e+01
3.744862990118425472e+01
3.745263836783507116e+01
3.745664306739325866e+01
3.746064381056042691e+01
3.746464040824311326e+01
3.746863267164493294e+01
3.747262041240061592e+01
3.747660344269251453e+01
3.748058157529312240e+01
3.748455462359000023e+01
3.748852240168383076e+01
3.749248472452542558e+01
3.749644140798062608e+01
3.750039226879102472e+01
3.750433712449667212e+01
3.750827579339294005e+01
3.751220809454284932e+01
3.751613384782840654e+01
3.752005287400876909e+01
3.752396499475700153e+01
3.752787003266855947e+01
3.753176781125424100e+01
3.753565815493989533e+01
3.753954088908574960e+01
3.754341584001534926e+01
3.754728283505045994e+01
3.755114170256248229e+01
3.755499227202094659e+01
3.755883437400996883e+01
3.756266784024558802e+01
3.756649250364574755e+01
3.757030819843928526e+01
3.757411476026516794e+01
3.757791202623960203e+01
3.758169983499297473e+01
3.758547802668438464e+01
3.758924644301716000e+01
3.759300492728458920e+01
3.759675332443421070e+01
3.760049148110772421e+01
3.760421924564877827e+01
3.760793646811372071e+01
3.761164300030863927e+01
3.761533869582934386e+01
3.761902341006534556e+01
3.762269700016778273e+01
3.762635932501155622e+01
3.763001024516425019e+01
3.763364962285317006e+01
3.763727732193235198e+01
3.764089320786621329e+01
3.764449714773553524e+01
3.764808901025720900e+01
3.765166866580585037e+01
3.765523598642479186e+01
3.765879084582438452e+01
3.766233311938425032e+01
3.766586268416718752e+01
3.766937941893122144e+01
3.767288320412212954e+01
3.767637392183095102e+01
3.767985145572423988e+01
3.768331569098698708e+01
3.768676651429384350e+01
3.769020381377740136e+01
3.769362747898190946e+01
3.769703740083941312e+01
3.770043347169168868e+01
3.770381558533850352e+01
3.770718363708782306e+01
3.771053752378565349e+01
3.771387714379031308e+01
3.771720239687952869e+01
3.772051318413127774e+01
3.772380940781923186e+01
3.772709097133941469e+01
3.773035777919045586e+01
3.773360973701425536e+01
3.773684675168345137e+01
3.774006873142099749e+01
3.774327558592470666e+01
3.774646722647813135e+01
3.774964356604980509e+01
3.775280451935840631e+01
3.775595000286583769e+01
3.775907993471486890e+01
3.776219423466572778e+01
3.776529282405035559e+01
3.776837562573052764e+01
3.777144256404431388e+01
3.777449356473211850e+01
3.777752855485786654e+01
3.778054746275456921e+01
3.778355021799621483e+01
3.778653675137064738e+01
3.778950699484372677e+01
3.779246088153034577e+01
3.779539834569169443e+01
3.779831932277063800e+01
3.780122374944556185e+01
3.780411156365993719e+01
3.780698270462264077e+01
3.780983711281222526e+01
3.781267472999194013e+01
3.781549549920819686e+01
3.781829936476471232e+01
3.782108627220254249e+01
3.782385616829470365e+01
3.782660900101750201e+01
3.782934471948582456e+01
3.783206327387871681e+01
3.783476461535229873e+01
3.783744869591085802e+01
3.784011546824970651e+01
3.784276488565065222e+01
3.784539690198661788e+01
3.784801147177597613e+01
3.785060855020761750e+01
3.785318809317394795e+01
3.785575005738078858e+01
3.785829440046512673e+01
3.786082108098720056e+01
3.786333005831259158e+01
3.786582129250794537e+01
3.786829474429224263e+01
3.787075037499203489e+01
3.787318814646447862e+01
3.787560802102343160e+01
3.787800996141905330e+01
3.788039393084963535e+01
3.788275989293739343e+01
3.788510781166143460e+01
3.788743765132387864e+01
3.788974937660562148e+01
3.789204295267764167e+01
3.789431834529092669e+01
3.789657552081865788e+01
3.789881444629455842e+01
3.790103508945905730e+01
3.790323741874802010e+01
3.790542140319770681e+01
3.790758701234099703e+01
3.790973421618549821e+01
3.791186298528322141e+01
3.791397329081198109e+01
3.791606510460128732e+01
3.791813839912617112e+01
3.792019314751069459e+01
3.792222932353839582e+01
3.792424690165881174e+01
3.792624585699306294e+01
3.792822616534144942e+01
3.793018780319004435e+01
3.793213074771252735e+01
3.793405497676999261e+01
3.793596046891963880e+01
3.793784720344487482e+01
3.793971516041278136e+01
3.794156432074222352e+01
3.794339466623897295e+01
3.794520617955287634e+01
3.794699884405128643e+01
3.794877264368278702e+01
3.795052756293348750e+01
3.795226358686030466e+01
3.795398070108725364e+01
3.795567889173259601e+01
3.795735814534869945e+01
3.795901844893109001e+01
3.796065978996743695e+01
3.796228215649343696e+01
3.796388553716232650e+01
3.796546992133489340e+01
3.796703529917149211e+01
3.796858166169478466e+01
3.797010900081657070e+01
3.797161730936943513e+01
3.797310658119109661e+01
3.797457681124478057e+01
3.797602799569677501e+01
3.797746013191024161e+01
3.797887321840787678e+01
3.798026725486677435e+01
3.798164224214350071e+01
3.798299818229818925e+01
3.798433507860706015e+01
3.798565293556415412e+01
3.798695175886661701e+01
3.798823155538438812e+01
3.798949233312892915e+01
3.799073410123278194e+01
3.799195686994071508e+01
3.799316065060298087e+01
3.799434545566067811e+01
3.799551129862737753e+01
3.799665819407457690e+01
3.799778615762209455e+01
3.799889520593825409e+01
3.799998535675953093e+01
3.800105662891415648e+01
3.800210904231167319e+01
3.800314261789739589e+01
3.800415737761182555e+01
3.800515334437636739e+01
3.800613054210248265e+01
3.800708899572322252e+01
3.800802873123753756e+01
3.800894977574185418e+01
3.800985215742668544e+01
3.801073590553720294e+01
3.801160105032313652e+01
3.801244762300326840e+01
3.801327565574560907e+01
3.801408518165924733e+01
3.801487623480671374e+01
3.801564885023384477e+01
3.801640306398518021e+01
3.801713891307734627e+01
3.801785643544342008e+01
3.801855566988106716e+01
3.801923665601734115e+01
3.801989943427643937e+01
3.802054404584062297e+01
3.802117053261610380e+01
3.802177893722617341e+01
3.802236930304431439e+01
3.802294167424781079e+01
3.802349609584508272e+01
3.802403261364946019e+01
3.802455127422570058e+01
3.802505212485216646e+01
3.802553521350537835e+01
3.802600058884855372e+01
3.802644830021231570e+01
3.802687839757448529e+01
3.802729093155452489e+01
3.802768595342065083e+01
3.802806351509603644e+01
3.802842366917082728e+01
3.802876646893275847e+01
3.802909196839285499e+01
3.802940022226736971e+01
3.802969128591885806e+01
3.802996521529624374e+01
3.803022206689348650e+01
3.803046189770527974e+01
3.803068476516825314e+01
3.803089072712159435e+01
3.803107984181450973e+01
3.803125216794097696e+01
3.803140776467061102e+01
3.803154669166009683e+01
3.803166900904415826e+01
3.803177477741197521e+01
3.803186405777681500e+01
3.803193691154756095e+01
3.803199340050235122e+01
3.803203358676307744e+01
3.803205753277779166e+01
3.803206530130114515e+01
3.803205695535152842e+01
3.803203255815839867e+01
3.803199217314089964e+01
3.803193586392738013e+01
3.803186369438272862e+01
3.803177572859675593e+01
3.803167203080834469e+01
3.803155266529648770e+01
3.803141769628596336e+01
3.803126718787152072e+01
3.803110120397913363e+01
3.803091980841691111e+01
3.803072306499514355e+01
3.803051103763765184e+01
3.803028379046781282e+01
3.803004138790043953e+01
3.802978389474247223e+01
3.802951137628008382e+01
3.802922389834137817e+01
3.802892152734066400e+01
3.802860433030715370e+01
3.802827237489518808e+01
3.802792572938277260e+01
3.802756446267209611e+01
3.802718864429785128e+01
3.802679834445022777e+01
3.802639363402418127e+01
3.802597458468044778e+01
3.802554126886955288e+01
3.802509375978276296e+01
3.802463213124563879e+01
3.802415645759794671e+01
3.802366681358719802e+01
3.802316327429829812e+01
3.802264591513579717e+01
3.802211481182857966e+01
3.802157004042189214e+01
3.802101167726843300e+01
3.802043979903893955e+01
3.801985448275132740e+01
3.801925580580370223e+01
3.801864384598891888e+01
3.801801868147992991e+01
3.801738039080930776e+01
3.801672905287411908e+01
3.801606474696126270e+01
3.801538755276309445e+01
3.801469755036094966e+01
3.801399482017747289e+01
3.801327944292121686e+01
3.801255149953802714e+01
3.801181107116347846e+01
3.801105823908015680e+01
3.801029308468472578e+01
3.800951568943943926e+01
3.800872613478271234e+01
3.800792450201053896e+01
3.800711087216372164e+01
3.800628532596488185e+01
3.800544794383428382e+01
3.800459880595545314e+01
3.800373799232907857e+01
3.800286558280451032e+01
3.800198165712398435e+01
3.800108629496875778e+01
3.800017957593814089e+01
3.799926157944659622e+01
3.799833238462292684e+01
3.799739207027076304e+01
3.799644071486610386e+01
3.799547839657636672e+01
3.799450519331539056e+01
3.799352118281607460e+01
3.799252644267571810e+01
3.799152105035173577e+01
3.799050508312030416e+01
3.798947861801950410e+01
3.798844173179538330e+01
3.798739450088309155e+01
3.798633700144554126e+01
3.798526930944220936e+01
3.798419150068145456e+01
3.798310365085434626e+01
3.798200583558600840e+01
3.798089813052205699e+01
3.797978061143552253e+01
3.797865335432403100e+01
3.797751643547584166e+01
3.797636993151056828e+01
3.797521391940431812e+01
3.797404847649929138e+01
3.797287368050654521e+01
3.797168960951852767e+01
3.797049634203722235e+01
3.796929395699837073e+01
3.796808253376361364e+01
3.796686215208337956e+01
3.796563289205495551e+01
3.796439483408348536e+01
3.796314805884684063e+01
3.796189264727809842e+01
3.796062868057524753e+01
3.795935624022266097e+01
3.795807540799692248e+01
3.795678626595618965e+01
3.795548889643922053e+01
3.795418338209080389e+01
3.795286980590076809e+01
3.795154825123429987e+01
3.795021880185633734e+01
3.794888154198240215e+01
3.794753655637121170e+01
3.794618393040569515e+01
3.794482375008533381e+01
3.794345610194158525e+01
3.794208107295621346e+01
3.794069875050984564e+01
3.793930922232179626e+01
3.793791257636357273e+01
3.793650890079477023e+01
3.793509828397503014e+01
3.793368081451977503e+01
3.793225658131215994e+01
3.793082567344780642e+01
3.792938818016981628e+01
3.792794419084761159e+01
3.792649379500548434e+01
3.792503708237451576e+01
3.792357414294550466e+01
3.792210506701603379e+01
3.792062994521224084e+01
3.791914886846286237e+01
3.791766192794112555e+01
3.791616921502128434e+01
3.791467082128482957e+01
3.791316683855495029e+01
3.791165735889499899e+01
3.791014247454457120e+01
3.790862227782834992e+01
3.790709686107859255e+01
3.790556631658001407e+01
3.790403073651669530e+01
3.790249021289451292e+01
3.790094483744034193e+01
3.789939470151187351e+01
3.789783989603380832e+01
3.789628051143694876e+01
3.789471663759926656e+01
3.789314836381031171e+01
3.789157577873471183e+01
3.788999897032888953e+01
3.788841802570908612e+01
3.788683303100476962e+01
3.788524407124034354e+01
3.788365123026938619e+01
3.788205459075280856e+01
3.788045423418274282e+01
3.787885024096492970e+01
3.787724269052249326e+01
3.787563166135205250e+01
3.787401723099794282e+01
3.787239947596609824e+01
3.787077847162721866e+01
3.786915429214717932e+01
3.786752701045452341e+01
3.786589669822640758e+01
3.786426342585998128e+01
3.786262726242912890e+01
3.786098827567828096e+01
3.785934653208140332e+01
3.785770209691768429e+01
3.785605503431592922e+01
3.785440540729317149e+01
3.785275327782739652e+01
3.785109870697210965e+01
3.784944175502549513e+01
3.784778248174338700e+01
3.784612094652209890e+01
3.784445720849641503e+01
3.784279132657632516e+01
3.784112335946031180e+01
3.783945336563306938e+01
3.783778140336518447e+01
3.783610753073426025e+01
3.783443180563823915e+01
3.783275428577653798e+01
3.783107502864296379e+01
3.782939409159359911e+01
3.782771153198088854e+01
3.782602740725172197e+01
3.782434177492087457e+01
3.782265469244988054e+01
3.782096621711622220e+01
3.781927640588934025e+01
3.781758531528905820e+01
3.781589300124700515e+01
3.781419951902351073e+01
3.781250492321417056e+01
3.781080926782551188e+01
3.780911260636238325e+01
3.780741499190563104e+01
3.780571647719458639e+01
3.780401711469791337e+01
3.780231695663574953e+01
3.780061605495699695e+01
3.779891446131667720e+01
3.779721222709317630e+01
3.779550940343181509e+01
3.779380604126503584e+01
3.779210219130337123e+01
3.779039790401080268e+01
3.778869322953243426e+01
3.778698821755784820e+01
3.778528291716594367e+01
3.778357737669902860e+01
3.778187164368071649e+01
3.778016576478743360e+01
3.777845978588123899e+01
3.777675375210019837e+01
3.777504770802563172e+01
3.777334169791758711e+01
3.777163576589186533e+01
3.776992995593341362e+01
3.776822431183371975e+01
3.776651887720802847e+01
3.776481369560912071e+01
3.776310881063415081e+01
3.776140426594875521e+01
3.775970010523710840e+01
3.775799637212858784e+01
3.775629311011861944e+01
3.775459036244759403e+01
3.775288817193893465e+01
3.775118658087119883e+01
3.774948563091547982e+01
3.774778536308934918e+01
3.774608581771564531e+01
3.774438703442808674e+01
3.774268905225572723e+01
3.774099190979608665e+01
3.773929564542232384e+01
3.773760029743593236e+01
3.773590590415118129e+01
3.773421250395328741e+01
3.773252013536146166e+01
3.773082883710653590e+01
3.772913864821253327e+01
3.772744960807429493e+01
3.772576175653705377e+01
3.772407513397409673e+01
3.772238978134586063e+01
3.772070574023084077e+01
3.771902305282821999e+01
3.771734176193805155e+01
3.771566191093177878e+01
3.771398354372269068e+01
3.771230670473931212e+01
3.771063143890173563e+01
3.770895779159304340e+01
3.770728580862199664e+01
3.770561553620321149e+01
3.770394702099488882e+01
3.770228031018804415e+01
3.770061545159585137e+01
3.769895249371565171e+01
3.769729148577830102e+01
3.769563247779458237e+01
3.769397552058119061e+01
3.769232066575065687e+01
3.769066796568176159e+01
3.768901747349779896e+01
3.768736924305548541e+01
3.768572332892026111e+01
3.768407978631433508e+01
3.768243867108999723e+01
3.768080003978671755e+01
3.767916394972921523e+01
3.767753045909036302e+01
3.767589962690057348e+01
3.767427151300748989e+01
3.767264617797525261e+01
3.767102368290588998e+01
3.766940408922554440e+01
3.766778745855555144e+01
3.766617385273247010e+01
3.766456333391775502e+01
3.766295596469380058e+01
3.766135180808104366e+01
3.765975092747132891e+01
3.765815338650472199e+01
3.765655924892199380e+01
3.765496857842395428e+01
3.765338143855604613e+01
3.765179789262217724e+01
3.765021800363069104e+01
3.764864183427931010e+01
3.764706944698292546e+01
3.764550090393157689e+01
3.764393626714939955e+01
3.764237559853408754e+01
3.764081895987297344e+01
3.763926641282790797e+01
3.763771801888023560e+01
3.763617383924846393e+01
3.763463393480007113e+01
3.763309836595944802e+01
3.763156719259727367e+01
3.763004047389750895e+01
3.762851826823027324e+01
3.762700063306940734e+01
3.762548762496178512e+01
3.762397929952381759e+01
3.762247571144379776e+01
3.762097691448327907e+01
3.761948296147262027e+01
3.761799390428991785e+01
3.761650979380684134e+01
3.761503067979259640e+01
3.761355661080222035e+01
3.761208763409417344e+01
3.761062379559174218e+01
3.760916513987650944e+01
3.760771171020041237e+01
3.760626354849775055e+01
3.760482069538355177e+01
3.760338319015581732e+01
3.760195107083968225e+01
3.760052437427440708e+01
3.759910313619154465e+01
3.759768739125422599e+01
3.759627717309248141e+01
3.759487251436387112e+01
3.759347344681513903e+01
3.759208000132334604e+01
3.759069220792726895e+01
3.758931009585489136e+01
3.758793369352560632e+01
3.758656302848707043e+01
3.758519812725858600e+01
3.758383901511600556e+01
3.758248571592532983e+01
3.758113825211076175e+01
3.757979664474834891e+01
3.757846091371811070e+01
3.757713107783374795e+01
3.757580715488657574e+01
3.757448916159504648e+01
3.757317711350544442e+01
3.757187102488879304e+01
3.757057090862110016e+01
3.756927677601981230e+01
3.756798863666953991e+01
3.756670649830714837e+01
3.756543036680917425e+01
3.756416024626981454e+01
3.756289613911783931e+01
3.756163804622085678e+01
3.756038596694671838e+01
3.755913989917520013e+01
3.755789983927560627e+01
3.755666578207659256e+01
3.755543772085344756e+01
3.755421564735048889e+01
3.755299955184142391e+01
3.755178942320724644e+01
3.755058524899656902e+01
3.754938701545379587e+01
3.754819470752784838e+01
3.754700830887398411e+01
3.754582780184986746e+01
3.754465316751251436e+01
3.754348438564351653e+01
3.754232143481517170e+01
3.754116429246826669e+01
3.754001293496845904e+01
3.753886733763630446e+01
3.753772747476371308e+01
3.753659331962541756e+01
3.753546484448469300e+01
3.753434202058923574e+01
3.753322481814081613e+01
3.753211320620544456e+01
3.753100715256119457e+01
3.752990662354410745e+01
3.752881158395832983e+01
3.752772199705152900e+01
3.752663782452341934e+01
3.752555902657616826e+01
3.752448556202129737e+01
3.752341738840310370e+01
3.752235446209289194e+01
3.752129673834420487e+01
3.752024417131008249e+01
3.751919671402521317e+01
3.751815431836372028e+01
3.751711693498629785e+01
3.751608451329308735e+01
3.751505700140388200e+01
3.751403434617824217e+01
3.751301649325800014e+01
3.751200338709905679e+01
3.751099497098271485e+01
3.750999118701626855e+01
3.750899197612484670e+01
3.750799727801986450e+01
3.750700703111971279e+01
3.750602117242954847e+01
3.750503963743278035e+01
3.750406236004680949e+01
3.750308927267325032e+01
3.750212030632222593e+01
3.750115539072393744e+01
3.750019445435452070e+01
3.749923742438595298e+01
3.749828422663100724e+01
3.749733478556232313e+01
3.749638902444534239e+01
3.749544686554343542e+01
3.749450823030441171e+01
3.749357303949059173e+01
3.749264121326697108e+01
3.749171267126304485e+01
3.749078733263662855e+01
3.748986511616880080e+01
3.748894594039687433e+01
3.748802972379210985e+01
3.748711638496867238e+01
3.748620584286231860e+01
3.748529801683508822e+01
3.748439282671665751e+01
3.748349019281258165e+01
3.748259003591152805e+01
3.748169227730715392e+01
3.748079683881216795e+01
3.747990364274610897e+01
3.747901261193769784e+01
3.747812366977005638e+01
3.747723674022108753e+01
3.747635174786971390e+01
3.747546861789044925e+01
3.747458727606839091e+01
3.747370764888732708e+01
3.747282966369181167e+01
3.747195324880544831e+01
3.747107833348744066e+01
3.747020484774204618e+01
3.746933272211247612e+01
3.746846188758094343e+01
3.746759227557586058e+01
3.746672381797808526e+01
3.746585644702970086e+01
3.746499009518442591e+01
3.746412469500762654e+01
3.746326017913190043e+01
3.746239648021165181e+01
3.746153353090110016e+01
3.746067126393057833e+01
3.745980961227743222e+01
3.745894850934263332e+01
3.745808788907493181e+01
3.745722768605786257e+01
3.745636783561046457e+01
3.745550827393377347e+01
3.745464893825339914e+01
3.745378976688320449e+01
3.745293069922663420e+01
3.745207167574690743e+01
3.745121263786218435e+01
3.745035352776177717e+01
3.744949428822148718e+01
3.744863486245295547e+01
3.744777519396182441e+01
3.744691522643898196e+01
3.744605490375607815e+01
3.744519417006232231e+01
3.744433296990172977e+01
3.744347124830216700e+01
3.744260895085165686e+01
3.744174602378059546e+01
3.744088241401862405e+01
3.744001806915893837e+01
3.743915293730671578e+01
3.743828696688854762e+01
3.743742010653595997e+01
3.743655230509548915e+01
3.743568351173622943e+01
3.743481367606903376e+01
3.743394274820342105e+01
3.743307067874306426e+01
3.743219741876962559e+01
3.743132291985678251e+01
3.743044713412612623e+01
3.742957001431866360e+01
3.742869151384586246e+01
3.742781158681732023e+01
3.742693018805867666e+01
3.742604727312374990e+01
3.742516279830949344e+01
3.742427672069148770e+01
3.742338899818376774e+01
3.742249958959767042e+01
3.742160845468607988e+01
3.742071555421787821e+01
3.741982085010986481e+01
3.741892430556254823e+01
3.741802588515898975e+01
3.741712555493337788e+01
3.741622328237050255e+01
3.741531903628150957e+01
3.741441278662409786e+01
3.741350450438508801e+01
3.741259416151269335e+01
3.741168173082245829e+01
3.741076718586913330e+01
3.740985050080586660e+01
3.740893165023757660e+01
3.740801060907722331e+01
3.740708735243524785e+01
3.740616185560439533e+01
3.740523409417129130e+01
3.740430404418149379e+01
3.740337168224614572e+01
3.740243698555902796e+01
3.740149993187559119e+01
3.740056049949200911e+01
3.739961866721256456e+01
3.739867441429944961e+01
3.739772772043238547e+01
3.739677856570032333e+01
3.739582693060197727e+01
3.739487279600538727e+01
3.739391614306175171e+01
3.739295695312020484e+01
3.739199520767670748e+01
3.739103088836289857e+01
3.739006397696901018e+01
3.738909445547653121e+01
3.738812230608603926e+01
3.738714751125180413e+01
3.738617005370669233e+01
3.738518991645105416e+01
3.738420708276101578e+01
3.738322153627185429e+01
3.738223326108376199e+01
3.738124224183935951e+01
3.738024846377295773e+01
3.737925191270530689e+01
3.737825257498180775e+01
3.737725043743899533e+01
3.737624548747918851e+01
3.737523771320350363e+01
3.737422710345533972e+01
3.737321364769334764e+01
3.737219733575145852e+01
3.737117815760569073e+01
3.737015610323739878e+01
3.736913116259784573e+01
3.736810332562930625e+01
3.736707258235333029e+01
3.736603892305549124e+01
3.736500233850225072e+01
3.736396282010429815e+01
3.736292036001749750e+01
3.736187495123316893e+01
3.736082658769563380e+01
3.735977526437493879e+01
3.735872097719934715e+01
3.735766372290304815e+01
3.735660349889533194e+01
3.735554030314047225e+01
3.735447413402496153e+01
3.735340499028027494e+01
3.735233287100201949e+01
3.735125777572276462e+01
3.735017970450231672e+01
3.734909865802586637e+01
3.734801463768842922e+01
3.734692764563650513e+01
3.734583768474635690e+01
3.734474475855947873e+01
3.734364887125410348e+01
3.734255002770438381e+01
3.734144823356294296e+01
3.734034349525380492e+01
3.733923581982898554e+01
3.733812521472474799e+01
3.733701168749932719e+01
3.733589524564569473e+01
3.733477589654459194e+01
3.733365364753641558e+01
3.733252850602521278e+01
3.733140047958175956e+01
3.733026957606610807e+01
3.732913580374135165e+01
3.732799917130753897e+01
3.732685968783621888e+01
3.732571736268651108e+01
3.732457220549322585e+01
3.732342422620858002e+01
3.732227343512738571e+01
3.732111984288005146e+01
3.731996346041101020e+01
3.731880429894931694e+01
3.731764236996763628e+01
3.731647768511777485e+01
3.731531025612827079e+01
3.731414009466400472e+01
3.731296721218089374e+01
3.731179161981768999e+01
3.731061332832762645e+01
3.730943234802087716e+01
3.730824868870303845e+01
3.730706235962826156e+01
3.730587336948164534e+01
3.730468172635965374e+01
3.730348743772224651e+01
3.730229051036751997e+01
3.730109095049196810e+01
3.729988876382289220e+01
3.729868395577224760e+01
3.729747653157583187e+01
3.729626649637897629e+01
3.729505385524132066e+01
3.729383861309195680e+01
3.729262077469233105e+01
3.729140034462649567e+01
3.729017732733411350e+01
3.728895172722348406e+01
3.728772354882729445e+01
3.728649279689708607e+01
3.728525947641493588e+01
3.728402359257294307e+01
3.728278515072352661e+01
3.728154415628686280e+01
3.728030061464373546e+01
3.727905453103517175e+01
3.727780591047866920e+01
3.727655475771946669e+01
3.727530107720523489e+01
3.727404487305781089e+01
3.727278614904690102e+01
3.727152490858916423e+01
3.727026115477836044e+01
3.726899489041462488e+01
3.726772611798791957e+01
3.726645483960110994e+01
3.726518105688037252e+01
3.726390477096841636e+01
3.726262598261217818e+01
3.726134469223983103e+01
3.726006089998128346e+01
3.725877460566820787e+01
3.725748580880098615e+01
3.725619450845622538e+01
3.725490070317677294e+01
3.725360439089769926e+01
3.725230556890841171e+01
3.725100423382836823e+01
3.724970038158473784e+01
3.724839400738130735e+01
3.724708510566157571e+01
3.724577367009322870e+01
3.724445969357991970e+01
3.724314316826627191e+01
3.724182408552915291e+01
3.724050243598757248e+01
3.723917820953100488e+01
3.723785139534776789e+01
3.723652198196508323e+01
3.723518995731248538e+01
3.723385530880087657e+01
3.723251802339959227e+01
3.723117808768619597e+01
3.722983548786322672e+01
3.722849020976023837e+01
3.722714223881740736e+01
3.722579156002137069e+01
3.722443815782261112e+01
3.722308201613656564e+01
3.722172311847042181e+01
3.722036144811518454e+01
3.721899698833190939e+01
3.721762972249116785e+01
3.721625963416477845e+01
3.721488670718736103e+01
3.721351092567894625e+01
3.721213227401398882e+01
3.721075073675627465e+01
3.720936629859583888e+01
3.720797894431213138e+01
3.720658865878107235e+01
3.720519542701128302e+01
3.720379923416670209e+01
3.720240006557755663e+01
3.720099790676295726e+01
3.719959274344577693e+01
3.719818456156162512e+01
3.719677334734581109e+01
3.719535908755176479e+01
3.719394176968607013e+01
3.719252138209150615e+01
3.719109791388301289e+01
3.718967135486126807e+01
3.718824169545062119e+01
3.718680892663311255e+01
3.718537303988156850e+01
3.718393402713159901e+01
3.718249188081115619e+01
3.718104659392358968e+01
3.717959816017946650e+01
3.717814657411376089e+01
3.717669183109103415e+01
3.717523392722782205e+01
3.717377285935402398e+01
3.717230862504238331e+01
3.717084122265756463e+01
3.716937065140130159e+01
3.716789691135458895e+01
3.716642000353163411e+01
3.716493992996786488e+01
3.716345669382060635e+01
3.716197029941815799e+01
3.716048075223483238e+01
3.715898805884065581e+01
3.715749222687348663e+01
3.715599326502578492e+01
3.715449118300796982e+01
3.715298599146695580e+01
3.715147770188916354e+01
3.714996632654442266e+01
3.714845187847659957e+01
3.714693437149236388e+01
3.714541382011772441e+01
3.714389023954587543e+01
3.714236364561325843e+01
3.714083405480774758e+01
3.713930148429152212e+01
3.713776595193072438e+01
3.713622747635042032e+01
3.713468607703541124e+01
3.713314177443977115e+01
3.713159459003014717e+01
3.713004454624629602e+01
3.712849166643531618e+01
3.712693597480144803e+01
3.712537749635296791e+01
3.712381625681012309e+01
3.712225228247216791e+01
3.712068560003861961e+01
3.711911623633698554e+01
3.711754421800180381e+01
3.711596957127838436e+01
3.711439232202719296e+01
3.711281249584320818e+01
3.711123011820060213e+01
3.710964521459642640e+01
3.710805781068071241e+01
3.710646793233586749e+01
3.710487560566457432e+01
3.710328085688995259e+01
3.710168371224212791e+01
3.710008419791886070e+01
3.709848234013377777e+01
3.709687816519878112e+01
3.709527169960053072e+01
3.709366297007898083e+01
3.709205200371457067e+01
3.709043882800482095e+01
3.708882347092427523e+01
3.708720596097669642e+01
3.708558632723462978e+01
3.708396459935942602e+01
3.708234080760767881e+01
3.708071498283764811e+01
3.707908715652444442e+01
3.707745736077816900e+01
3.707582562835908391e+01
3.707419199271524235e+01
3.707255648808146731e+01
3.707091914961924317e+01
3.706928001353031021e+01
3.706763911711863102e+01
3.706599649881925984e+01
3.706435219821257476e+01
3.706270625603071522e+01
3.706105871415144293e+01
3.705940961557629976e+01
3.705775900439714832e+01
3.705610692574225595e+01
3.705445342564539146e+01
3.705279855076104667e+01
3.705114234798226391e+01
3.704948486417531939e+01
3.704782614616280512e+01
3.704616624087333321e+01
3.704450519551456722e+01
3.704284305770539021e+01
3.704117987555540736e+01
3.703951569768999974e+01
3.703785057323045748e+01
3.703618455173815249e+01
3.703451768314015879e+01
3.703285001768123408e+01
3.703118160593610497e+01
3.702951249886666574e+01
3.702784274786352370e+01
3.702617240469697180e+01
3.702450152133646810e+01
3.702283014966877772e+01
3.702115834121421045e+01
3.701948614694219941e+01
3.701781361719110208e+01
3.701614080161819231e+01
3.701446774913897997e+01
3.701279450786354630e+01
3.701112112503292906e+01
3.700944764697302247e+01
3.700777411910888759e+01
3.700610058604137720e+01
3.700442709164130406e+01
3.700275367912804114e+01
3.700108039112377156e+01
3.699940726968722515e+01
3.699773435633287733e+01
3.699606169202966299e+01
3.699438931717142509e+01
3.699271727152986955e+01
3.699104559421427041e+01
3.698937432364876798e+01
3.698770349755452713e+01
3.698603315292212557e+01
3.698436332597227505e+01
3.698269405211265592e+01
3.698102536590446476e+01
3.697935730104653373e+01
3.697768989037496823e+01
3.697602316587551030e+01
3.697435715870172146e+01
3.697269189919122567e+01
3.697102741687996996e+01
3.696936374051363572e+01
3.696770089805016823e+01
3.696603891665365182e+01
3.696437782268908734e+01
3.696271764173180685e+01
3.696105839860219788e+01
3.695940011742577269e+01
3.695774282169713842e+01
3.695608653431275314e+01
3.695443127756183799e+01
3.695277707310359716e+01
3.695112394195913907e+01
3.694947190451692620e+01
3.694782098053636332e+01
3.694617118913767229e+01
3.694452254877722197e+01
3.694287507721890762e+01
3.694122879151530725e+01
3.693958370800437763e+01
3.693793984231691496e+01
3.693629720938984917e+01
3.693465582349310239e+01
3.693301569827993092e+01
3.693137684684499789e+01
3.692973928174444609e+01
3.692810301494782266e+01
3.692646805775682850e+01
3.692483442075432265e+01
3.692320211379809791e+01
3.692157114602922974e+01
3.691994152586786271e+01
3.691831326098942156e+01
3.691668635829890377e+01
3.691506082393144794e+01
3.691343666328803863e+01
3.691181388109060180e+01
3.691019248143423681e+01
3.690857246782090328e+01
3.690695384317363903e+01
3.690533660983812325e+01
3.690372076956666092e+01
3.690210632347692865e+01
3.690049327200669893e+01
3.689888161489592022e+01
3.689727135119215262e+01
3.689566247926187259e+01
3.689405499682411715e+01
3.689244890104262709e+01
3.689084418867934545e+01
3.688924085629172112e+01
3.688763890047193428e+01
3.688603831810362266e+01
3.688443910658357083e+01
3.688284126398393425e+01
3.688124478915703719e+01
3.687964968178653891e+01
3.687805594240650464e+01
3.687646357242629591e+01
3.687487257418467834e+01
3.687328295102633291e+01
3.687169470738712107e+01
3.687010784889399417e+01
3.686852238247266200e+01
3.686693831641435537e+01
3.686535566037343870e+01
3.686377442533770932e+01
3.686219462362311106e+01
3.686061626890148091e+01
3.685903937625564453e+01
3.685746396225198396e+01
3.685589004500331356e+01
3.685431764420931700e+01
3.685274678119017722e+01
3.685117747891240469e+01
3.684960976200100902e+01
3.684804365677995719e+01
3.684647919136228467e+01
3.684491639570315868e+01
3.684335530150202231e+01
3.684179594194007024e+01
3.684023835134756553e+01
3.683868256490139714e+01
3.683712861838299091e+01
3.683557654800539893e+01
3.683402639033002401e+01
3.683247818225732573e+01
3.683093196105262024e+01
3.682938776439134898e+01
3.682784563040727477e+01
3.682630559769685163e+01
3.682476770526022847e+01
3.682323199243937495e+01
3.682169849892049740e+01
3.682016726479582758e+01
3.681863833064005576e+01
3.681711173756044531e+01
3.681558752718945726e+01
3.681406574161604794e+01
3.681254642328282500e+01
3.681102961487738412e+01
3.680951535923140483e+01
3.680800369923438353e+01
3.680649467776586192e+01
3.680498833764711719e+01
3.680348472160942208e+01
3.680198387227303414e+01
3.680048583213490332e+01
3.679899064356515481e+01
3.679749834880848169e+01
3.679600898998646841e+01
3.679452260909990713e+01
3.679303924803111414e+01
3.679155894854627462e+01
3.679008175229967037e+01
3.678860770084475718e+01
3.678713683565305814e+01
3.678566919813395941e+01
3.678420482964870075e+01
3.678274377152144581e+01
3.678128606506492559e+01
3.677983175163338814e+01
3.677838087267841161e+01
3.677693346976679578e+01
3.677548958454578099e+01
3.677404925866932928e+01
3.677261253373512062e+01
3.677117945129457155e+01
3.676975005292523946e+01
3.676832438028951344e+01
3.676690247513005261e+01
3.676548437918824419e+01
3.676407013405832913e+01
3.676265978106201260e+01
3.676125336124873400e+01
3.675985091552836082e+01
3.675845248487701156e+01
3.675705811057007821e+01
3.675566783439676755e+01
3.675428169882298590e+01
3.675289974711044039e+01
3.675152202340057528e+01
3.675014857275084523e+01
3.674877944113197970e+01
3.674741467544475171e+01
3.674605432361173030e+01
3.674469843472256514e+01
3.674334705914329646e+01
3.674200024849020707e+01
3.674065805543125407e+01
3.673932053341349047e+01
3.673798773647519766e+01
3.673665971920314632e+01
3.673533653678727973e+01
3.673401824509294755e+01
3.673270490069799621e+01
3.673139656089973926e+01
3.673009328371110627e+01
3.672879512784324163e+01
3.672750215267536333e+01
3.672621441822563071e+01
3.672493198510932899e+01
3.672365491443565588e+01
3.672238326764414751e+01
3.672111710635468285e+01
3.671985649225064918e+01
3.671860148692793757e+01
3.671735215168655486e+01
3.671610854733383178e+01
3.671487073406167667e+01
3.671363877138425380e+01
3.671241271809801532e+01
3.671119263225536145e+01
3.670997857116362439e+01
3.670877059142108578e+01
3.670756874898216182e+01
3.670637309922165770e+01
3.670518369697363426e+01
3.670400059654399172e+01
3.670282385170354900e+01
3.670165351566553369e+01
3.670048964106015177e+01
3.669933227992765978e+01
3.669818148373670397e+01
3.669703730341050374e+01
3.669589978933741037e+01
3.669476899134246395e+01
3.669364495860250486e+01
3.669252773954077895e+01
3.669141738178483081e+01
3.669031393221794701e+01
3.668921743706076910e+01
3.668812794191097737e+01
3.668704549173819629e+01
3.668597013087693171e+01
3.668490190304481757e+01
3.668384085138127659e+01
3.668278701848917223e+01
3.668174044646661258e+01
3.668070117692616350e+01
3.667966925100522246e+01
3.667864470937156085e+01
3.667762759222490843e+01
3.667661793929465830e+01
3.667561578983463022e+01
3.667462118261686754e+01
3.667363415592344467e+01
3.667265474753146748e+01
3.667168299469218340e+01
3.667071893411501549e+01
3.666976260196415183e+01
3.666881403386789628e+01
3.666787326493668786e+01
3.666694032978308826e+01
3.666601526253883492e+01
3.666509809686701971e+01
3.666418886596839855e+01
3.666328760258475938e+01
3.666239433900521050e+01
3.666150910708026345e+01
3.666063193824755473e+01
3.665976286357221881e+01
3.665890191379987328e+01
3.665804911940957567e+01
3.665720451064927943e+01
3.665636811754983171e+01
3.665553996992724706e+01
3.665472009737624148e+01
3.665390852924909382e+01
3.665310529462577449e+01
3.665231042229279268e+01
3.665152394073177078e+01
3.665074587810026685e+01
3.664997626219692251e+01
3.664921512040619689e+01
3.664846247960702641e+01
3.664771836605318356e+01
3.664698280526639707e+01
3.664625582197413678e+01
3.664553744009128877e+01
3.664482768272324620e+01
3.664412657217482661e+01
3.664343412997084215e+01
3.664275037689032644e+01
3.664207533299391173e+01
3.664140901763268232e+01
3.664075144944728635e+01
3.664010264635921743e+01
3.663946262555822386e+01
3.663883140350623790e+01
3.663820899596562697e+01
3.663759541803721476e+01
3.663699068420020666e+01
3.663639480835796292e+01
3.663580780388568314e+01
3.663522968366836352e+01
3.663466046012217703e+01
3.663410014520216862e+01
3.663354875040412395e+01
3.663300628676741155e+01
3.663247276488652915e+01
3.663194819493338628e+01
3.663143258667373203e+01
3.663092594946309788e+01
3.663042829223689267e+01
3.662993962351409749e+01
3.662945995140975697e+01
3.662898928365128626e+01
3.662852762760166314e+01
3.662807499024650326e+01
3.662763137808664737e+01
3.662719679699374353e+01
3.662677125215929408e+01
3.662635474815380121e+01
3.662594728899561147e+01
3.662554887814959415e+01
3.662515951847812801e+01
3.662477921227675637e+01
3.662440796150860933e+01
3.662404576816734902e+01
3.662369263460309554e+01
3.662334856374802428e+01
3.662301355927275637e+01
3.662268762570867153e+01
3.662237076854096784e+01
3.662206299424227041e+01
3.662176431022736978e+01
3.662147472476407017e+01
3.662119424688598457e+01
3.662092288631116332e+01
3.662066065337336340e+01
3.662040755900008548e+01
3.662016361472757353e+01
3.661992883269440568e+01
3.661970322558242685e+01
3.661948680652073307e+01
3.661927958897784663e+01
3.661908158664713397e+01
3.661889281331560397e+01
3.661871328271519133e+01
3.661854300836914433e+01
3.661838200345495409e+01
3.661823028070138974e+01
3.661808785231952612e+01
3.661795472996018930e+01
3.661783092469562462e+01
3.661771644702751161e+01
3.661761130692026711e+01
3.661751551385190595e+01
3.661742907687066406e+01
3.661735200464874396e+01
3.661728430552238223e+01
3.661722598750952073e+01
3.661717705832061398e+01
3.661713752538111066e+01
3.661710739584810881e+01
3.661708667659580385e+01
3.661707537418044467e+01
3.661707349480825968e+01
3.661708104429258270e+01
3.661709802797011548e+01
3.661712445059176702e+01
3.661716031623500101e+01
3.661720562825605185e+01
3.661726038928595273e+01
3.661732460128504840e+01
3.661739826563250944e+01
3.661748138319148183e+01
3.661757395433335205e+01
3.661767597894538540e+01
3.661778745643450605e+01
3.661790838572807871e+01
3.661803876527281432e+01
3.661817859302671962e+01
3.661832786643654458e+01
3.661848658241513021e+01
3.661865473735872456e+01
3.661883232721491055e+01
3.661901934756417631e+01
3.661921579368295454e+01
3.661942166058132386e+01
3.661963694301925898e+01
3.661986163551313211e+01
3.662009573234121262e+01
3.662033922754817894e+01
3.662059211495062527e+01
3.662085438814349914e+01
3.662112604049286801e+01
3.662140706510045618e+01
3.662169745474572835e+01
3.662199720182120188e+01
3.662230629828034267e+01
3.662262473563124132e+01
3.662295250499555976e+01
3.662328959720253607e+01
3.662363600287125820e+01
3.662399171246956087e+01
3.662435671635733314e+01
3.662473100481030741e+01
3.662511456801170340e+01
3.662550739600388994e+01
3.662590947861378510e+01
3.662632080538111978e+01
3.662674136550326409e+01
3.662717114779172078e+01
3.662761014063543286e+01
3.662805833197090521e+01
3.662851570926297740e+01
3.662898225949052033e+01
3.662945796911356666e+01
3.662994282401801627e+01
3.663043680947694014e+01
3.663093991016148010e+01
3.663145211018491665e+01
3.663197339314180567e+01
3.663250374213055949e+01
3.663304313977405968e+01
3.663359156824417795e+01
3.663414900927747908e+01
3.663471544417437542e+01
3.663529085379238381e+01
3.663587521854432083e+01
3.663646851839249763e+01
3.663707073283222115e+01
3.663768184089381208e+01
3.663830182120985057e+01
3.663893065214375611e+01
3.663956831192036390e+01
3.664021477871843047e+01
3.664087003072711468e+01
3.664153404622095422e+01
3.664220680374393879e+01
3.664288828235294204e+01
3.664357846171898103e+01
3.664427732201802002e+01
3.664498484375261000e+01
3.664570100764949956e+01
3.664642579466337224e+01
3.664715918603812383e+01
3.664790116337191961e+01
3.664865170867063426e+01
3.664941080439344745e+01
3.665017843342342019e+01
3.665095457886075536e+01
3.665173922375570470e+01
3.665253235104305674e+01
3.665333394368313691e+01
3.665414398481934199e+01
3.665496245787819163e+01
3.665578934663336241e+01
3.665662463525599435e+01
3.665746830835337988e+01
3.665832035096277508e+01
3.665918074849648889e+01
3.666004948668701502e+01
3.666092655155450331e+01
3.666181192937910538e+01
3.666270560667232559e+01
3.666360757015325333e+01
3.666451780672864658e+01
3.666543630347398874e+01
3.666636304760093168e+01
3.666729802638374025e+01
3.666824122703999933e+01
3.666919263658888894e+01
3.667015224170749832e+01
3.667112002860172026e+01
3.667209598291515249e+01
3.667308008969446576e+01
3.667407233341319994e+01
3.667507269802673164e+01
3.667608116701457277e+01
3.667709772339438956e+01
3.667812234972238628e+01
3.667915502809072592e+01
3.668019574012205197e+01
3.668124446696302243e+01
3.668230118928363481e+01
3.668336588728632819e+01
3.668443854072184962e+01
3.668551912890125521e+01
3.668660763069034658e+01
3.668770402448551948e+01
3.668880828817610507e+01
3.668992039908806646e+01
3.669104033391606379e+01
3.669216806867007818e+01
3.669330357865027992e+01
3.669444683844626098e+01
3.669559782195765507e+01
3.669675650242743359e+01
3.669792285246836627e+01
3.669909684407485173e+01
3.670027844863277267e+01
3.670146763694396697e+01
3.670266437927215009e+01
3.670386864539558047e+01
3.670508040463928268e+01
3.670629962588002826e+01
3.670752627753854824e+01
3.670876032756502383e+01
3.671000174340399980e+01
3.671125049193115331e+01
3.671250653939287645e+01
3.671376985140043558e+01
3.671504039298839928e+01
3.671631812869160427e+01
3.671760302259282582e+01
3.671889503833053681e+01
3.672019413908617480e+01
3.672150028757923934e+01
3.672281344608666842e+01
3.672413357648173360e+01
3.672546064027288537e+01
3.672679459862121121e+01
3.672813541231787582e+01
3.672948304171678302e+01
3.673083744665166250e+01
3.673219858637840929e+01
3.673356641955448509e+01
3.673494090424752301e+01
3.673632199795947884e+01
3.673770965764786922e+01
3.673910383975088934e+01
3.674050450024663661e+01
3.674191159473177493e+01
3.674332507845733886e+01
3.674474490630510815e+01
3.674617103275035390e+01
3.674760341184403245e+01
3.674904199721348164e+01
3.675048674208064625e+01
3.675193759931146786e+01
3.675339452150811326e+01
3.675485746113139385e+01
3.675632637061735153e+01
3.675780120246457727e+01
3.675928190930792283e+01
3.676076844400484589e+01
3.676226075973634266e+01
3.676375881009911240e+01
3.676526254915682301e+01
3.676677193143581945e+01
3.676828691188090659e+01
3.676980744578771265e+01
3.677133348870391671e+01
3.677286499632555206e+01
3.677440192448389666e+01
3.677594422926002693e+01
3.677749186713241158e+01
3.677904479507090940e+01
3.678060297058506478e+01
3.678216635173918547e+01
3.678373489709734656e+01
3.678530856558258222e+01
3.678688731631278586e+01
3.678847110851348390e+01
3.679005990156603190e+01
3.679165365515323316e+01
3.679325232941558710e+01
3.679485588508038063e+01
3.679646428356629428e+01
3.679807748706177506e+01
3.679969545858582336e+01
3.680131816205079787e+01
3.680294556232509962e+01
3.680457762527841936e+01
3.680621431781617758e+01
3.680785560793156463e+01
3.680950146477405838e+01
3.681115185869562367e+01
3.681280676123739681e+01
3.681446614505210135e+01
3.681612998380312263e+01
3.681779825210247026e+01
3.681947092550622358e+01
3.682114798051880200e+01
3.682282939454257331e+01
3.682451514576714402e+01
3.682620521307516270e+01
3.682789957604165210e+01
3.682959821499662212e+01
3.683130111106920168e+01
3.683300824620641123e+01
3.683471960321825378e+01
3.683643516585978261e+01
3.683815491889176741e+01
3.683987884807215352e+01
3.684160694011736581e+01
3.684333918269572195e+01
3.684507556444808785e+01
3.684681607499885558e+01
3.684856070495418123e+01
3.685030944590806001e+01
3.685206229047368254e+01
3.685381923236937496e+01
3.685558026656585895e+01
3.685734538941110827e+01
3.685911459864517781e+01
3.686088789333800975e+01
3.686266527382824876e+01
3.686444674167562852e+01
3.686623229960563464e+01
3.686802195144728955e+01
3.686981570206901182e+01
3.687161355728036227e+01
3.687341552365391095e+01
3.687522160827013096e+01
3.687703181844089073e+01
3.687884616146308048e+01
3.688066464443463133e+01
3.688248727416987549e+01
3.688431405722980827e+01
3.688614500001956742e+01
3.688798010886451806e+01
3.688981939001031662e+01
3.689166284956742459e+01
3.689351049344593036e+01
3.689536232729224707e+01
3.689721835642099990e+01
3.689907858575174515e+01
3.690094301976513691e+01
3.690281166247667954e+01
3.690468451741530487e+01
3.690656158759511385e+01
3.690844287547837865e+01
3.691032838292878893e+01
3.691221811112572482e+01
3.691411206041907178e+01
3.691601023017823024e+01
3.691791261870052665e+01
3.691981922317025067e+01
3.692173003962842870e+01
3.692364506293868232e+01
3.692556428675110425e+01
3.692748770347494514e+01
3.692941530428731767e+01
3.693134707920032156e+01
3.693328301715445861e+01
3.693522310607311709e+01
3.693716733286930065e+01
3.693911568345037466e+01
3.694106814273941097e+01
3.694302469469454309e+01
3.694498532231661869e+01
3.694695000765011628e+01
3.694891873178195141e+01
3.695089147484237202e+01
3.695286821600672056e+01
3.695484893349043176e+01
3.695683360453232069e+01
3.695882220546940999e+01
3.696081471211082459e+01
3.696281110033959294e+01
3.696481134659855883e+01
3.696681542816001809e+01
3.696882332326384102e+01
3.697083501111727344e+01
3.697285047179828865e+01
3.697486968618134995e+01
3.697689263592062758e+01
3.697891930342835565e+01
3.698094967179178383e+01
3.698298372464046224e+01
3.698502144600380603e+01
3.698706282017150926e+01
3.698910783157156601e+01
3.699115646469208230e+01
3.699320870403519024e+01
3.699526453408176252e+01
3.699732393926672103e+01
3.699938690394375129e+01
3.700145341231387164e+01
3.700352344833162732e+01
3.700559699561127758e+01
3.700767403733590299e+01
3.700975455616552523e+01
3.701183853413843394e+01
3.701392595255101980e+01
3.701601679182108029e+01
3.701811103137937664e+01
3.702020864962253199e+01
3.702230962391269031e+01
3.702441393058983010e+01
3.702652154496752246e+01
3.702863244130140430e+01
3.703074659275470282e+01
3.703286397142127129e+01
3.703498454847716204e+01
3.703710829447929598e+01
3.703923517972454249e+01
3.704136517451914301e+01
3.704349824926986656e+01
3.704563437446222451e+01
3.704777352067952023e+01
3.704991565873103099e+01
3.705206075981526226e+01
3.705420879562176850e+01
3.705635973835026675e+01
3.705851356068680502e+01
3.706067023579552000e+01
3.706282973734943198e+01
3.706499203956502697e+01
3.706715711720474360e+01
3.706932494555508129e+01
3.707149550041351915e+01
3.707366875811045759e+01
3.707584469556717011e+01
3.707802329039181188e+01
3.708020452102212516e+01
3.708238836685746520e+01
3.708457480827971153e+01
3.708676382656320669e+01
3.708895540376905586e+01
3.709114952266768483e+01
3.709334616666917128e+01
3.709554531977114777e+01
3.709774696653879289e+01
3.709995109207317654e+01
3.710215768192792041e+01
3.710436672200351893e+01
3.710657819846399974e+01
3.710879209766920184e+01
3.711100840608559537e+01
3.711322711016009634e+01
3.711544819618512037e+01
3.711767165020355463e+01
3.711989745796046947e+01
3.712212560486558743e+01
3.712435607594888864e+01
3.712658885581719659e+01
3.712882392861466485e+01
3.713106127798616996e+01
3.713330088704655907e+01
3.713554273836354014e+01
3.713778681396876635e+01
3.714003309539724285e+01
3.714228156372472256e+01
3.714453219957587748e+01
3.714678498310718879e+01
3.714903989398101203e+01
3.715129691133969203e+01
3.715355601378250583e+01
3.715581717934469452e+01
3.715808038547535119e+01
3.716034560901642436e+01
3.716261282618650341e+01
3.716488201256948543e+01
3.716715314311105089e+01
3.716942619213071453e+01
3.717170113334557868e+01
3.717397793988818933e+01
3.717625658430981872e+01
3.717853703857496583e+01
3.718081927406073817e+01
3.718310326157960333e+01
3.718538897143717037e+01
3.718767637352412692e+01
3.718996543743053707e+01
3.719225613255914453e+01
3.719454842820560714e+01
3.719684229358412608e+01
3.719913769781805968e+01
3.720143460993240581e+01
3.720373299884346352e+01
3.720603283331330147e+01
3.720833408186830127e+01
3.721063671271273421e+01
3.721294069365896462e+01
3.721524599206637163e+01
3.721755257477641265e+01
3.721986040805251861e+01
3.722216945753947215e+01
3.722447968824715758e+01
3.722679106456936893e+01
3.722910355035715213e+01
3.723141710904575064e+01
3.723373170379515784e+01
3.723604729760339893e+01
3.723836385338670141e+01
3.724068133403336844e+01
3.724299970243716018e+01
3.724531892152196377e+01
3.724763895427418703e+01
3.724995976380832730e+01
3.725228131347149230e+01
3.725460356695177211e+01
3.725692648836521670e+01
3.725925004233212690e+01
3.726157419404646731e+01
3.726389890931995552e+01
3.726622415459309678e+01
3.726854989692958497e+01
3.727087610401461859e+01
3.727320274416690182e+01
3.727552978636127534e+01
3.727785720023972260e+01
3.728018495608240812e+01
3.728251302474465234e+01
3.728484137759580364e+01
3.728716998648833680e+01
3.728949882376593195e+01
3.729182786230268931e+01
3.729415707556575654e+01
3.729648643769349547e+01
3.729881592356007047e+01
3.730114550880198721e+01
3.730347516981449019e+01
3.730580488373427528e+01
3.730813462841928896e+01
3.731046438243344454e+01
3.731279412503808146e+01
3.731512383618835571e+01
3.731745349654129740e+01
3.731978308748821149e+01
3.732211259119782198e+01
3.732444199063696999e+01
3.732677126956311042e+01
3.732910041250410416e+01
3.733142940472244931e+01
3.733375823214345246e+01
3.733608688124738961e+01
3.733841533895676434e+01
3.734074359254306330e+01
3.734307162954422665e+01
3.734539943766263548e+01
3.734772700461536488e+01
3.735005431793768338e+01
3.735238136478461257e+01
3.735470813178602612e+01
3.735703460496999639e+01
3.735936076973093378e+01
3.736168661081909192e+01
3.736401211233307151e+01
3.736633725769574710e+01
3.736866202961945760e+01
3.737098641010921796e+01
3.737331038056232302e+01
3.737563392197906609e+01
3.737795701522597369e+01
3.738027964125627278e+01
3.738260178123483257e+01
3.738492341658323426e+01
3.738724452899761275e+01
3.738956510048983262e+01
3.739188511346374355e+01
3.739420455080312422e+01
3.739652339594601926e+01
3.739884163293662311e+01
3.740115924647037104e+01
3.740347622194879307e+01
3.740579254551875010e+01
3.740810820404446702e+01
3.741042318499483343e+01
3.741273747627905522e+01
3.741505106609010767e+01
3.741736394281544165e+01
3.741967609503041103e+01
3.742198751152878344e+01
3.742429818133763320e+01
3.742660809370696029e+01
3.742891723809628957e+01
3.743122560415260125e+01
3.743353318162489529e+01
3.743583996021448712e+01
3.743814592944767128e+01
3.744045107862248756e+01
3.744275539680509723e+01
3.744505887283789747e+01
3.744736149533883918e+01
3.744966325269296448e+01
3.745196413303715133e+01
3.745426412421655726e+01
3.745656321369533259e+01
3.745886138846145741e+01
3.746115863501344734e+01
3.746345493946192562e+01
3.746575028767998816e+01
3.746804466543209600e+01
3.747033805847665633e+01
3.747263045262871373e+01
3.747492183374760089e+01
3.747721218771873453e+01
3.747950150053090113e+01
3.748178975839351779e+01
3.748407694777585419e+01
3.748636305535579538e+01
3.748864806793248050e+01
3.749093197234674335e+01
3.749321475542986093e+01
3.749549640397656702e+01
3.749777690473177927e+01
3.750005624440264995e+01
3.750233440970366416e+01
3.750461138740671174e+01
3.750688716436867765e+01
3.750916172753083089e+01
3.751143506388215343e+01
3.751370716038760378e+01
3.751597800390179316e+01
3.751824758107579783e+01
3.752051587825037160e+01
3.752278288135600093e+01
3.752504857585577724e+01
3.752731294673502305e+01
3.752957597851727201e+01
3.753183765527922588e+01
3.753409796063458970e+01
3.753635687769934748e+01
3.753861438911651049e+01
3.754087047719188774e+01
3.754312512407660307e+01
3.754537831188050490e+01
3.754763002267446836e+01
3.754988023845278633e+01
3.755212894115989286e+01
3.755437611278033927e+01
3.755662173535770165e+01
3.755886579084885568e+01
3.756110826092665178e+01
3.756334912690722660e+01
3.756558836980399718e+01
3.756782597039040894e+01
3.757006190919545219e+01
3.757229616643688530e+01
3.757452872195148785e+01
3.757675955516138089e+01
3.757898864505205694e+01
3.758121597013479942e+01
3.758344150840621722e+01
3.758566523731646214e+01
3.758788713373465384e+01
3.759010717392005319e+01
3.759232533352933103e+01
3.759454158765302623e+01
3.759675591084912583e+01
3.759896827716590906e+01
3.760117866016282306e+01
3.760338703293238893e+01
3.760559336811721209e+01
3.760779763791822461e+01
3.760999981410390092e+01
3.761219986803020277e+01
3.761439777067418078e+01
3.761659349270648534e+01
3.761878700462534653e+01
3.762097827690215013e+01
3.762316728006764066e+01
3.762535398474162918e+01
3.762753836165394716e+01
3.762972038168582856e+01
3.763190001594055190e+01
3.763407723583159026e+01
3.763625201315325342e+01
3.763842432012211248e+01
3.764059412942132354e+01
3.764276141424888067e+01
3.764492614831910799e+01
3.764708830581056986e+01
3.764924786131204826e+01
3.765140478979190419e+01
3.765355906657811857e+01
3.765571066732964312e+01
3.765785956796776901e+01
3.766000574455487993e+01
3.766214917316938227e+01
3.766428982983706675e+01
3.766642769053848383e+01
3.766856273128647103e+01
3.767069492822314913e+01
3.767282425765652931e+01
3.767495069602991720e+01
3.767707421987766736e+01
3.767919480578488844e+01
3.768131243034416400e+01
3.768342707011523629e+01
3.768553870159054497e+01
3.768764730117145945e+01
3.768975284516890412e+01
3.769185530982053223e+01
3.769395467125038834e+01
3.769605090526695790e+01
3.769814398705108260e+01
3.770023389096663635e+01
3.770232059060793972e+01
3.770440405895621439e+01
3.770648426849424339e+01
3.770856119125375727e+01
3.771063479885796710e+01
3.771270506260211164e+01
3.771477195354470524e+01
3.771683544257055587e+01
3.771889550040604888e+01
3.772095209758087009e+01
3.772300520437024574e+01
3.772505479076055224e+01
3.772710082643443741e+01
3.772914328075495405e+01
3.773118212274290784e+01
3.773321732103761406e+01
3.773524884383528644e+01
3.773727665883129134e+01
3.773930073320337186e+01
3.774132103362892821e+01
3.774333752629258498e+01
3.774535017686648786e+01
3.774735895048278422e+01
3.774936381170908817e+01
3.775136472452195591e+01
3.775336165228915064e+01
3.775535455777721694e+01
3.775734340317374205e+01
3.775932815009880983e+01
3.776130875959902511e+01
3.776328519213853951e+01
3.776525740760475003e+01
3.776722536533348062e+01
3.776918902414484336e+01
3.777114834237622176e+01
3.777310327791332156e+01
3.777505378824943705e+01
3.777699983058957400e+01
3.777894136194381502e+01
3.778087833913212990e+01
3.778281071869752594e+01
3.778473845675014076e+01
3.778666150873428364e+01
3.778857982921898895e+01
3.779049337187549185e+01
3.779240208960086989e+01
3.779430593463199273e+01
3.779620485861849488e+01
3.779809881267532745e+01
3.779998774739542000e+01
3.780187161280966279e+01
3.780375035829925423e+01
3.780562393247195985e+01
3.780749228303839260e+01
3.780935535674385051e+01
3.781121309937607577e+01
3.781306545581210088e+01
3.781491237006884631e+01
3.781675378536653653e+01
3.781858964422222158e+01
3.782041988857356785e+01
3.782224445992111583e+01
3.782406329944134882e+01
3.782587634802477083e+01
3.782768354628183261e+01
3.782948483457517597e+01
3.783128015306065350e+01
3.783306944172250041e+01
3.783485264042315777e+01
3.783662968893845857e+01
3.783840052692465861e+01
3.784016509384552052e+01
3.784192332893935884e+01
3.784367517125138392e+01
3.784542055968449858e+01
3.784715943302192898e+01
3.784889172993227646e+01
3.785061738895996797e+01
3.785233634844274064e+01
3.785404854636082916e+01
3.785575392025444330e+01
3.785745240729998784e+01
3.785914394447203790e+01
3.786082846870628060e+01
3.786250591707124613e+01
3.786417622692739826e+01
3.786583933600143581e+01
3.786749518238567447e+01
3.786914370452374357e+01
3.787078484119536625e+01
3.787241853149915016e+01
3.787404471484323665e+01
3.787566333093300130e+01
3.787727431974512626e+01
3.787887762149783555e+01
3.788047317661035862e+01
3.788206092563519434e+01
3.788364080920204202e+01
3.788521276802797644e+01
3.788677674297638021e+01
3.788833267511973446e+01
3.788988050579076372e+01
3.789142017660630302e+01
3.789295162944640794e+01
3.789447480640515664e+01
3.789598964975031947e+01
3.789749610190243345e+01
3.789899410543150537e+01
3.790048360310137809e+01
3.790196453798626663e+01
3.790343685361066406e+01
3.790490049402979622e+01
3.790635540381663304e+01
3.790780152797292857e+01
3.790923881180419386e+01
3.791066720082977781e+01
3.791208664079523771e+01
3.791349707777922617e+01
3.791489845833932293e+01
3.791629072963646507e+01
3.791767383945131087e+01
3.791904773603688028e+01
3.792041236790797853e+01
3.792176768375234275e+01
3.792311363250448863e+01
3.792445016346926678e+01
3.792577722639673965e+01
3.792709477147809594e+01
3.792840274927350919e+01
3.792970111061750060e+01
3.793098980656139219e+01
3.793226878838882499e+01
3.793353800770626805e+01
3.793479741656378224e+01
3.793604696753192940e+01
3.793728661370374056e+01
3.793851630866056723e+01
3.793973600647213829e+01
3.794094566176378436e+01
3.794214522982658622e+01
3.794333466674014232e+01
3.794451392946813684e+01
3.794568297586620531e+01
3.794684176460606295e+01
3.794799025509092871e+01
3.794912840739034010e+01
3.795025618216922680e+01
3.795137354063452761e+01
3.795248044456067049e+01
3.795357685639406498e+01
3.795466273936919066e+01
3.795573805758287733e+01
3.795680277600821739e+01
3.795785686043443974e+01
3.795890027736490424e+01
3.795993299397456155e+01
3.796095497817162823e+01
3.796196619867684774e+01
3.796296662502772534e+01
3.796395622752046251e+01
3.796493497715091081e+01
3.796590284556921091e+01
3.796685980503053770e+01
3.796780582835071982e+01
3.796874088888721843e+01
3.796966496054935192e+01
3.797057801783577702e+01
3.797148003589348519e+01
3.797237099057769427e+01
3.797325085848751769e+01
3.797411961696452209e+01
3.797497724405828023e+01
3.797582371848406524e+01
3.797665901960400703e+01
3.797748312743453880e+01
3.797829602266650539e+01
3.797909768668922226e+01
3.797988810160870088e+01
3.798066725026293255e+01
3.798143511624503077e+01
3.798219168392245138e+01
3.798293693843191932e+01
3.798367086563539630e+01
3.798439345203218664e+01
3.798510468466334089e+01
3.798580455105889087e+01
3.798649303923185983e+01
3.798717013769763895e+01
3.798783583551188769e+01
3.798849012232791722e+01
3.798913298846772335e+01
3.798976442498429407e+01
3.799038442368690482e+01
3.799099297712552925e+01
3.799159007854408543e+01
3.799217572179474445e+01
3.799274990121620021e+01
3.799331261151296246e+01
3.799386384766482649e+01
3.799440360485684920e+01
3.799493187841611075e+01
3.799544866377975438e+01
3.799595395649900809e+01
3.799644775221401005e+01
3.799693004656927542e+01
3.799740083513987088e+01
3.799786011341991099e+01
3.799830787683842459e+01
3.799874412077323171e+01
3.799916884057850552e+01
3.799958203162109527e+01
3.799998368931103698e+01
3.800037380914864826e+01
3.800075238678720524e+01
3.800111941807229243e+01
3.800147489907042342e+01
3.800181882612302786e+01
3.800215119589847745e+01
3.800247200539841685e+01
3.800278125193575107e+01
3.800307893313711105e+01
3.800336504697157380e+01
3.800363959175118822e+01
3.800390256607987283e+01
3.800415396877895802e+01
3.800439379880395308e+01
3.800462205513801450e+01
3.800483873666588153e+01
3.800504384206540465e+01
3.800523736975558364e+01
3.800541931793328132e+01
3.800558968471315069e+01
3.800574846834170017e+01
3.800589566743175141e+01
3.800603128116774343e+01
3.800615530944673992e+01
3.800626775294643522e+01
3.800636861312978709e+01
3.800645789221369597e+01
3.800653559314157803e+01
3.800660171958515576e+01
3.800665627598817053e+01
3.800669926764226858e+01
3.800673070073271020e+01
3.800675058229931835e+01
3.800675892014391621e+01
3.800675572274941771e+01
3.800674099923402594e+01
3.800671475932595200e+01
3.800667701332346837e+01
3.800662777202190057e+01
3.800656704665133390e+01
3.800649484887865981e+01
3.800641119086024844e+01
3.800631608530051864e+01
3.800620954549589925e+01
3.800609158535350218e+01
3.800596221937080088e+01
3.800582146256083149e+01
3.800566933031893768e+01
3.800550583829051732e+01
3.800533100233131023e+01
3.800514483856512271e+01
3.800494736346398383e+01
3.800473859390494624e+01
3.800451854720639489e+01
3.800428724114888013e+01
3.800404469397349061e+01
3.800379092435687056e+01
3.800352595138043910e+01
3.800324979451229979e+01
3.800296247359396773e+01
3.800266400880870066e+01
3.800235442063809188e+01
3.800203372984792338e+01
3.800170195751204716e+01
3.800135912503718316e+01
3.800100525416837627e+01
3.800064036697681047e+01
3.800026448583020766e+01
3.799987763336121560e+01
3.799947983245438365e+01
3.799907110623895790e+01
3.799865147805149945e+01
3.799822097135083254e+01
3.799777960961250045e+01
3.799732741624859500e+01
3.799686441457237152e+01
3.799639062781068333e+01
3.799590607916020701e+01
3.799541079185637926e+01
3.799490478921602943e+01
3.799438809464204780e+01
3.799386073161249300e+01
3.799332272371158581e+01
3.799277409474156997e+01
3.799221486886190036e+01
3.799164507068360308e+01
3.799106472533247114e+01
3.799047385851328329e+01
3.798987249654187792e+01
3.798926066629931597e+01
3.798863839514027063e+01
3.798800571084335331e+01
3.798736264162862142e+01
3.798670921618876406e+01
3.798604546370375346e+01
3.798537141385742189e+01
3.798468709685411682e+01
3.798399254340511533e+01
3.798328778468294331e+01
3.798257285226888769e+01
3.798184777810828194e+01
3.798111259447951937e+01
3.798036733398248543e+01
3.797961202954459736e+01
3.797884671443655691e+01
3.797807142229984123e+01
3.797728618720244498e+01
3.797649104372968765e+01
3.797568602708776098e+01
3.797487117318088679e+01
3.797404651862724023e+01
3.797321210069883080e+01
3.797236795719712177e+01
3.797151412628679878e+01
3.797065064631781439e+01
3.796977755569429291e+01
3.796889489285440789e+01
3.796800269636331393e+01
3.796710100504700591e+01
3.796618985809698188e+01
3.796526929513687065e+01
3.796433935627164402e+01
3.796340008211724637e+01
3.796245151380596639e+01
3.796149369299568122e+01
3.796052666190836078e+01
3.795955046338026051e+01
3.795856514088291078e+01
3.795757073848274388e+01
3.795656730075110374e+01
3.795555487267027672e+01
3.795453349955813138e+01
3.795350322701124668e+01
3.795246410085487554e+01
3.795141616705979715e+01
3.795035947161148471e+01
3.794929406038214381e+01
3.794821997904763577e+01
3.794713727302971762e+01
3.794604598742465384e+01
3.794494616692114164e+01
3.794383785575523405e+01
3.794272109770719226e+01
3.794159593607886904e+01
3.794046241363602689e+01
3.793932057256623125e+01
3.793817045448064817e+01
3.793701210045672667e+01
3.793584555111597467e+01
3.793467084671634382e+01
3.793348802722324109e+01
3.793229713233078826e+01
3.793109820143449440e+01
3.792989127358630697e+01
3.792867638747023307e+01
3.792745358141294076e+01
3.792622289340904729e+01
3.792498436112887816e+01
3.792373802189701593e+01
3.792248391264840990e+01
3.792122206987092881e+01
3.791995252954788498e+01
3.791867532711908950e+01
3.791739049746821877e+01
3.791609807492969253e+01
3.791479809330232342e+01
3.791349058585917930e+01
3.791217558535150545e+01
3.791085312401080643e+01
3.790952323354598974e+01
3.790818594512109740e+01
3.790684128931352603e+01
3.790548929609663986e+01
3.790412999489154799e+01
3.790276341466467613e+01
3.790138958399514024e+01
3.790000853105544110e+01
3.789862028351232226e+01
3.789722486840518201e+01
3.789582231205280749e+01
3.789441263999122356e+01
3.789299587692524796e+01
3.789157204669756851e+01
3.789014117228120426e+01
3.788870327577686226e+01
3.788725837840443234e+01
3.788580650050719356e+01
3.788434766158718503e+01
3.788288188036784732e+01
3.788140917486547465e+01
3.787992956245481935e+01
3.787844305992884841e+01
3.787694968356047553e+01
3.787544944916817968e+01
3.787394237217777260e+01
3.787242846767440341e+01
3.787090775045459878e+01
3.786938023509095785e+01
3.786784593599783477e+01
3.786630486748243385e+01
3.786475704380174534e+01
3.786320247924579263e+01
3.786164118822284763e+01
3.786007318531739685e+01
3.785849848532273398e+01
3.785691710325903614e+01
3.785532905437869289e+01
3.785373435414834375e+01
3.785213301819484855e+01
3.785052506224054980e+01
3.784891050208631214e+01
3.784728935367243707e+01
3.784566163318640974e+01
3.784402735714434129e+01
3.784238654240027699e+01
3.784073920611274389e+01
3.783908536571222925e+01
3.783742503886865904e+01
3.783575824345505367e+01
3.783408499752670195e+01
3.783240531932473516e+01
3.783071922729629222e+01
3.782902674011659627e+01
3.782732787669256425e+01
3.782562265613427854e+01
3.782391109769918103e+01
3.782219322073726886e+01
3.782046904466646708e+01
3.781873858898118357e+01
3.781700187329391838e+01
3.781525891741203793e+01
3.781350974142031873e+01
3.781175436573629867e+01
3.780999281114608124e+01
3.780822509884803395e+01
3.780645125049737487e+01
3.780467128820602341e+01
3.780288523448986382e+01
3.780109311221888646e+01
3.779929494461413242e+01
3.779749075528751234e+01
3.779568056828357925e+01
3.779386440807743242e+01
3.779204229953084138e+01
3.779021426784728988e+01
3.778838033855632972e+01
3.778654053753397335e+01
3.778469489104840306e+01
3.778284342580470678e+01
3.778098616896241424e+01
3.777912314811982952e+01
3.777725439128089846e+01
3.777537992682598400e+01
3.777349978349526083e+01
3.777161399037900225e+01
3.776972257690977841e+01
3.776782557286055209e+01
3.776592300835927318e+01
3.776401491392596199e+01
3.776210132052242585e+01
3.776018225960685726e+01
3.775825776319914695e+01
3.775632786395109974e+01
3.775439259519133373e+01
3.775245199091658321e+01
3.775050608573625510e+01
3.774855491481314118e+01
3.774659851383135845e+01
3.774463691898480278e+01
3.774267016697237409e+01
3.774069829499618578e+01
3.773872134076364659e+01
3.773673934249736561e+01
3.773475233895087655e+01
3.773276036942245071e+01
3.773076347376211004e+01
3.772876169236689492e+01
3.772675506614993424e+01
3.772474363647729234e+01
3.772272744510777187e+01
3.772070653417757313e+01
3.771868094622095668e+01
3.771665072418409181e+01
3.771461591140485581e+01
3.771257655157216249e+01
3.771053268870183928e+01
3.770848436715347418e+01
3.770643163168715262e+01
3.770437452753093766e+01
3.770231310042694872e+01
3.770024739665988989e+01
3.769817746309141882e+01
3.769610334719551759e+01
3.769402509705783189e+01
3.769194276132435562e+01
3.768985638914230663e+01
3.768776603015074755e+01
3.768567173452956354e+01
3.768357355305926859e+01
3.768147153714276243e+01
3.767936573879008222e+01
3.767725621059635444e+01
3.767514300572366182e+01
3.767302617787899521e+01
3.767090578129123912e+01
3.766878187069208650e+01
3.766665450128716230e+01
3.766452372870772791e+01
3.766238960895361032e+01
3.766025219833514370e+01
3.765811155341611993e+01
3.765596773096350347e+01
3.765382078788164932e+01
3.765167078109093524e+01
3.764951776738596578e+01
3.764736180338536542e+01
3.764520294562666436e+01
3.764304125072556673e+01
3.764087677548641153e+01
3.763870957694455655e+01
3.763653971239504870e+01
3.763436723945932272e+01
3.763219221619671373e+01
3.763001470121691483e+01
3.762783475374381936e+01
3.762565243362276846e+01
3.762346780130447854e+01
3.762128091783186079e+01
3.761909184480937540e+01
3.761690064432458769e+01
3.761470737884246773e+01
3.761251211112408299e+01
3.761031490419201617e+01
3.760811582132404851e+01
3.760591492604490327e+01
3.760371228210433259e+01
3.760150795344938501e+01
3.759930200419178448e+01
3.759709449856267582e+01
3.759488550085857383e+01
3.759267507539319553e+01
3.759046328646485335e+01
3.758825019833552972e+01
3.758603587520805434e+01
3.758382038119251689e+01
3.758160378026394710e+01
3.757938613621121959e+01
3.757716751256938181e+01
3.757494797253447416e+01
3.757272757887250236e+01
3.757050639383328416e+01
3.756828447906526236e+01
3.756606189551861519e+01
3.756383870335524477e+01
3.756161496191519689e+01
3.755939072974253889e+01
3.755716606463265350e+01
3.755494102370973764e+01
3.755271566354716128e+01
3.755049004027031145e+01
3.754826420958342226e+01
3.754603822673798419e+01
3.754381214649334453e+01
3.754158602310070592e+01
3.753935991031340080e+01
3.753713386140984198e+01
3.753490792921843422e+01
3.753268216614539199e+01
3.753045662420353779e+01
3.752823135502941909e+01
3.752600640988478631e+01
3.752378183965135605e+01
3.752155769481474579e+01
3.751933402542412210e+01
3.751711088103333935e+01
3.751488831064301621e+01
3.751266636265335563e+01
3.751044508482863904e+01
3.750822452427146914e+01
3.750600472740384106e+01
3.750378573995793374e+01
3.750156760698246217e+01
3.749935037286176964e+01
3.749713408133776937e+01
3.749491877552995334e+01
3.749270449795540827e+01
3.749049129055175911e+01
3.748827919470107162e+01
3.748606825124986131e+01
3.748385850052910229e+01
3.748164998238299006e+01
3.747944273620164068e+01
3.747723680094301102e+01
3.747503221513829175e+01
3.747282901688559065e+01
3.747062724383975763e+01
3.746842693320510165e+01
3.746622812173490757e+01
3.746403084573778841e+01
3.746183514108600576e+01
3.745964104321790700e+01
3.745744858713257486e+01
3.745525780738252308e+01
3.745306873806448777e+01
3.745088141280331939e+01
3.744869586475348910e+01
3.744651212665893070e+01
3.744433023094418900e+01
3.744215020975673269e+01
3.743997209494601464e+01
3.743779591802793050e+01
3.743562171016481699e+01
3.743344950216397393e+01
3.743127932449565520e+01
3.742911120733642605e+01
3.742694518063191111e+01
3.742478127415185440e+01
3.742261951751390825e+01
3.742045994017439625e+01
3.741830257140337324e+01
3.741614744027730666e+01
3.741399457571068865e+01
3.741184400652271336e+01
3.740969576153313625e+01
3.740754986966991424e+01
3.740540636005628272e+01
3.740326526206964530e+01
3.740112660537803890e+01
3.739899041995415985e+01
3.739685673608163086e+01
3.739472558437392991e+01
3.739259699581178609e+01
3.739047100179036676e+01
3.738834763415763973e+01
3.738622692523033919e+01
3.738410890778853712e+01
3.738199361505847662e+01
3.737988108069248483e+01
3.737777133875085411e+01
3.737566442369248421e+01
3.737356037038497192e+01
3.737145921414295913e+01
3.736936099078790363e+01
3.736726573670008378e+01
3.736517348883840839e+01
3.736308428473395082e+01
3.736099816246593264e+01
3.735891516061237638e+01
3.735683531818713021e+01
3.735475867459632582e+01
3.735268526962313729e+01
3.735061514342712030e+01
3.734854833655133888e+01
3.734648488993630622e+01
3.734442484493294501e+01
3.734236824330968574e+01
3.734031512728492430e+01
3.733826553962373396e+01
3.733621952376670805e+01
3.733417712391891286e+01
3.733213838508324045e+01
3.733010335306359906e+01
3.732807207443984510e+01
3.732604459651541617e+01
3.732402096727280849e+01
3.732200123536987491e+01
3.731998545017513180e+01
3.731797366182546938e+01
3.731596592129746170e+01
3.731396228047580621e+01
3.731196279218661260e+01
3.730996751018104618e+01
3.730797648908879438e+01
3.730598978436658086e+01
3.730400745224968517e+01
3.730202954971409213e+01
3.730005613446792267e+01
3.729808726496424498e+01
3.729612300039926254e+01
3.729416340068910074e+01
3.729220852645338624e+01
3.729025843902122972e+01
3.728831320043619257e+01
3.728637287340772133e+01
3.728443752118071330e+01
3.728250720735834989e+01
3.728058199573073495e+01
3.727866195012985884e+01
3.727674713431080988e+01
3.727483761185249023e+01
3.727293344607100778e+01
3.727103469995150675e+01
3.726914143610537167e+01
3.726725371674786658e+01
3.726537160368451396e+01
3.726349515829456038e+01
3.726162444151538722e+01
3.725975951384643992e+01
3.725790043537647733e+01
3.725604726581763515e+01
3.725420006452977617e+01
3.725235889052239457e+01
3.725052380242048855e+01
3.724869485839729322e+01
3.724687211610405058e+01
3.724505563262128760e+01
3.724324546442752393e+01
3.724144166738554418e+01
3.723964429677056387e+01
3.723785340734316662e+01
3.723606905341834761e+01
3.723429128888875539e+01
3.723252016721774993e+01
3.723075574143727096e+01
3.722899806415160384e+01
3.722724718752353823e+01
3.722550316324208097e+01
3.722376604250371201e+01
3.722203587602975716e+01
3.722031271409534980e+01
3.721859660652922486e+01
3.721688760267939244e+01
3.721518575136906293e+01
3.721349110086326561e+01
3.721180369886077699e+01
3.721012359252402746e+01
3.720845082854117436e+01
3.720678545319203323e+01
3.720512751240034532e+01
3.720347705178315323e+01
3.720183411670498685e+01
3.720019875232137707e+01
3.719857100359016044e+01
3.719695091524775421e+01
3.719533853177952665e+01
3.719373389741451774e+01
3.719213705613089616e+01
3.719054805164090993e+01
3.718896692735248877e+01
3.718739372632200713e+01
3.718582849120320333e+01
3.718427126419312856e+01
3.718272208699072223e+01
3.718118100078368116e+01
3.717964804625964348e+01
3.717812326363194586e+01
3.717660669267515061e+01
3.717509837276347184e+01
3.717359834290136433e+01
3.717210664173856571e+01
3.717062330756557742e+01
3.716914837827413720e+01
3.716768189126210586e+01
3.716622388330717541e+01
3.716477439048637876e+01
3.716333344818907847e+01
3.716190109118250717e+01
3.716047735365982163e+01
3.715906226925403644e+01
3.715765587104313283e+01
3.715625819156107212e+01
3.715486926280870250e+01
3.715348911625599015e+01
3.715211778283536859e+01
3.715075529293420686e+01
3.714940167639590385e+01
3.714805696253571909e+01
3.714672118015450053e+01
3.714539435751746055e+01
3.714407652230460144e+01
3.714276770158356555e+01
3.714146792182629753e+01
3.714017720894421615e+01
3.713889558831945692e+01
3.713762308482831287e+01
3.713635972285297981e+01
3.713510552627960948e+01
3.713386051849253278e+01
3.713262472237715883e+01
3.713139816033751828e+01
3.713018085432543813e+01
3.712897282586585845e+01
3.712777409605776313e+01
3.712658468555654423e+01
3.712540461458174690e+01
3.712423390297637837e+01
3.712307257030325047e+01
3.712192063599289327e+01
3.712077811955482076e+01
3.711964504076440363e+01
3.711852141972796204e+01
3.711740727684555452e+01
3.711630263276892094e+01
3.711520750842169747e+01
3.711412192505962793e+01
3.711304590429948291e+01
3.711197946808185577e+01
3.711092263858315476e+01
3.710987543810920641e+01
3.710883788899944591e+01
3.710781001355645969e+01
3.710679183399894754e+01
3.710578337242138502e+01
3.710478465073134657e+01
3.710379569055757543e+01
3.710281651315799678e+01
3.710184713934529555e+01
3.710088758942804077e+01
3.709993788317908070e+01
3.709899803984774280e+01
3.709806807821101415e+01
3.709714801663538708e+01
3.709623787312215626e+01
3.709533766532830157e+01
3.709444741056211114e+01
3.709356712575823423e+01
3.709269682745085817e+01
3.709183653175850282e+01
3.709098625438343078e+01
3.709014601062369820e+01
3.708931581538811884e+01
3.708849568320538737e+01
3.708768562822534420e+01
3.708688566421247401e+01
3.708609580453255461e+01
3.708531606214224041e+01
3.708454644961264535e+01
3.708378697922020706e+01
3.708303766307160032e+01
3.708229851315945780e+01
3.708156954129049154e+01
3.708085075894246785e+01
3.708014217715722793e+01
3.707944380651647265e+01
3.707875565716138055e+01
3.707807773881707192e+01
3.707741006082388679e+01
3.707675263216374617e+01
3.707610546143200025e+01
3.707546855672639197e+01
3.707484192550199964e+01
3.707422557448256129e+01
3.707361950967902686e+01
3.707302373647913640e+01
3.707243825971755058e+01
3.707186308366992478e+01
3.707129821198175534e+01
3.707074364756896756e+01
3.707019939253206076e+01
3.706966544812290465e+01
3.706914181476602721e+01
3.706862849210135380e+01
3.706812547902688237e+01
3.706763277374042787e+01
3.706715037377934152e+01
3.706667827606026577e+01
3.706621647692370658e+01
3.706576497217666599e+01
3.706532375711964278e+01
3.706489282655221729e+01
3.706447217475914613e+01
3.706406179548275759e+01
3.706366168189342858e+01
3.706327182657366848e+01
3.706289222152747698e+01
3.706252285821313563e+01
3.706216372757494781e+01
3.706181482004478767e+01
3.706147612551248471e+01
3.706114763328445605e+01
3.706082933204332619e+01
3.706052120981826192e+01
3.706022325397862716e+01
3.705993545125298283e+01
3.705965778775388486e+01
3.705939024898323453e+01
3.705913281981516860e+01
3.705888548446138486e+01
3.705864822641117229e+01
3.705842102835776330e+01
3.705820387215290168e+01
3.705799673882378187e+01
3.705779960865326217e+01
3.705761246128925990e+01
3.705743527583470609e+01
3.705726803089456212e+01
3.705711070459950918e+01
3.705696327463346762e+01
3.705682571826013572e+01
3.705669801232909322e+01
3.705658013326331002e+01
3.705647205704475766e+01
3.705637375920389331e+01
3.705628521480809923e+01
3.705620639844823927e+01
3.705613728422805053e+01
3.705607784575941110e+01
3.705602805616048556e+01
3.705598788804901744e+01
3.705595731352391198e+01
3.705593630414186634e+01
3.705592483090774181e+01
3.705592286428331050e+01
3.705593037420093339e+01
3.705594733007330177e+01
3.705597370079926378e+01
3.705600945476480490e+01
3.705605455984198926e+01
3.705610898339185155e+01
3.705617269227209931e+01
3.705624565284679051e+01
3.705632783099206762e+01
3.705641919209507051e+01
3.705651970105381565e+01
3.705662932228874951e+01
3.705674801976203980e+01
3.705687575698620861e+01
3.705701249701418476e+01
3.705715820242645719e+01
3.705731283533766174e+01
3.705747635742560675e+01
3.705764872995924009e+01
3.705782991380816327e+01
3.705801986944138804e+01
3.705821855692509104e+01
3.705842593591551548e+01
3.705864196563722857e+01
3.705886660484478057e+01
3.705909981177956070e+01
3.705934154413042592e+01
3.705959175900513003e+01
3.705985041293967441e+01
3.706011746195733281e+01
3.706039286163644420e+01
3.706067656714603942e+01
3.706096853325124130e+01
3.706126871430504366e+01
3.706157706423420706e+01
3.706189353653004304e+01
3.706221808425767250e+01
3.706255066008083787e+01
3.706289121629161798e+01
3.706323970484982766e+01
3.706359607744092699e+01
3.706396028554175359e+01
3.706433228047351491e+01
3.706471201343239841e+01
3.706509943548997654e+01
3.706549449755168268e+01
3.706589715028609078e+01
3.706630734406291339e+01
3.706672502891439791e+01
3.706715015450058814e+01
3.706758267007945307e+01
3.706802252452374091e+01
3.706846966640313212e+01
3.706892404409069997e+01
3.706938560584693931e+01
3.706985429985415692e+01
3.707033007419525461e+01
3.707081287684231796e+01
3.707130265573283623e+01
3.707179935889165279e+01
3.707230293449548242e+01
3.707281333084973340e+01
3.707333049630883437e+01
3.707385437917410087e+01
3.707438492759848003e+01
3.707492208951946111e+01
3.707546581262513996e+01
3.707601604434364617e+01
3.707657273183937008e+01
3.707713582200918268e+01
3.707770526149227663e+01
3.707828099670633293e+01
3.707886297388750307e+01
3.707945113909635637e+01
3.708004543818871923e+01
3.708064581676704563e+01
3.708125222011029365e+01
3.708186459310871896e+01
3.708248288026486961e+01
3.708310702577739448e+01
3.708373697364819321e+01
3.708437266774184593e+01
3.708501405178461852e+01
3.708566106934205919e+01
3.708631366380726746e+01
3.708697177839695769e+01
3.708763535614267681e+01
3.708830433988488551e+01
3.708897867228166234e+01
3.708965829581938323e+01
3.709034315279800609e+01
3.709103318526571513e+01
3.709172833490096366e+01
3.709242854289549030e+01
3.709313374991233303e+01
3.709384389613243371e+01
3.709455892135780175e+01
3.709527876516236944e+01
3.709600336705742052e+01
3.709673266657328838e+01
3.709746660323288836e+01
3.709820511650285368e+01
3.709894814577195632e+01
3.709969563038889362e+01
3.710044750982672213e+01
3.710120372396031030e+01
3.710196421335056272e+01
3.710272891946047480e+01
3.710349778480494365e+01
3.710427075306741784e+01
3.710504776918444492e+01
3.710582877937756763e+01
3.710661373116770534e+01
3.710740257342751391e+01
3.710819525643373851e+01
3.710899173185428168e+01
3.710979195270218156e+01
3.711059587329928888e+01
3.711140344923410339e+01
3.711221463733424741e+01
3.711302939568855663e+01
3.711384768368282749e+01
3.711466946201026929e+01
3.711549469266824985e+01
3.711632333895703084e+01
3.711715536547846739e+01
3.711799073812694871e+01
3.711882942408904995e+01
3.711967139190946341e+01
3.712051661164355920e+01
3.712136505498861538e+01
3.712221669526588386e+01
3.712307150730827487e+01
3.712392946739175414e+01
3.712479055317951548e+01
3.712565474356182449e+01
3.712652201842871591e+01
3.712739235851275765e+01
3.712826574535655766e+01
3.712914216136009316e+01
3.713002158983976386e+01
3.713090401506110538e+01
3.713178942222475598e+01
3.713267779738714580e+01
3.713356912736366411e+01
3.713446339970096943e+01
3.713536060272333827e+01
3.713626072561893210e+01
3.713716375856893848e+01
3.713806969286599013e+01
3.713897852091662344e+01
3.713989023613957130e+01
3.714080483287079204e+01
3.714172230631923100e+01
3.714264265252445085e+01
3.714356586827240392e+01
3.714449195099661694e+01
3.714542089872898600e+01
3.714635271012173945e+01
3.714728738447421108e+01
3.714822492167199641e+01
3.714916532207540456e+01
3.715010858649559822e+01
3.715105471627396128e+01
3.715200371335176754e+01
3.715295558026870282e+01
3.715391032010193584e+01
3.715486793637116136e+01
3.715582843295816673e+01
3.715679181407225684e+01
3.715775808423119742e+01
3.715872724825000262e+01
3.715969931126958414e+01
3.716067427880008012e+01
3.716165215671446020e+01
3.716263295117394705e+01
3.716361666851739898e+01
3.716460331515848026e+01
3.716559289750811956e+01
3.716658542189799874e+01
3.716758089446307878e+01
3.716857932100270290e+01
3.716958070691183025e+01
3.717058505721843176e+01
3.717159237667255667e+01
3.717260266982559358e+01
3.717361594105597788e+01
3.717463219454812418e+01
3.717565143431328778e+01
3.717667366429606091e+01
3.717769888847119120e+01
3.717872711083906978e+01
3.717975833534327279e+01
3.718079256575986591e+01
3.718182980557306649e+01
3.718287005787426125e+01
3.718391332536232596e+01
3.718495961046282616e+01
3.718600891547345810e+01
3.718706124264814150e+01
3.718811659419733928e+01
3.718917497219095480e+01
3.719023637839301699e+01
3.719130081414218125e+01
3.719236828035301556e+01
3.719343877758055328e+01
3.719451230606441783e+01
3.719558886578366241e+01
3.719666845662944610e+01
3.719775107867514663e+01
3.719883673237531951e+01
3.719992541860301571e+01
3.720101713857597758e+01
3.720211189374973060e+01
3.720320968572919895e+01
3.720431051621050500e+01
3.720541438692470138e+01
3.720652129955715992e+01
3.720763125566305973e+01
3.720874425661985185e+01
3.720986030362261943e+01
3.721097939771060226e+01
3.721210153981903090e+01
3.721322673082998023e+01
3.721435497158813632e+01
3.721548626287959394e+01
3.721662060539015471e+01
3.721775799964606080e+01
3.721889844593628283e+01
3.722004194423083590e+01
3.722118849411572228e+01
3.722233809475799404e+01
3.722349074490301746e+01
3.722464644288631064e+01
3.722580518663274063e+01
3.722696697362934515e+01
3.722813180087292295e+01
3.722929966480002406e+01
3.723047056122081955e+01
3.723164448528029169e+01
3.723282143144471945e+01
3.723400139349691074e+01
3.723518436453533553e+01
3.723637033697718834e+01
3.723755930255943980e+01
3.723875125233310257e+01
3.723994617665066187e+01
3.724114406515059983e+01
3.724234490674866294e+01
3.724354868964676513e+01
3.724475540135055951e+01
3.724596502866857151e+01
3.724717755768593719e+01
3.724839297375375935e+01
3.724961126155054103e+01
3.725083240520398675e+01
3.725205638839140221e+01
3.725328319437672775e+01
3.725451280600771042e+01
3.725574520569347214e+01
3.725698037536660934e+01
3.725821829643447103e+01
3.725945894972073802e+01
3.726070231539242883e+01
3.726194837287121686e+01
3.726319710074385938e+01
3.726444847670666149e+01
3.726570247757812382e+01
3.726695907936913699e+01
3.726821825735596860e+01
3.726947998611924362e+01
3.727074423955563276e+01
3.727201099088269132e+01
3.727328021264662539e+01
3.727455187673004389e+01
3.727582595435391966e+01
3.727710241607167063e+01
3.727838123175552454e+01
3.727966237057501075e+01
3.728094580096963284e+01
3.728223149062451824e+01
3.728351940646739138e+01
3.728480951470751847e+01
3.728610178091064853e+01
3.728739617006125684e+01
3.728869264657130600e+01
3.728999117425675536e+01
3.729129171632678919e+01
3.729259423539152607e+01
3.729389869346681508e+01
3.729520505197123015e+01
3.729651327172403796e+01
3.729782331293731801e+01
3.729913513519347390e+01
3.730044869742076941e+01
3.730176395788059551e+01
3.730308087416246110e+01
3.730439940317711489e+01
3.730571950114766366e+01
3.730704112361917879e+01
3.730836422550926557e+01
3.730968876118003408e+01
3.731101468449058700e+01
3.731234194882805610e+01
3.731367050713186728e+01
3.731500031190234523e+01
3.731633131520064239e+01
3.731766346867389927e+01
3.731899672361068099e+01
3.732033103100021521e+01
3.732166634157518814e+01
3.732300260583591722e+01
3.732433977409211678e+01
3.732567779656018558e+01
3.732701662349553118e+01
3.732835620531810861e+01
3.732969649270676626e+01
3.733103743664780438e+01
3.733237898844652847e+01
3.733372109972709296e+01
3.733506372244506366e+01
3.733640680893885389e+01
3.733775031202116423e+01
3.733909418506749489e+01
3.734043838205300148e+01
3.734178285752994242e+01
3.734312756659245736e+01
3.734447246489008876e+01
3.734581750869578798e+01
3.734716265496617638e+01
3.734850786134530409e+01
3.734985308614402300e+01
3.735119828836029399e+01
3.735254342774822334e+01
3.735388846487050785e+01
3.735523336107296188e+01
3.735657807840154732e+01
3.735792257953116291e+01
3.735926682773133933e+01
3.736061078684763714e+01
3.736195442129854882e+01
3.736329769611433704e+01
3.736464057698557184e+01
3.736598303022113043e+01
3.736732502257850541e+01
3.736866652104063746e+01
3.737000749265211397e+01
3.737134790449467658e+01
3.737268772375623627e+01
3.737402691776285479e+01
3.737536545392797649e+01
3.737670329964319649e+01
3.737804042209983635e+01
3.737937678803362473e+01
3.738071236343228065e+01
3.738204711326658014e+01
3.738338100129243458e+01
3.738471398993000605e+01
3.738604604019635502e+01
3.738737711167315325e+01
3.738870716249974890e+01
3.739003614939054643e+01
3.739136402768460954e+01
3.739269075141952925e+01
3.739401627339950807e+01
3.739534054524101947e+01
3.739666351739801797e+01
3.739798513917449441e+01
3.739930535875453899e+01
3.740062412327141317e+01
3.740194137888924075e+01
3.740325707086623908e+01
3.740457114359455204e+01
3.740588354062057874e+01
3.740719420464881040e+01
3.740850307752123882e+01
3.740981010016177066e+01
3.741111521249915484e+01
3.741241835339675958e+01
3.741371946059795306e+01
3.741501847068315101e+01
3.741631531905319008e+01
3.741760993994285656e+01
3.741890226642279060e+01
3.742019223036338360e+01
3.742147976239473905e+01
3.742276479190565652e+01
3.742404724708741526e+01
3.742532705499604617e+01
3.742660414160196325e+01
3.742787843181329777e+01
3.742914984948269108e+01
3.743041831742867487e+01
3.743168375750575194e+01
3.743294609072713541e+01
3.743420523739426642e+01
3.743546111716304381e+01
3.743671364904865584e+01
3.743796275147625607e+01
3.743920834242413775e+01
3.744045033956400204e+01
3.744168866032526921e+01
3.744292322190482025e+01
3.744415394125240226e+01
3.744538073505409415e+01
3.744660351974989254e+01
3.744782221160483004e+01
3.744903672680935358e+01
3.745024698156414189e+01
3.745145289212688056e+01
3.745265437483574544e+01
3.745385134613669464e+01
3.745504372263133774e+01
3.745623142114710191e+01
3.745741435880845671e+01
3.745859245308084695e+01
3.745976562179318137e+01
3.746093378317987543e+01
3.746209685597052896e+01
3.746325475949433326e+01
3.746440741373664451e+01
3.746555473934309788e+01
3.746669665762459545e+01
3.746783309059740219e+01
3.746896396103979754e+01
3.747008919253319448e+01
3.747120870947887994e+01
3.747232243709818533e+01
3.747343030140640963e+01
3.747453222911367021e+01
3.747562814743810122e+01
3.747671798390249620e+01
3.747780166618938580e+01
3.747887912208870631e+01
3.747995027954285518e+01
3.748101506674244376e+01
3.748207341222202160e+01
3.748312524496070353e+01
3.748417049449740546e+01
3.748520909102369814e+01
3.748624096543282747e+01
3.748726604936680928e+01
3.748828427527617890e+01
3.748929557643886312e+01
3.749029988692059590e+01
3.749129714153632875e+01
3.749228727587689036e+01
3.749327022640682827e+01
3.749424593055930188e+01
3.749521432675106070e+01
3.749617535434980908e+01
3.749712895367560606e+01
3.749807506605095853e+01
3.749901363386270248e+01
3.749994460059944856e+01
3.750086791085308846e+01
3.750178351028026924e+01
3.750269134551236050e+01
3.750359136404880900e+01
3.750448351419629489e+01
3.750536774504980997e+01
3.750624400647176060e+01
3.750711224908380359e+01
3.750797242434630618e+01
3.750882448472358277e+01
3.750966838379844148e+01
3.751050407623583993e+01
3.751133151767240292e+01
3.751215066468402171e+01
3.751296147486925747e+01
3.751376390696108842e+01
3.751455792084220064e+01
3.751534347736252073e+01
3.751612053805360603e+01
3.751688906504261212e+01
3.751764902127516876e+01
3.751840037079273316e+01
3.751914307878795540e+01
3.751987711139012305e+01
3.752060243533480133e+01
3.752131901772304445e+01
3.752202682597350503e+01
3.752272582794989120e+01
3.752341599215470325e+01
3.752409728786643939e+01
3.752476968519604839e+01
3.752543315509357313e+01
3.752608766929556339e+01
3.752673320016324965e+01
3.752736972040298014e+01
3.752799720280702900e+01
3.752861562023218767e+01
3.752922494581986967e+01
3.752982515321826185e+01
3.753041621667387773e+01
3.753099811106084616e+01
3.753157081190042277e+01
3.753213429535717438e+01
3.753268853824491202e+01
3.753323351809883235e+01
3.753376921322730908e+01
3.753429560260970987e+01
3.753481266573484021e+01
3.753532038255627157e+01
3.753581873356070275e+01
3.753630769989089089e+01
3.753678726348807970e+01
3.753725740718667936e+01
3.753771811473396980e+01
3.753816937073482762e+01
3.753861116049125712e+01
3.753904346977667927e+01
3.753946628471636160e+01
3.753987959187446677e+01
3.754028337840727403e+01
3.754067763211708808e+01
3.754106234144283860e+01
3.754143749549648135e+01
3.754180308415204337e+01
3.754215909815116703e+01
3.754250552920973405e+01
3.754284237006891800e+01
3.754316961443131362e+01
3.754348725681629162e+01
3.754379529241917623e+01
3.754409371700752018e+01
3.754438252684460053e+01
3.754466171867537838e+01
3.754493128982827699e+01
3.754519123837550865e+01
3.754544156319986570e+01
3.754568226390075836e+01
3.754591334063802321e+01
3.754613479404774523e+01
3.754634662525261746e+01
3.754654883591421566e+01
3.754674142828718431e+01
3.754692440523452035e+01
3.754709777014839744e+01
3.754726152675988260e+01
3.754741567893317011e+01
3.754756023060296144e+01
3.754769518590575217e+01
3.754782054940847047e+01
3.754793632633140277e+01
3.754804252272232645e+01
3.754813914552939025e+01
3.754822620253373344e+01
3.754830370224023994e+01
3.754837165386378217e+01
3.754843006736802380e+01
3.754847895343611697e+01
3.754851832337320872e+01
3.754854818897776170e+01
3.754856856240415652e+01
3.754857945610518755e+01
3.754858088290603035e+01
3.754857285612989415e+01
3.754855538967694173e+01
3.754852849799409142e+01
3.754849219595913468e+01
3.754844649884665131e+01
3.754839142243721994e+01
3.754832698306712047e+01
3.754825319746186096e+01
3.754817008246646282e+01
3.754807765492283522e+01
3.754797593181211113e+01
3.754786493051100393e+01
3.754774466893612583e+01
3.754761516548277456e+01
3.754747643877283281e+01
3.754732850731405591e+01
3.754717138926453401e+01
3.754700510241831779e+01
3.754682966433131242e+01
3.754664509245598936e+01
3.754645140421857974e+01
3.754624861704764527e+01
3.754603674844351247e+01
3.754581581614225883e+01
3.754558583830986151e+01
3.754534683369453774e+01
3.754509882171574020e+01
3.754484182247617952e+01
3.754457585669797481e+01
3.754430094563925735e+01
3.754401711109554896e+01
3.754372437551707975e+01
3.754342276213979801e+01
3.754311229503545633e+01
3.754279299907411627e+01
3.754246489980191370e+01
3.754212802321844578e+01
3.754178239549091955e+01
3.754142804274721357e+01
3.754106499109000339e+01
3.754069326678730789e+01
3.754031289646591318e+01
3.753992390723661288e+01
3.753952632677276569e+01
3.753912018333036826e+01
3.753870550570388076e+01
3.753828232315376567e+01
3.753785066533314563e+01
3.753741056224070149e+01
3.753696204423694383e+01
3.753650514204294097e+01
3.753603988654231216e+01
3.753556630843515762e+01
3.753508443803713135e+01
3.753459430538052999e+01
3.753409594053452736e+01
3.753358937394593653e+01
3.753307463662210353e+01
3.753255176017945161e+01
3.753202077687252824e+01
3.753148171958606127e+01
3.753093462174321360e+01
3.753037951715644738e+01
3.752981643987057225e+01
3.752924542408563724e+01
3.752866650420268257e+01
3.752807971489568928e+01
3.752748509111152941e+01
3.752688266800073791e+01
3.752627248082978184e+01
3.752565456490994933e+01
3.752502895553008955e+01
3.752439568788647506e+01
3.752375479708279471e+01
3.752310631827629805e+01
3.752245028690184370e+01
3.752178673883462068e+01
3.752111571043987936e+01
3.752043723849990897e+01
3.751975136003295574e+01
3.751905811209946506e+01
3.751835753168428766e+01
3.751764965564030518e+01
3.751693452063397416e+01
3.751621216313378682e+01
3.751548261953411156e+01
3.751474592631998206e+01
3.751400212005360402e+01
3.751325123715633936e+01
3.751249331367804984e+01
3.751172838521348041e+01
3.751095648695412166e+01
3.751017765379068436e+01
3.750939192045168369e+01
3.750859932167704613e+01
3.750779989234790435e+01
3.750699366753269715e+01
3.750618068254776460e+01
3.750536097311938732e+01
3.750453457550678138e+01
3.750370152635436227e+01
3.750286186233746122e+01
3.750201561990355259e+01
3.750116283523264826e+01
3.750030354430290913e+01
3.749943778295332208e+01
3.749856558695520903e+01
3.749768699212559397e+01
3.749680203443373472e+01
3.749591075005608332e+01
3.749501317542347323e+01
3.749410934730722289e+01
3.749319930292476499e+01
3.749228307999466381e+01
3.749136071669706638e+01
3.749043225162745330e+01
3.748949772388083801e+01
3.748855717324611447e+01
3.748761064030393442e+01
3.748665816624600922e+01
3.748569979248306794e+01
3.748473556027224873e+01
3.748376551049363314e+01
3.748278968355526075e+01
3.748180811936153844e+01
3.748082085729139123e+01
3.747982793615594233e+01
3.747882939413968018e+01
3.747782526875326425e+01
3.747681559680883367e+01
3.747580041440397025e+01
3.747477975690190988e+01
3.747375365889994470e+01
3.747272215418236385e+01
3.747168527566454088e+01
3.747064305534001960e+01
3.746959552423338380e+01
3.746854271235516620e+01
3.746748464866158201e+01
3.746642136103279341e+01
3.746535287627455091e+01
3.746427922012568246e+01
3.746320041725296335e+01
3.746211649123136311e+01
3.746102746451745702e+01
3.745993335841022542e+01
3.745883419295141437e+01
3.745772998671880316e+01
3.745662075656491652e+01
3.745550651745995197e+01
3.745438728257436622e+01
3.745326306359913104e+01
3.745213387118974424e+01
3.745099971533812067e+01
3.744986060552826501e+01
3.744871655080622475e+01
3.744756755996890973e+01
3.744641364186197308e+01
3.744525480567290998e+01
3.744409106111299224e+01
3.744292241839868751e+01
3.744174888801671841e+01
3.744057048041516822e+01
3.743938720588646163e+01
3.743819907477279685e+01
3.743700609780697164e+01
3.743580828628081036e+01
3.743460565196422607e+01
3.743339820695415199e+01
3.743218596360528494e+01
3.743096893450666585e+01
3.742974713238809414e+01
3.742852056997494969e+01
3.742728925997352718e+01
3.742605321529212148e+01
3.742481244936244877e+01
3.742356697632762774e+01
3.742231681102173013e+01
3.742106196889960046e+01
3.741980246605247373e+01
3.741853831919726048e+01
3.741726954549439199e+01
3.741599616224587521e+01
3.741471818664011550e+01
3.741343563568474195e+01
3.741214852632644750e+01
3.741085687561079709e+01
3.740956070077095319e+01
3.740826001928711975e+01
3.740695484901230827e+01
3.740564520836723261e+01
3.740433111651571352e+01
3.740301259342908935e+01
3.740168965981031590e+01
3.740036233695575163e+01
3.739903064667249311e+01
3.739769461131157868e+01
3.739635425392010148e+01
3.739500959838942151e+01
3.739366066941923350e+01
3.739230749233946227e+01
3.739095009296136851e+01
3.738958849747741908e+01
3.738822273238250915e+01
3.738685282447804781e+01
3.738547880096759712e+01
3.738410068952428844e+01
3.738271851823837721e+01
3.738133231550158087e+01
3.737994210995363886e+01
3.737854793054395230e+01
3.737714980660777542e+01
3.737574776780988373e+01
3.737434184392863301e+01
3.737293206452982020e+01
3.737151845860069699e+01
3.737010105427257400e+01
3.736867987877040775e+01
3.736725495863520052e+01
3.736582632012363803e+01
3.736439398964667902e+01
3.736295799412638274e+01
3.736151836111210400e+01
3.736007511862005970e+01
3.735862829491541248e+01
3.735717791847363145e+01
3.735572401814831522e+01
3.735426662341506443e+01
3.735280576455878787e+01
3.735134147274809635e+01
3.734987378001123659e+01
3.734840271918094601e+01
3.734692832388015660e+01
3.734545062856812336e+01
3.734396966858461298e+01
3.734248548007718682e+01
3.734099809977753637e+01
3.733950756474271770e+01
3.733801391223670407e+01
3.733651717984471929e+01
3.733501740569474947e+01
3.733351462854750480e+01
3.733200888772087467e+01
3.733050022301043214e+01
3.732898867468008319e+01
3.732747428351216712e+01
3.732595709096563752e+01
3.732443713942392804e+01
3.732291447235216708e+01
3.732138913422457449e+01
3.731986117029011041e+01
3.731833062638489196e+01
3.731679754893460199e+01
3.731526198510200487e+01
3.731372398291888715e+01
3.731218359124753903e+01
3.731064085952597509e+01
3.730909583737875579e+01
3.730754857424437887e+01
3.730599911918967848e+01
3.730444752100962091e+01
3.730289382853464986e+01
3.730133809093115360e+01
3.729978035787728174e+01
3.729822067965987031e+01
3.729665910719927524e+01
3.729509569199820618e+01
3.729353048613248944e+01
3.729196354234991873e+01
3.729039491417501750e+01
3.728882465589975226e+01
3.728725282243112815e+01
3.728567946902084174e+01
3.728410465093168824e+01
3.728252842319554361e+01
3.728095084063622977e+01
3.727937195808336668e+01
3.727779183057745627e+01
3.727621051356910442e+01
3.727462806313772603e+01
3.727304453609338708e+01
3.727145998992470055e+01
3.726987448269514402e+01
3.726828807292567802e+01
3.726670081947644775e+01
3.726511278146939077e+01
3.726352401826146377e+01
3.726193458948416293e+01
3.726034455518526300e+01
3.725875397602516870e+01
3.725716291336996733e+01
3.725557142917702436e+01
3.725397958576367330e+01
3.725238744564019555e+01
3.725079507150354630e+01
3.724920252634602491e+01
3.724760987356683017e+01
3.724601717703884418e+01
3.724442450112572089e+01
3.724283191060450093e+01
3.724123947048983041e+01
3.723964724586208774e+01
3.723805530180943890e+01
3.723646370349757717e+01
3.723487251626274741e+01
3.723328180560258005e+01
3.723169163706749174e+01
3.723010207616286493e+01
3.722851318832324807e+01
3.722692503892556459e+01
3.722533769328278908e+01
3.722375121659192843e+01
3.722216567386534791e+01
3.722058112990695378e+01
3.721899764936335941e+01
3.721741529681597882e+01
3.721583413684389541e+01
3.721425423402048693e+01
3.721267565287106294e+01
3.721109845782566339e+01
3.720952271316307503e+01
3.720794848294897861e+01
3.720637583100432266e+01
3.720480482092629160e+01
3.720323551615310009e+01
3.720166798004239439e+01
3.720010227592440089e+01
3.719853846713841250e+01
3.719697661711319370e+01
3.719541678949992303e+01
3.719385904826619083e+01
3.719230345766241186e+01
3.719075008208202604e+01
3.718919898590026918e+01
3.718765023333438080e+01
3.718610388832133395e+01
3.718456001440819847e+01
3.718301867466302468e+01
3.718147993161391440e+01
3.717994384720176271e+01
3.717841048272419613e+01
3.717687989877560995e+01
3.717535215520379666e+01
3.717382731109088922e+01
3.717230542475672195e+01
3.717078655378654162e+01
3.716927075508596090e+01
3.716775808495445688e+01
3.716624859915393841e+01
3.716474235295108031e+01
3.716323940113232993e+01
3.716173979800429805e+01
3.716024359738635496e+01
3.715875085258765154e+01
3.715726161635975444e+01
3.715577594083861612e+01
3.715429387750009482e+01
3.715281547713699695e+01
3.715134078984963395e+01
3.714986986503745925e+01
3.714840275138575265e+01
3.714693949685331376e+01
3.714548014866502257e+01
3.714402475330823705e+01
3.714257335653704928e+01
3.714112600338816605e+01
3.713968273820268706e+01
3.713824360464194996e+01
3.713680864568983253e+01
3.713537790364036084e+01
3.713395142007556871e+01
3.713252923584148135e+01
3.713111139102396407e+01
3.712969792491985288e+01
3.712828887600304029e+01
3.712688428188972267e+01
3.712548417930745615e+01
3.712408860408660871e+01
3.712269759118596113e+01
3.712131117472797115e+01
3.711992938801753183e+01
3.711855226354506243e+01
3.711717983297896239e+01
3.711581212714727940e+01
3.711444917601355087e+01
3.711309100864971100e+01
3.711173765321093754e+01
3.711038913693098351e+01
3.710904548614662701e+01
3.710770672633294964e+01
3.710637288212099349e+01
3.710504397727255821e+01
3.710372003461315416e+01
3.710240107596682435e+01
3.710108712213485660e+01
3.709977819291437839e+01
3.709847430712672889e+01
3.709717548263699882e+01
3.709588173636584685e+01
3.709459308429831026e+01
3.709330954148681059e+01
3.709203112203950070e+01
3.709075783909989354e+01
3.708948970484592422e+01
3.708822673050361374e+01
3.708696892632272579e+01
3.708571630151060106e+01
3.708446886418147415e+01
3.708322662133992509e+01
3.708198957886821745e+01
3.708075774149900639e+01
3.707953111277831226e+01
3.707830969503334018e+01
3.707709348937147098e+01
3.707588249573964134e+01
3.707467671302850931e+01
3.707347613916005713e+01
3.707228077112455367e+01
3.707109060497755593e+01
3.706990563581352660e+01
3.706872585772870110e+01
3.706755126378886445e+01
3.706638184601754915e+01
3.706521759540856920e+01
3.706405850194830265e+01
3.706290455464479550e+01
3.706175574159968278e+01
3.706061205014052007e+01
3.705947346699111478e+01
3.705833997849051542e+01
3.705721157086462370e+01
3.705608823048705602e+01
3.705496994408936473e+01
3.705385669893133382e+01
3.705274848292931722e+01
3.705164528473594032e+01
3.705054709378855193e+01
3.704945390036355946e+01
3.704836569564925242e+01
3.704728247180009504e+01
3.704620422194915363e+01
3.704513094018834352e+01
3.704406262148928164e+01
3.704299926154223499e+01
3.704194085659516844e+01
3.704088740338132624e+01
3.703983889911408767e+01
3.703879534150222952e+01
3.703775672876423641e+01
3.703672305960655819e+01
3.703569433315212933e+01
3.703467054885922494e+01
3.703365170649187377e+01
3.703263780615750989e+01
3.703162884835042945e+01
3.703062483394752036e+01
3.702962576416894080e+01
3.702863164052124745e+01
3.702764246471610932e+01
3.702665823856963812e+01
3.702567896389963664e+01
3.702470464243172188e+01
3.702373527571899814e+01
3.702277086507248782e+01
3.702181141149539911e+01
3.702085691563009817e+01
3.701990737773233064e+01
3.701896279766589259e+01
3.701802317489923411e+01
3.701708850849523458e+01
3.701615879709223123e+01
3.701523403887622266e+01
3.701431423155213452e+01
3.701339937232581434e+01
3.701248945790053568e+01
3.701158448448722993e+01
3.701068444782440281e+01
3.700978934319316949e+01
3.700889916541672875e+01
3.700801390885881403e+01
3.700713356744069671e+01
3.700625813466884040e+01
3.700538760365088820e+01
3.700452196709120045e+01
3.700366121726880664e+01
3.700280534600371141e+01
3.700195434462120403e+01
3.700110820392690414e+01
3.700026691423339287e+01
3.699943046549501702e+01
3.699859884751081296e+01
3.699777205006997605e+01
3.699695006299409528e+01
3.699613287613060919e+01
3.699532047935120715e+01
3.699451286257062321e+01
3.699371001576930951e+01
3.699291192898985514e+01
3.699211859229146171e+01
3.699132999567522262e+01
3.699054612900643235e+01
3.698976698194668700e+01
3.698899254389176150e+01
3.698822280391243567e+01
3.698745775071284925e+01
3.698669737263656287e+01
3.698594165772912845e+01
3.698519059383085050e+01
3.698444416867045703e+01
3.698370236993839910e+01
3.698296518532892918e+01
3.698223260256165901e+01
3.698150460939641704e+01
3.698078119364117100e+01
3.698006234315121077e+01
3.697934804582055079e+01
3.697863828956257493e+01
3.697793306228390975e+01
3.697723235186989399e+01
3.697653614619058970e+01
3.697584443311355784e+01
3.697515720051272581e+01
3.697447443627920194e+01
3.697379612833697138e+01
3.697312226465368212e+01
3.697245283324173215e+01
3.697178782215637227e+01
3.697112721949481795e+01
3.697047101339337161e+01
3.696981919202164590e+01
3.696917174357092506e+01
3.696852865622302176e+01
3.696788991808602276e+01
3.696725551710375868e+01
3.696662544097298309e+01
3.696599967710347556e+01
3.696537821262094781e+01
3.696476103438851624e+01
3.696414812903392288e+01
3.696353948298462200e+01
3.696293508250477089e+01
3.696233491371955893e+01
3.696173896262197900e+01
3.696114721506306466e+01
3.696055965672065469e+01
3.695997627304969058e+01
3.695939704923829794e+01
3.695882197019314219e+01
3.695825102054320155e+01
3.695768418462901650e+01
3.695712144646557817e+01
3.695656278970327691e+01
3.695600819761903466e+01
3.695545765314249564e+01
3.695491113888806467e+01
3.695436863715869436e+01
3.695383012991751315e+01
3.695329559875555248e+01
3.695276502488088255e+01
3.695223838912239245e+01
3.695171567192767270e+01
3.695119685335799176e+01
3.695068191310471661e+01
3.695017083052906059e+01
3.694966358468823842e+01
3.694916015432162482e+01
3.694866051781357896e+01
3.694816465316790044e+01
3.694767253801742157e+01
3.694718414965588948e+01
3.694669946505632652e+01
3.694621846086297268e+01
3.694574111337260547e+01
3.694526739851966823e+01
3.694479729186632255e+01
3.694433076859147747e+01
3.694386780348276744e+01
3.694340837095481334e+01
3.694295244511423704e+01
3.694249999985583344e+01
3.694205100895484861e+01
3.694160544613684749e+01
3.694116328512028957e+01
3.694072449962990845e+01
3.694028906338082408e+01
3.693985695003831893e+01
3.693942813316884610e+01
3.693900258619490984e+01
3.693858028235480617e+01
3.693816119467215486e+01
3.693774529594287515e+01
3.693733255873782895e+01
3.693692295541513460e+01
3.693651645813932305e+01
3.693611303890241970e+01
3.693571266953921395e+01
3.693531532173469856e+01
3.693492096702856742e+01
3.693452957681489579e+01
3.693414112232616020e+01
3.693375557459978609e+01
3.693337290443783161e+01
3.693299308236861833e+01
3.693261607861614948e+01
3.693224186308708568e+01
3.693187040538007437e+01
3.693150167480974488e+01
3.693113564043257924e+01
3.693077227106698501e+01
3.693041153530555221e+01
3.693005340152050309e+01
3.692969783786617910e+01
3.692934481228449073e+01
3.692899429251617249e+01
3.692864624611497959e+01
3.692830064045796234e+01
3.692795744274700098e+01
3.692761662000640399e+01
3.692727813908834378e+01
3.692694196669575035e+01
3.692660806944131480e+01
3.692627641395905158e+01
3.692594696703632451e+01
3.692561969570886049e+01
3.692529456730409976e+01
3.692497154944756232e+01
3.692465061003997562e+01
3.692433171721884122e+01
3.692401483932284378e+01
3.692369994485927265e+01
3.692338700246163796e+01
3.692307598083655762e+01
3.692276684871657011e+01
3.692245957483719110e+01
3.692215412792475604e+01
3.692185047664136732e+01
3.692154858946849316e+01
3.692124843459151862e+01
3.692094997984173688e+01
3.692065319268615298e+01
3.692035804023764456e+01
3.692006448926908746e+01
3.691977250622453255e+01
3.691948205724010279e+01
3.691919310817660715e+01
3.691890562463751735e+01
3.691861957197333055e+01
3.691833491531220801e+01
3.691805161963248594e+01
3.691776964985665899e+01
3.691748897093947335e+01
3.691720954792197062e+01
3.691693134593285208e+01
3.691665433012269659e+01
3.691637846551245161e+01
3.691610371678345359e+01
3.691583004810347290e+01
3.691555742311937394e+01
3.691528580521175940e+01
3.691501515791622268e+01
3.691474544526568025e+01
3.691447663193591922e+01
3.691420868324701843e+01
3.691394156509653612e+01
3.691367524388396504e+01
3.691340968646436238e+01
3.691314486014488949e+01
3.691288073272322379e+01
3.691261727253859704e+01
3.691235444851217551e+01
3.691209223022148223e+01
3.691183058805372497e+01
3.691156949335918824e+01
3.691130891847399909e+01
3.691104883661537173e+01
3.691078922176509280e+01
3.691053004859200826e+01
3.691027129238618443e+01
3.691001292901935926e+01
3.690975493497071369e+01
3.690949728740029201e+01
3.690923996423806130e+01
3.690898294427685755e+01
3.690872620724874054e+01
3.690846973387708374e+01
3.690821350591392047e+01
3.690795750616668869e+01
3.690770171852587822e+01
3.690744612798982160e+01
3.690719072065238038e+01
3.690693548364786380e+01
3.690668040508612080e+01
3.690642547400814522e+01
3.690617068040013038e+01
3.690591601530294241e+01
3.690566147095670857e+01
3.690540704085670853e+01
3.690515271972261502e+01
3.690489850348816958e+01
3.690464438934250779e+01
3.690439037577631609e+01
3.690413646260560654e+01
3.690388265098090415e+01
3.690362894339443756e+01
3.690337534367277073e+01
3.690312185692551594e+01
3.690286848947371112e+01
3.690261524882971145e+01
3.690236214373461365e+01
3.690210918419373343e+01
3.690185638151888270e+01
3.690160374843392788e+01
3.690135129921161905e+01
3.690109904975965804e+01
3.690084701764058650e+01
3.690059522205076803e+01
3.690034368377010310e+01
3.690009242509230347e+01
3.689984146973078794e+01
3.689959084268172518e+01
3.689934057008610324e+01
3.689909067916678964e+01
3.689884119823577180e+01
3.689859215671107506e+01
3.689834358511034651e+01
3.689809551501618046e+01
3.689784797902583335e+01
3.689760101070098841e+01
3.689735464452135716e+01
3.689710891585487218e+01
3.689686386096099113e+01
3.689661951703104137e+01
3.689637592226554119e+01
3.689613311594956002e+01
3.689589113844046864e+01
3.689565003104264918e+01
3.689540983586566369e+01
3.689517059577687519e+01
3.689493235444761865e+01
3.689469515641201980e+01
3.689445904708488655e+01
3.689422407272801507e+01
3.689399028036871186e+01
3.689375771769398682e+01
3.689352643294181178e+01
3.689329647478556495e+01
3.689306789221750904e+01
3.689284073445174528e+01
3.689261505084758852e+01
3.689239089085441492e+01
3.689216830399546154e+01
3.689194733988470887e+01
3.689172804824089980e+01
3.689151047886934975e+01
3.689129468159799785e+01
3.689108070617353974e+01
3.689086860215362407e+01
3.689065841883022046e+01
3.689045020518906881e+01
3.689024400990899011e+01
3.689003988141484314e+01
3.688983786795869690e+01
3.688963801767079786e+01
3.688944037855693381e+01
3.688924499846176275e+01
3.688905192502625852e+01
3.688886120566365179e+01
3.688867288756167540e+01
3.688848701769556016e+01
3.688830364283215602e+01
3.688812280951958655e+01
3.688794456406019862e+01
3.688776895246022036e+01
3.688759602036182628e+01
3.688742581298500767e+01
3.688725837510150285e+01
3.688709375103508847e+01
3.688693198466572198e+01
3.688677311942491599e+01
3.688661719828431274e+01
3.688646426373743736e+01
3.688631435777362100e+01
3.688616752185586023e+01
3.688602379691322142e+01
3.688588322334013014e+01
3.688574584099071529e+01
3.688561168916834987e+01
3.688548080661220041e+01
3.688535323147893763e+01
3.688522900131957272e+01
3.688510815305332358e+01
3.688499072294155212e+01
3.688487674656356319e+01
3.688476625879342663e+01
3.688465929377579045e+01
3.688455588489684089e+01
3.688445606474647320e+01
3.688435986507560216e+01
3.688426731676415216e+01
3.688417844982026139e+01
3.688409329341253340e+01
3.688401187591016850e+01
3.688393422491031259e+01
3.688386036725575678e+01
3.688379032904769161e+01
3.688372413564879793e+01
3.688366181167452140e+01
3.688360338097472635e+01
3.688354886660061993e+01
3.688349829075617947e+01
3.688345167475048214e+01
3.688340903897246648e+01
3.688337040289490432e+01
3.688333578509784161e+01
3.688330520329690643e+01
3.688327867436381524e+01
3.688325621433229173e+01
3.688323783839611281e+01
3.688322356091796905e+01
3.688321339545866806e+01
3.688320735480932200e+01
3.688320545100206260e+01
3.688320769530034227e+01
3.688321409818524899e+01
3.688322466934972965e+01
3.688323941770338621e+01
3.688325835138027031e+01
3.688328147773886911e+01
3.688330880335332296e+01
3.688334033400264644e+01
3.688337607466971235e+01
3.688341602957238763e+01
3.688346020223556820e+01
3.688350859556998529e+01
3.688356121191893777e+01
3.688361805307180674e+01
3.688367912025915984e+01
3.688374441413214555e+01
3.688381393472737813e+01
3.688388768142786489e+01
3.688396565292973861e+01
3.688404784721394236e+01
3.688413426152854413e+01
3.688422489240323898e+01
3.688431973569985445e+01
3.688441878667163110e+01
3.688452204000691381e+01
3.688462948985627321e+01
3.688474112985571907e+01
3.688485695315478097e+01
3.688497695244166863e+01
3.688510111994990126e+01
3.688522944744058663e+01
3.688536192616619047e+01
3.688549854682651841e+01
3.688563929952852760e+01
3.688578417376083252e+01
3.688593315838761555e+01
3.688608624165716776e+01
3.688624341121919770e+01
3.688640465415770819e+01
3.688656995704727137e+01
3.688673930601411399e+01
3.688691268677192880e+01
3.688709008461476202e+01
3.688727148435150127e+01
3.688745687021499720e+01
3.688764622585495090e+01
3.688783953446039732e+01
3.688803677892985888e+01
3.688823794201032769e+01
3.688844300639050289e+01
3.688865195475304404e+01
3.688886476979376283e+01
3.688908143421930674e+01
3.688930193073129971e+01
3.688952624200160102e+01
3.688975435064569552e+01
3.688998623919019337e+01
3.689022189001011753e+01
3.689046128522237211e+01
3.689070440656848149e+01
3.689095123534115572e+01
3.689120175237028576e+01
3.689145593803715428e+01
3.689171377228770154e+01
3.689197523464088846e+01
3.689224030419608624e+01
3.689250895964044474e+01
3.689278117925630340e+01
3.689305694092271182e+01
3.689333622209549901e+01
3.689361899976108106e+01
3.689390525038635360e+01
3.689419494989779480e+01
3.689448807371411476e+01
3.689478459682862166e+01
3.689508449389936828e+01
3.689538773930417648e+01
3.689569430715578591e+01
3.689600417129845766e+01
3.689631730530261677e+01
3.689663368246046815e+01
3.689695327578161255e+01
3.689727605798672982e+01
3.689760200149927272e+01
3.689793107844106146e+01
3.689826326062790685e+01
3.689859851954371806e+01
3.689893682627477034e+01
3.689927815141370360e+01
3.689962246497227483e+01
3.689996973633120803e+01
3.690031993421816026e+01
3.690067302669748983e+01
3.690102898117162766e+01
3.690138776440099377e+01
3.690174934254338268e+01
3.690211368120404245e+01
3.690248074548481583e+01
3.690285050002349010e+01
3.690322290901369939e+01
3.690359793620919504e+01
3.690397554494276733e+01
3.690435569817242367e+01
3.690473835853045159e+01
3.690512348836473677e+01
3.690551104977711816e+01
3.690590100464909540e+01
3.690629331464900531e+01
3.690668794122461094e+01
3.690708484557716673e+01
3.690748398861599355e+01
3.690788533091398449e+01
3.690828883269048788e+01
3.690869445382135439e+01
3.690910215386754345e+01
3.690951189213292594e+01
3.690992362775426017e+01
3.691033731981841015e+01
3.691075292750879555e+01
3.691117041026936363e+01
3.691158972798123017e+01
3.691201084115100883e+01
3.691243371106017435e+01
3.691285829981213595e+01
3.691328457028382104e+01
3.691371248604031763e+01
3.691414201125039796e+01
3.691457311060402446e+01
3.691500574921625599e+01
3.691543989250378388e+01
3.691587550604891277e+01
3.691631255549851431e+01
3.691675100652828689e+01
3.691719082484890890e+01
3.691763197621507686e+01
3.691807442641314907e+01
3.691851814122829012e+01
3.691896308644087554e+01
3.691940922789983404e+01
3.691985653165929904e+01
3.692030496413180884e+01
3.692075449220938310e+01
3.692120508333686502e+01
3.692165670560180502e+01
3.692210932791006428e+01
3.692256292018090136e+01
3.692301745343299046e+01
3.692347289976031988e+01
3.692392923227691170e+01
3.692438642506355961e+01
3.692484445315927388e+01
3.692530329263170330e+01
3.692576292064556753e+01
3.692622331542884950e+01
3.692668445614348371e+01
3.692714632275604458e+01
3.692760889600684493e+01
3.692807215746862681e+01
3.692853608961014800e+01
3.692900067583927637e+01
3.692946590053637834e+01
3.692993174907012843e+01
3.693039820781533678e+01
3.693086526417261695e+01
3.693133290653556600e+01
3.693180112421404004e+01
3.693226990738957483e+01
3.693273924712150347e+01
3.693320913537054651e+01
3.693367956502440563e+01
3.693415052990968661e+01
3.693462202476194278e+01
3.693509404516163386e+01
3.693556658747493060e+01
3.693603964881402391e+01
3.693651322701494166e+01
3.693698732063585766e+01
3.693746192896024638e+01
3.693793705196594601e+01
3.693841269024159146e+01
3.693888884490605307e+01
3.693936551761544962e+01
3.693984271065298941e+01
3.694032042701788754e+01
3.694079867045866905e+01
3.694127744544615410e+01
3.694175675709281848e+01
3.694223661103126943e+01
3.694271701327614466e+01
3.694319797008991202e+01
3.694367948785647116e+01
3.694416157296058856e+01
3.694464423167607237e+01
3.694512747006960041e+01
3.694561129392687349e+01
3.694609570870609616e+01
3.694658071951677414e+01
3.694706633111017169e+01
3.694755254786979748e+01
3.694803937380482495e+01
3.694852681255025573e+01
3.694901486736721097e+01
3.694950354113527879e+01
3.694999283634401621e+01
3.695048275510187352e+01
3.695097329916569606e+01
3.695146446997107148e+01
3.695195626864620664e+01
3.695244869600142579e+01
3.695294175249330948e+01
3.695343543817524079e+01
3.695392975265087188e+01
3.695442469503628757e+01
3.695492026392812335e+01
3.695541645737840497e+01
3.695591327288500594e+01
3.695641070740648360e+01
3.695690875739635572e+01
3.695740741883057723e+01
3.695790668719703120e+01
3.695840655744116532e+01
3.695890702389311855e+01
3.695940808020854007e+01
3.695990971934143943e+01
3.696041193354834320e+01
3.696091471440404064e+01
3.696141805280957726e+01
3.696192193898854583e+01
3.696242636247654900e+01
3.696293131210971694e+01
3.696343677601319655e+01
3.696394274158477344e+01
3.696444919547656127e+01
3.696495612358741312e+01
3.696546351106596973e+01
3.696597134230992765e+01
3.696647960096522922e+01
3.696698826995056919e+01
3.696749733151023776e+01
3.696800676726589074e+01
3.696851655824691107e+01
3.696902668490134403e+01
3.696953712709506590e+01
3.697004786411491750e+01
3.697055887469223734e+01
3.697107013704398071e+01
3.697158162891864919e+01
3.697209332763934952e+01
3.697260521013610202e+01
3.697311725296356144e+01
3.697362943230897514e+01
3.697414172399431465e+01
3.697465410346964632e+01
3.697516654579280271e+01
3.697567902559747210e+01
3.697619151705827534e+01
3.697670399385685158e+01
3.697721642914599727e+01
3.697772879551476422e+01
3.697824106496525332e+01
3.697875320890306483e+01
3.697926519813649548e+01
3.697977700288743108e+01
3.698028859280416469e+01
3.698079993695090195e+01
3.698131100377866431e+01
3.698182176110796604e+01
3.698233217613774571e+01
3.698284221550009221e+01
3.698335184538706244e+01
3.698386103172718720e+01
3.698436974036094682e+01
3.698487793719101546e+01
3.698538558828372658e+01
3.698589265989846098e+01
3.698639911847909190e+01
3.698690493067556417e+01
3.698741006341913362e+01
3.698791448403257931e+01
3.698841816035901786e+01
3.698892106089061826e+01
3.698942315486430488e+01
3.698992441230574713e+01
3.699042480404320088e+01
3.699092430172329671e+01
3.699142287783848815e+01
3.699192050576038326e+01
3.699241715977792921e+01
3.699291281514437202e+01
3.699340744812614190e+01
3.699390103604009994e+01
3.699439355727223244e+01
3.699488499128466401e+01
3.699537531863050077e+01
3.699586452098711931e+01
3.699635258115252867e+01
3.699683948289650459e+01
3.699732521070951208e+01
3.699780974964802738e+01
3.699829308532793704e+01
3.699877520397151898e+01
3.699925609246315616e+01
3.699973573838953911e+01
3.700021413001940118e+01
3.700069125618203003e+01
3.700116710605801984e+01
3.700164166904213658e+01
3.700211493485563352e+01
3.700258689382405919e+01
3.700305753708207845e+01
3.700352685661559349e+01
3.700399484516745474e+01
3.700446149605465251e+01
3.700492680298827963e+01
3.700539075996279337e+01
3.700585336122112068e+01
3.700631460128907690e+01
3.700677447506907924e+01
3.700723297796803024e+01
3.700769010605053211e+01
3.700814585626996944e+01
3.700860022676882011e+01
3.700905321709905138e+01
3.700950482826233667e+01
3.700995506259634737e+01
3.701040392355780284e+01
3.701085141547823554e+01
3.701129754341523181e+01
3.701174231318485397e+01
3.701218573151093949e+01
3.701262780611405390e+01
3.701306854565527971e+01
3.701350795961371887e+01
3.701394605818649808e+01
3.701438285220525160e+01
3.701481835303122381e+01
3.701525257243088163e+01
3.701568552246126131e+01
3.701611721538940714e+01
3.701654766364592319e+01
3.701697687978532514e+01
3.701740487643083100e+01
3.701783166620744936e+01
3.701825726167993480e+01
3.701868167531026899e+01
3.701910491943454673e+01
3.701952700624578796e+01
3.701994794777767339e+01
3.702036775589512274e+01
3.702078644229170834e+01
3.702120401848995357e+01
3.702162049584556769e+01
3.702203588555750002e+01
3.702245019868384901e+01
3.702286344616459957e+01
3.702327563884824713e+01
3.702368678751356867e+01
3.702409690288063615e+01
3.702450599560828692e+01
3.702491407627297093e+01
3.702532115532625312e+01
3.702572724303377072e+01
3.702613234940255182e+01
3.702653648410727527e+01
3.702693965643607044e+01
3.702734187527628507e+01
3.702774314913331466e+01
3.702814348615530804e+01
3.702854289414812428e+01
3.702894138057957463e+01
3.702933895258076546e+01
3.702973561695228710e+01
3.703013138015869998e+01
3.703052624827827799e+01
3.703092022690690754e+01
3.703131332106686102e+01
3.703170553516530816e+01
3.703209687298394925e+01
3.703248733765695988e+01
3.703287693162852889e+01
3.703326565660447045e+01
3.703365351351559553e+01
3.703404050250641433e+01
3.703442662294229848e+01
3.703481187342057979e+01
3.703519625179525576e+01
3.703557975523388279e+01
3.703596238028904253e+01
3.703634412293380507e+01
3.703672497854066847e+01
3.703710494186536550e+01
3.703748400711253908e+01
3.703786216806467735e+01
3.703823941821206489e+01
3.703861575087006486e+01
3.703899115927202246e+01
3.703936563661545733e+01
3.703973917606537469e+01
3.704011177070692185e+01
3.704048341343860784e+01
3.704085409685094987e+01
3.704122381315967516e+01
3.704159255424603003e+01
3.704196031180914872e+01
3.704232707754860598e+01
3.704269284327781264e+01
3.704305760095461153e+01
3.704342134265442610e+01
3.704378406048686401e+01
3.704414574650457581e+01
3.704450639271925638e+01
3.704486599126374102e+01
3.704522453460088371e+01
3.704558201566424458e+01
3.704593842789550706e+01
3.704629376520301065e+01
3.704664802190570327e+01
3.704700119277541148e+01
3.704735327325156646e+01
3.704770425969979897e+01
3.704805414949024822e+01
3.704840294087626518e+01
3.704875063280292125e+01
3.704909722470191014e+01
3.704944271632052732e+01
3.704978710769484707e+01
3.705013039927482055e+01
3.705047259205039722e+01
3.705081368756557225e+01
3.705115368781852681e+01
3.705149259505164139e+01
3.705183041147042644e+01
3.705216713902676418e+01
3.705250277936282544e+01
3.705283733387680911e+01
3.705317080386269168e+01
3.705350319072300636e+01
3.705383449617583125e+01
3.705416472232536762e+01
3.705449387158644470e+01
3.705482194656512718e+01
3.705514894998420061e+01
3.705547488468459250e+01
3.705579975369499834e+01
3.705612356033754651e+01
3.705644630830816055e+01
3.705676800168188834e+01
3.705708864487147025e+01
3.705740824261422262e+01
3.705772680000361419e+01
3.705804432250928215e+01
3.705836081594535614e+01
3.705867628639978761e+01
3.705899074015596284e+01
3.705930418362695633e+01
3.705961662329949036e+01
3.705992806567597597e+01
3.706023851721267448e+01
3.706054798425490304e+01
3.706085647296740859e+01
3.706116398926471334e+01
3.706147053875024255e+01
3.706177612666419918e+01
3.706208075784611111e+01
3.706238443673041871e+01
3.706268716737134383e+01
3.706298895346578348e+01
3.706328979835579673e+01
3.706358970501443650e+01
3.706388867602196768e+01
3.706418671353028316e+01
3.706448381921082103e+01
3.706477999419470137e+01
3.706507523902158852e+01
3.706536955360221697e+01
3.706566293718968552e+01
3.706595538836049286e+01
3.706624690501504915e+01
3.706653748438792917e+01
3.706682712303867788e+01
3.706711581684060519e+01
3.706740356102225320e+01
3.706769035025070735e+01
3.706797617870517314e+01
3.706826104016224832e+01
3.706854492813965862e+01
3.706882783605360743e+01
3.706910975731185687e+01
3.706939068534737203e+01
3.706967061364125016e+01
3.706994953574083240e+01
3.707022744525630742e+01
3.707050433583689397e+01
3.707078020112367511e+01
3.707105503467609253e+01
3.707132882992671341e+01
3.707160158024216656e+01
3.707187327905619156e+01
3.707214391995294989e+01
3.707241349666369246e+01
3.707268200303519023e+01
3.707294943300978929e+01
3.707321578061626610e+01
3.707348103996937994e+01
3.707374520527434214e+01
3.707400827079523964e+01
3.707427023073966410e+01
3.707453107908783352e+01
3.707479080944511907e+01
3.707504941495489703e+01
3.707530688826410881e+01
3.707556322152863970e+01
3.707581840647823412e+01
3.707607243458751611e+01
3.707632529731620252e+01
3.707657698628499787e+01
3.707682749331907246e+01
3.707707681039990177e+01
3.707732492958891157e+01
3.707757184298813513e+01
3.707781754278072128e+01
3.707806202132799456e+01
3.707830527124888675e+01
3.707854728539138023e+01
3.707878805666355504e+01
3.707902757781598524e+01
3.707926584132742676e+01
3.707950283945411485e+01
3.707973856435015847e+01
3.707997300815390673e+01
3.708020616303332417e+01
3.708043802119245669e+01
3.708066857477562195e+01
3.708089781563518983e+01
3.708112573511304078e+01
3.708135232409475179e+01
3.708157757333164994e+01
3.708180147371324153e+01
3.708202401629996814e+01
3.708224519218646975e+01
3.708246499229669269e+01
3.708268340719455836e+01
3.708290042700473066e+01
3.708311604149020013e+01
3.708333024026524782e+01
3.708354301308153822e+01
3.708375435010832177e+01
3.708396424212297404e+01
3.708417268056626170e+01
3.708437965751468823e+01
3.708458516565780627e+01
3.708478919831539145e+01
3.708499174951117539e+01
3.708519281409622437e+01
3.708539238784118908e+01
3.708559046740381149e+01
3.708578705017278310e+01
3.708598213409989341e+01
3.708617571762955833e+01
3.708636779969952357e+01
3.708655837971228664e+01
3.708674745748221824e+01
3.708693503324207086e+01
3.708712110768749426e+01
3.708730568196700261e+01
3.708748875763882324e+01
3.708767033667549384e+01
3.708785042146550381e+01
3.708802901468250468e+01
3.708820611902783781e+01
3.708838173698480034e+01
3.708855587067224491e+01
3.708872852179853652e+01
3.708889969170119372e+01
3.708906938145379684e+01
3.708923759201671544e+01
3.708940432440044788e+01
3.708956957979885516e+01
3.708973335965901441e+01
3.708989566566150131e+01
3.709005649961683559e+01
3.709021586339610366e+01
3.709037375901642264e+01
3.709053018878097419e+01
3.709068515528166898e+01
3.709083866126056250e+01
3.709099070945182319e+01
3.709114130248993746e+01
3.709129044291336186e+01
3.709143813322760508e+01
3.709158437595466040e+01
3.709172917361624400e+01
3.709187252862346185e+01
3.709201444312272145e+01
3.709215491896915040e+01
3.709229395792123540e+01
3.709243156189677393e+01
3.709256773311099664e+01
3.709270247410459831e+01
3.709283578769479561e+01
3.709296767683292728e+01
3.709309814442890030e+01
3.709322719328180540e+01
3.709335482620053881e+01
3.709348104623442310e+01
3.709360585685033840e+01
3.709372926198995657e+01
3.709385126603547178e+01
3.709397187372172766e+01
3.709409109003375704e+01
3.709420892009848814e+01
3.709432536906081879e+01
3.709444044197336154e+01
3.709455414374755833e+01
3.709466647919636983e+01
3.709477745315488306e+01
3.709488707061748158e+01
3.709499533681756134e+01
3.709510225720689647e+01
3.709520783737460903e+01
3.709531208297686078e+01
3.709541499969484590e+01
3.709551659322094963e+01
3.709561686925761848e+01
3.709571583346949808e+01
3.709581349139265427e+01
3.709590984842079564e+01
3.709600490992882982e+01
3.709609868142466382e+01
3.709619116861628640e+01
3.709628237739700296e+01
3.709637231376249389e+01
3.709646098364702738e+01
3.709654839271290427e+01
3.709663454616718781e+01
3.709671944870799365e+01
3.709680310468801423e+01
3.709688551840660153e+01
3.709696669431225047e+01
3.709704663703561778e+01
3.709712535132799616e+01
3.709720284199203633e+01
3.709727911388065991e+01
3.709735417199336638e+01
3.709742802159690456e+01
3.709750066826605774e+01
3.709757211780659958e+01
3.709764237606715653e+01
3.709771144867415416e+01
3.709777934077648354e+01
3.709784605689928583e+01
3.709791160099155860e+01
3.709797597668810454e+01
3.709803918763574870e+01
3.709810123768320267e+01
3.709816213093158410e+01
3.709822187177527297e+01
3.709828046495243115e+01
3.709833791552546955e+01
3.709839422879909421e+01
3.709844941026569387e+01
3.709850346560913437e+01
3.709855640073972438e+01
3.709860822182242401e+01
3.709865893525041969e+01
3.709870854755641290e+01
3.709875706531612138e+01
3.709880449507902966e+01
3.709885084330110061e+01
3.709889611625505523e+01
3.709894031993390939e+01
3.709898345996808899e+01
3.709902554155522125e+01
3.709906656939965330e+01
3.709910654766178340e+01
3.709914547991704126e+01
3.709918336913635528e+01
3.709922021770168499e+01
3.709925602745952489e+01
3.709929079979879418e+01
3.709932453570920785e+01
3.709935723576272437e+01
3.709938890000731249e+01
3.709941952783442076e+01
3.709944911789029476e+01
3.709947766804766900e+01
3.709950517541351189e+01
3.709953163634946804e+01
3.709955704650585773e+01
3.709958140088789946e+01
3.709960469395796423e+01
3.709962691972904025e+01
3.709964807178224078e+01
3.709966814321122541e+01
3.709968712657443746e+01
3.709970501390385067e+01
3.709972179674683446e+01
3.709973746620895696e+01
3.709975201298711767e+01
3.709976542738702676e+01
3.709977769932124403e+01
3.709978881828871522e+01
3.709979877334159681e+01
3.709980755306968803e+01
3.709981514564520921e+01
3.709982153892215706e+01
3.709982672054731978e+01
3.709983067807232970e+01
3.709983339906854383e+01
3.709983487121571955e+01
3.709983508232441096e+01
3.709983402025411436e+01
3.709983167272044824e+01
3.709982802706422689e+01
3.709982307007325630e+01
3.709981678789367976e+01
3.709980916606212986e+01
3.709980018968398241e+01
3.709978984370516031e+01
3.709977811314692531e+01
3.709976498318280136e+01
3.709975043906071335e+01
3.709973446598900892e+01
3.709971704907804479e+01
3.709969817334603448e+01
3.709967782379022339e+01
3.709965598553787203e+01
3.709963264404209582e+01
3.709960778523582547e+01
3.709958139559608981e+01
3.709955346217915917e+01
3.709952397270434687e+01
3.709949291561639484e+01
3.709946027998227436e+01
3.709942605522529391e+01
3.709939023085141940e+01
3.709935279632953353e+01
3.709931374119278047e+01
3.709927305525000207e+01
3.709923072867837135e+01
3.709918675190164805e+01
3.709914111537403159e+01
3.709909380941753199e+01
3.709904482414412286e+01
3.709899414947039986e+01
3.709894177529890413e+01
3.709888769181814183e+01
3.709883188970534462e+01
3.709877436012946106e+01
3.709871509461483896e+01
3.709865408482996685e+01
3.709859132239078150e+01
3.709852679877506887e+01
3.709846050535661277e+01
3.709839243354364413e+01
3.709832257499032693e+01
3.709825092177804606e+01
3.709817746646908176e+01
3.709810220198885133e+01
3.709802512139322062e+01
3.709794621772057610e+01
3.709786548405717355e+01
3.709778291369510583e+01
3.709769850020934001e+01
3.709761223745105951e+01
3.709752411955655305e+01
3.709743414100482539e+01
3.709734229666154448e+01
3.709724858174122630e+01
3.709715299169729263e+01
3.709705552212771806e+01
3.709695616876545188e+01
3.709685492753311564e+01
3.709675179460158745e+01
3.709664676640673520e+01
3.709653983960185997e+01
3.709643101098381379e+01
3.709632027748244809e+01
3.709620763623966866e+01
3.709609308469634215e+01
3.709597662061582923e+01
3.709585824207734817e+01
3.709573794751998577e+01
3.709561573583445693e+01
3.709549160636326803e+01
3.709536555870806751e+01
3.709523759247169039e+01
3.709510770715508698e+01
3.709497590225300456e+01
3.709484217739249345e+01
3.709470653235455018e+01
3.709456896696232064e+01
3.709442948092639369e+01
3.709428807374374060e+01
3.709414474473103240e+01
3.709399949323916701e+01
3.709385231895547719e+01
3.709370322206662252e+01
3.709355220314095192e+01
3.709339926283651323e+01
3.709324440167821280e+01
3.709308762004928184e+01
3.709292891838048689e+01
3.709276829744165838e+01
3.709260575860394482e+01
3.709244130395599370e+01
3.709227493627206940e+01
3.709210665894408265e+01
3.709193647592053367e+01
3.709176439155478278e+01
3.709159041034524762e+01
3.709141453672134503e+01
3.709123677499119509e+01
3.709105712941978084e+01
3.709087560435587960e+01
3.709069220434048475e+01
3.709050693416550359e+01
3.709031979891594943e+01
3.709013080402089457e+01
3.708993995527029597e+01
3.708974725880458578e+01
3.708955272117827917e+01
3.708935634951613736e+01
3.708915815164011320e+01
3.708895813608230441e+01
3.708875631200443479e+01
3.708855268906954450e+01
3.708834727734786441e+01
3.708814008734533019e+01
3.708793113011014242e+01
3.708772041729438484e+01
3.708750796112812509e+01
3.708729377433104446e+01
3.708707787001246459e+01
3.708686026159470117e+01
3.708664096274718247e+01
3.708641998733710921e+01
3.708619734942004698e+01
3.708597306328119458e+01
3.708574714355943058e+01
3.708551960541228709e+01
3.708529046458643563e+01
3.708505973736935601e+01
3.708482744050392910e+01
3.708459359109923525e+01
3.708435820654709403e+01
3.708412130444356336e+01
3.708388290247238928e+01
3.708364301825633902e+01
3.708340166927576576e+01
3.708315887293032631e+01
3.708291464669330395e+01
3.708266900824050794e+01
3.708242197552963404e+01
3.708217356690968813e+01
3.708192380125581877e+01
3.708167269801742094e+01
3.708142027715230427e+01
3.708116655902477277e+01
3.708091156431645175e+01
3.708065531393118874e+01
3.708039782887271940e+01
3.708013913011745188e+01
3.707987923849505307e+01
3.707961817455249331e+01
3.707935595842683796e+01
3.707909260982032151e+01
3.707882814812543870e+01
3.707856259264453769e+01
3.707829596280355133e+01
3.707802827827224235e+01
3.707775955896850206e+01
3.707748982501589552e+01
3.707721909672267202e+01
3.707694739455686062e+01
3.707667473905899413e+01
3.707640115070425679e+01
3.707612664979765071e+01
3.707585125648711966e+01
3.707557499088768083e+01
3.707529787321043102e+01
3.707501992383409828e+01
3.707474116334736181e+01
3.707446161255119677e+01
3.707418129238923399e+01
3.707390022387703254e+01
3.707361842811521768e+01
3.707333592636099695e+01
3.707305274010752782e+01
3.707276889116712937e+01
3.707248440175260384e+01
3.707219929453027873e+01
3.707191359261747721e+01
3.707162731952751500e+01
3.707134049913015161e+01
3.707105315569297943e+01
3.707076531398315922e+01
3.707047699937600527e+01
3.707018823791482731e+01
3.706989905625979986e+01
3.706960948154129198e+01
3.706931954122102013e+01
3.706902926304183410e+01
3.706873867506913456e+01
3.706844780576724219e+01
3.706815668404761510e+01
3.706786533924883997e+01
3.706757380102798294e+01
3.706728209921981687e+01
3.706699026378367989e+01
3.706669832484971749e+01
3.706640631275828213e+01
3.706611425805362359e+01
3.706582219147843915e+01
3.706553014398995316e+01
3.706523814679540862e+01
3.706494623140906697e+01
3.706465442970522162e+01
3.706436277393621026e+01
3.706407129672504652e+01
3.706378003105618291e+01
3.706348901025351950e+01
3.706319826791754934e+01
3.706290783781867759e+01
3.706261775377686973e+01
3.706232804956079718e+01
3.706203875881524112e+01
3.706174991501674043e+01
3.706146155146523569e+01
3.706117370130309752e+01
3.706088639752913849e+01
3.706059967298547519e+01
3.706031356031803625e+01
3.706002809192045788e+01
3.705974329987031268e+01
3.705945921586520342e+01
3.705917587116870493e+01
3.705889329658349851e+01
3.705861152246447432e+01
3.705833057875037895e+01
3.705805049497396197e+01
3.705777130023808041e+01
3.705749302317520488e+01
3.705721569190890818e+01
3.705693933402311302e+01
3.705666397654695032e+01
3.705638964597075358e+01
3.705611636828646738e+01
3.705584416901822919e+01
3.705557307322477101e+01
3.705530310548035544e+01
3.705503428984207659e+01
3.705476664981616608e+01
3.705450020834580727e+01
3.705423498782804614e+01
3.705397101014442995e+01
3.705370829668871124e+01
3.705344686838476065e+01
3.705318674569091542e+01
3.705292794859060734e+01
3.705267049657233969e+01
3.705241440859791879e+01
3.705215970306000628e+01
3.705190639774257733e+01
3.705165450980185682e+01
3.705140405576766227e+01
3.705115505154671496e+01
3.705090751241136360e+01
3.705066145297075053e+01
3.705041688713123449e+01
3.705017382805879578e+01
3.704993228815897766e+01
3.704969227908016194e+01
3.704945381172760221e+01
3.704921689627156667e+01
3.704898154214578909e+01
3.704874775804488962e+01
3.704851555193257440e+01
3.704828493105655696e+01
3.704805590195091014e+01
3.704782847041887806e+01
3.704760264150888105e+01
3.704737841949732768e+01
3.704715580788801788e+01
3.704693480943097939e+01
3.704671542614619284e+01
3.704649765933562122e+01
3.704628150959234034e+01
3.704606697682716288e+01
3.704585406031183936e+01
3.704564275871933177e+01
3.704543307014848352e+01
3.704522499213216946e+01
3.704501852163662079e+01
3.704481365507346879e+01
3.704461038834095632e+01
3.704440871688561998e+01
3.704420863576888223e+01
3.704401013972770329e+01
3.704381322321585657e+01
3.704361788041786241e+01
3.704342410524245111e+01
3.704323189131316241e+01
3.704304123196958898e+01
3.704285212027842533e+01
3.704266454905320671e+01
3.704247851088678800e+01
3.704229399819154622e+01
3.704211100323864514e+01
3.704192951819047863e+01
3.704174953512043089e+01
3.704157104601801365e+01
3.704139404278039649e+01
3.704121851719612835e+01
3.704104446094346770e+01
3.704087186562276912e+01
3.704070072280256198e+01
3.704053102403737086e+01
3.704036276084458024e+01
3.704019592466086408e+01
3.704003050680544362e+01
3.703986649846572021e+01
3.703970389069657188e+01
3.703954267441282155e+01
3.703938284037680262e+01
3.703922437920155630e+01
3.703906728136666260e+01
3.703891153722724283e+01
3.703875713702882422e+01
3.703860407096019003e+01
3.703845232923445252e+01
3.703830190214581108e+01
3.703815278008243439e+01
3.703800495354033728e+01
3.703785841315968241e+01
3.703771314973761264e+01
3.703756915422756890e+01
3.703742641782130107e+01
3.703728493210886796e+01
3.703714468918600033e+01
3.703700568166210161e+01
3.703686790263908080e+01
3.703673134570760794e+01
3.703659600495030446e+01
3.703646187493316688e+01
3.703632895068338371e+01
3.703619722768075206e+01
3.703606670190077921e+01
3.703593736988792529e+01
3.703580922878601456e+01
3.703568227630920262e+01
3.703555651071490473e+01
3.703543193082444418e+01
3.703530853607003337e+01
3.703518632653195652e+01
3.703506530297090649e+01
3.703494546686617639e+01
3.703482682043922836e+01
3.703470936665290481e+01
3.703459310919699021e+01
3.703447805245431823e+01
3.703436420144735308e+01
3.703425156178482780e+01
3.703414013960635032e+01
3.703402994150861360e+01
3.703392097446074160e+01
3.703381324573634714e+01
3.703370676287662633e+01
3.703360153366524798e+01
3.703349756607881460e+01
3.703339486820618731e+01
3.703329344816582847e+01
3.703319331404363624e+01
3.703309447384928887e+01
3.703299693548517268e+01
3.703290070672613865e+01
3.703280579521766924e+01
3.703271220851596013e+01
3.703261995417480534e+01
3.703252903984508038e+01
3.703243947334986785e+01
3.703235126271873412e+01
3.703226441618198805e+01
3.703217894214357386e+01
3.703209484915488048e+01
3.703201214589152102e+01
3.703193084111642008e+01
3.703185094362444119e+01
3.703177246218503171e+01
3.703169540549947669e+01
3.703161978217280392e+01
3.703154560068463041e+01
3.703147286935038096e+01
3.703140159629894868e+01
3.703133178949912008e+01
3.703126345680938414e+01
3.703119660599360685e+01
3.703113124469094686e+01
3.703106738037016044e+01
3.703100502029175800e+01
3.703094417148272299e+01
3.703088484071814435e+01
3.703082703450180446e+01
3.703077075904778326e+01
3.703071602029025655e+01
3.703066282395472797e+01
3.703061117564868709e+01
3.703056108088409815e+01
3.703051254505215439e+01
3.703046557343700584e+01
3.703042017126452379e+01
3.703037634373256992e+01
3.703033409600914894e+01
3.703029343320904587e+01
3.703025436036374884e+01
3.703021688239615372e+01
3.703018100409921942e+01
3.703014673011357871e+01
3.703011406490620061e+01
3.703008301275583136e+01
3.703005357774620876e+01
3.703002576376125177e+01
3.702999957447730139e+01
3.702997501335247676e+01
3.702995208361596013e+01
3.702993078825637951e+01
3.702991113000138057e+01
3.702989311128940386e+01
3.702987673424340898e+01
3.702986200064461997e+01
3.702984891191987771e+01
3.702983746918062025e+01
3.702982767328622771e+01
3.702981952484014982e+01
3.702981302410027808e+01
3.702980817087868104e+01
3.702980496449868042e+01
3.702980340382609370e+01
3.702980348734517690e+01
3.702980521323365792e+01
3.702980857942213788e+01
3.702981358365254749e+01
3.702982022353755553e+01
3.702982849660733677e+01
3.702983840033874685e+01
3.702984993217092580e+01
3.702986308951112449e+01
3.702987786973662310e+01
3.702989427019959834e+01
3.702991228823486836e+01
3.702993192115988563e+01
3.702995316626203959e+01
3.702997602078986006e+01
3.703000048196272331e+01
3.703002654698544660e+01
3.703005421304627021e+01
3.703008347731585559e+01
3.703011433700764599e+01
3.703014678953464056e+01
3.703018083272561256e+01
3.703021646502180175e+01
3.703025368558792962e+01
3.703029249431897085e+01
3.703033289176017462e+01
3.703037487897944402e+01
3.703041845744647276e+01
3.703046362894889398e+01
3.703051039554351576e+01
3.703055875953871379e+01
3.703060872349728072e+01
3.703066029023830197e+01
3.703071346281953424e+01
3.703076824448182691e+01
3.703082463855841411e+01
3.703088264839400523e+01
3.703094227730669985e+01
3.703100352857716615e+01
3.703106640544272921e+01
3.703113091109139532e+01
3.703119704865108019e+01
3.703126482116806528e+01
3.703133423157765236e+01
3.703140528267485365e+01
3.703147797709868172e+01
3.703155231734861275e+01
3.703162830583122656e+01
3.703170594490977408e+01
3.703178523693620150e+01
3.703186618426173737e+01
3.703194878922703737e+01
3.703203305413673974e+01
3.703211898122521006e+01
3.703220657262038884e+01
3.703229583031250627e+01
3.703238675612760744e+01
3.703247935170114857e+01
3.703257361845346907e+01
3.703266955757506196e+01
3.703276717002348306e+01
3.703286645652320885e+01
3.703296741755964661e+01
3.703307005337119051e+01
3.703317436394807061e+01
3.703328034903611155e+01
3.703338800813655496e+01
3.703349734050005537e+01
3.703360834511384070e+01
3.703372102066357741e+01
3.703383536544743748e+01
3.703395137725615172e+01
3.703406905326076526e+01
3.703418838993649587e+01
3.703430938303237241e+01
3.703443202758174380e+01
3.703455631793033831e+01
3.703468224777213180e+01
3.703480981021242258e+01
3.703493899784076149e+01
3.703506980275311378e+01
3.703520221653607791e+01
3.703533623029493782e+01
3.703547183475183857e+01
3.703560902039266978e+01
3.703574777764900716e+01
3.703588809708104179e+01
3.703602996952345450e+01
3.703617338619527999e+01
3.703631833879906310e+01
3.703646481962582726e+01
3.703661282163958646e+01
3.703676233851024335e+01
3.703691336462797068e+01
3.703706589513026870e+01
3.703721992590461554e+01
3.703737545354831440e+01
3.703753247532735315e+01
3.703769098915471147e+01
3.703785099355894062e+01
3.703801248761769926e+01
3.703817547086494244e+01
3.703833994319717249e+01
3.703850590479136429e+01
3.703867335603260358e+01
3.703884229745734302e+01
3.703901272972196068e+01
3.703918465358984236e+01
3.703935806992236479e+01
3.703953297966495484e+01
3.703970938382056488e+01
3.703988728340257097e+01
3.704006667937321140e+01
3.704024757259064415e+01
3.704042996378046837e+01
3.704061385352370195e+01
3.704079924225070641e+01
3.704098613024377329e+01
3.704117451765343105e+01
3.704136440451858903e+01
3.704155579077599469e+01
3.704174867626284140e+01
3.704194306072820808e+01
3.704213894385510741e+01
3.704233632528067233e+01
3.704253520460459725e+01
3.704273558138689992e+01
3.704293745513884062e+01
3.704314082530507335e+01
3.704334569123408016e+01
3.704355205213699520e+01
3.704375990703757537e+01
3.704396925473486135e+01
3.704418009380285781e+01
3.704439242261067022e+01
3.704460623932997265e+01
3.704482154192685783e+01
3.704503832814984321e+01
3.704525659552075467e+01
3.704547634132075729e+01
3.704569756253739854e+01
3.704592025576201308e+01
3.704614441708802275e+01
3.704637004205415707e+01
3.704659712562066431e+01
3.704682566215633699e+01
3.704705564543424856e+01
3.704728706863334509e+01
3.704751992433224927e+01
3.704775420448940082e+01
3.704798990041737738e+01
3.704822700275428815e+01
3.704846550142637085e+01
3.704870538561255700e+01
3.704894664373536273e+01
3.704918926347899344e+01
3.704943323182502013e+01
3.704967853511628562e+01
3.704992515914030804e+01
3.705017308918635877e+01
3.705042231005872111e+01
3.705067280607435265e+01
3.705092456106835641e+01
3.705117755840525717e+01
3.705143178098350631e+01
3.705168721122824138e+01
3.705194383110161738e+01
3.705220162218324020e+01
3.705246056581201941e+01
3.705272064320166692e+01
3.705298183547440516e+01
3.705324412364689124e+01
3.705350748863567389e+01
3.705377191130646963e+01
3.705403737253315199e+01
3.705430385322951281e+01
3.705457133434882877e+01
3.705483979686688656e+01
3.705510922176890887e+01
3.705537959005790327e+01
3.705565088279320207e+01
3.705592308114362510e+01
3.705619616642017178e+01
3.705647012006583907e+01
3.705674492361138306e+01
3.705702055862812472e+01
3.705729700670026006e+01
3.705757424941273115e+01
3.705785226834301227e+01
3.705813104505382682e+01
3.705841056108981491e+01
3.705869079797907517e+01
3.705897173723754179e+01
3.705925336038222895e+01
3.705953564897363606e+01
3.705981858470785539e+01
3.706010214954471849e+01
3.706038632582811942e+01
3.706067109638593138e+01
3.706095644462889283e+01
3.706124235463982330e+01
3.706152881122672937e+01
3.706181579993015873e+01
3.706210330697695809e+01
3.706239131920094110e+01
3.706267982400345318e+01
3.706296880938997163e+01
3.706325826403197254e+01
3.706354817729375384e+01
3.706383853922032046e+01
3.706412934054956310e+01
3.706442057280340663e+01
3.706471222841005186e+01
3.706500430077272057e+01
3.706529678427308028e+01
3.706558967424253126e+01
3.706588296691015216e+01
3.706617665932624561e+01
3.706647074928199004e+01
3.706676523524568978e+01
3.706706011631847275e+01
3.706735539220168363e+01
3.706765106318083980e+01
3.706794713015828791e+01
3.706824359472873454e+01
3.706854045922651153e+01
3.706883772671438493e+01
3.706913540096751092e+01
3.706943348649637926e+01
3.706973198858526075e+01
3.707003091330348354e+01
3.707033026748157312e+01
3.707063005867374983e+01
3.707093029512826377e+01
3.707123098577327625e+01
3.707153214021541743e+01
3.707183376875104130e+01
3.707213588239102364e+01
3.707243849286812321e+01
3.707274161256344769e+01
3.707304525435985454e+01
3.707334943154992857e+01
3.707365415785984908e+01
3.707395944748497385e+01
3.707426531506597200e+01
3.707457177564645434e+01
3.707487884463259320e+01
3.707518653773511375e+01
3.707549487090264506e+01
3.707580386027151320e+01
3.707611352213115907e+01
3.707642387289059371e+01
3.707673492904669388e+01
3.707704670716522344e+01
3.707735922387451666e+01
3.707767249585815250e+01
3.707798653984084325e+01
3.707830137257722924e+01
3.707861701084555506e+01
3.707893347143546237e+01
3.707925077112707157e+01
3.707956892666708626e+01
3.707988795474688004e+01
3.708020787198643120e+01
3.708052869491821468e+01
3.708085043995163943e+01
3.708117312331118143e+01
3.708149676096866898e+01
3.708182136858921751e+01
3.708214696148491640e+01
3.708247355456175853e+01
3.708280116227428636e+01
3.708312979863775638e+01
3.708345947731921655e+01
3.708379021174899037e+01
3.708412201519128359e+01
3.708445490079529350e+01
3.708478888165703324e+01
3.708512397085973333e+01
3.708546018146940781e+01
3.708579752651974104e+01
3.708613601902031576e+01
3.708647567198337924e+01
3.708681649845639328e+01
3.708715851155469068e+01
3.708750172448134208e+01
3.708784615052567801e+01
3.708819180304812591e+01
3.708853869546508975e+01
3.708888684123668611e+01
3.708923625385062905e+01
3.708958694679930090e+01
3.708993893354704596e+01
3.709029222747800958e+01
3.709064684182543914e+01
3.709100278960392671e+01
3.709136008356989578e+01
3.709171873622688054e+01
3.709207875987465997e+01
3.709244016667784649e+01
3.709280296873158278e+01
3.709316717812135522e+01
3.709353280697016686e+01
3.709389986745745205e+01
3.709426837180681957e+01
3.709463833225625251e+01
3.709500976103027625e+01
3.709538267032668557e+01
3.709575707231501696e+01
3.709613297913693231e+01
3.709651040290953716e+01
3.709688935573453250e+01
3.709726984970055241e+01
3.709765189686793718e+01
3.709803550924480930e+01
3.709842069876792436e+01
3.709880747729820882e+01
3.709919585663767094e+01
3.709958584855707642e+01
3.709997746480601677e+01
3.710037071708993750e+01
3.710076561702664577e+01
3.710116217611450651e+01
3.710156040574647562e+01
3.710196031726889032e+01
3.710236192203831962e+01
3.710276523143942740e+01
3.710317025687564296e+01
3.710357700976356909e+01
3.710398550154121011e+01
3.710439574367505600e+01
3.710480774765266432e+01
3.710522152495280324e+01
3.710563708697854679e+01
3.710605444495533334e+01
3.710647360983584520e+01
3.710689459224966669e+01
3.710731740248995436e+01
3.710774205051182406e+01
3.710816854593266356e+01
3.710859689804314598e+01
3.710902711584458302e+01
3.710945920810765131e+01
3.710989318343212062e+01
3.711032905030074147e+01
3.711076681712337688e+01
3.711120649225774315e+01
3.711164808399703929e+01
3.711209160053030587e+01
3.711253704990861024e+01
3.711298444005313968e+01
3.711343377877786054e+01
3.711388507377129997e+01
3.711433833257051162e+01
3.711479356261199314e+01
3.711525077136641215e+01
3.711570996648689658e+01
3.711617115590478733e+01
3.711663434784937010e+01
3.711709955080331014e+01
3.711756677341815447e+01
3.711803602441428751e+01
3.711850731248858892e+01
3.711898064624750049e+01
3.711945603416729256e+01
3.711993348456606867e+01
3.712041300556213486e+01
3.712089460500308746e+01
3.712137829037253312e+01
3.712186406869680155e+01
3.712235194648185654e+01
3.712284192969987373e+01
3.712333402381961633e+01
3.712382823386612785e+01
3.712432456449297291e+01
3.712482302004480772e+01
3.712532360460531322e+01
3.712582632204802735e+01
3.712633117609109235e+01
3.712683817032670675e+01
3.712734730819592244e+01
3.712785859291678747e+01
3.712837202741634002e+01
3.712888761430835416e+01
3.712940535591106794e+01
3.712992525426879098e+01
3.713044731114425190e+01
3.713097152799151246e+01
3.713149790595806365e+01
3.713202644593662427e+01
3.713255714863930734e+01
3.713309001466888759e+01
3.713362504457544588e+01
3.713416223887988821e+01
3.713470159805753923e+01
3.713524312250029169e+01
3.713578681247871316e+01
3.713633266811105216e+01
3.713688068933507935e+01
3.713743087587997849e+01
3.713798322723627621e+01
3.713853774262283736e+01
3.713909442095967250e+01
3.713965326086126595e+01
3.714021426065226450e+01
3.714077741837534319e+01
3.714134273173775824e+01
3.714191019798577997e+01
3.714247981378690611e+01
3.714305157520561806e+01
3.714362547775994727e+01
3.714420151649851931e+01
3.714477968606786362e+01
3.714535998075725587e+01
3.714594239452610225e+01
3.714652692103614839e+01
3.714711355369050239e+01
3.714770228566683841e+01
3.714829310993884093e+01
3.714888601926948297e+01
3.714948100617212390e+01
3.715007806289882808e+01
3.715067718151447451e+01
3.715127835401172973e+01
3.715188157236563171e+01
3.715248682848105943e+01
3.715309411406998663e+01
3.715370342053660124e+01
3.715431473891108993e+01
3.715492805980287017e+01
3.715554337334904744e+01
3.715616066921242577e+01
3.715677993669162760e+01
3.715740116488766631e+01
3.715802434282961286e+01
3.715864945959152266e+01
3.715927650444630359e+01
3.715990546695632446e+01
3.716053633692958158e+01
3.716116910434664788e+01
3.716180375940543712e+01
3.716244029269559235e+01
3.716307869538353970e+01
3.716371895931862213e+01
3.716436107705650471e+01
3.716500504181430387e+01
3.716565084737608515e+01
3.716629848798179125e+01
3.716694795822393615e+01
3.716759925295700384e+01
3.716825236721847858e+01
3.716890729616258682e+01
3.716956403501056627e+01
3.717022257901751914e+01
3.717088292344018896e+01
3.717154506348723686e+01
3.717220899425490899e+01
3.717287471066362770e+01
3.717354220740634929e+01
3.717421147891924704e+01
3.717488251937484023e+01
3.717555532267314788e+01
3.717622988241434001e+01
3.717690619187336409e+01
3.717758424399788453e+01
3.717826403141795311e+01
3.717894554645372551e+01
3.717962878112025038e+01
3.718031372712056992e+01
3.718100037582610895e+01
3.718168871826395616e+01
3.718237874512357166e+01
3.718307044677615636e+01
3.718376381330089231e+01
3.718445883452280043e+01
3.718515550005842840e+01
3.718585379935174728e+01
3.718655372169065743e+01
3.718725525621073302e+01
3.718795839190386943e+01
3.718866311764155341e+01
3.718936942219519892e+01
3.719007729423115194e+01
3.719078672228622651e+01
3.719149769474125122e+01
3.719221019979170251e+01
3.719292422540767262e+01
3.719363975929181265e+01
3.719435678884902075e+01
3.719507530116680982e+01
3.719579528300150884e+01
3.719651672077521454e+01
3.719723960058540513e+01
3.719796390821642262e+01
3.719868962914424060e+01
3.719941674853627944e+01
3.720014525125029792e+01
3.720087512183422263e+01
3.720160634452793857e+01
3.720233890325337001e+01
3.720307278156952435e+01
3.720380796262263345e+01
3.720454442917132809e+01
3.720528216369458363e+01
3.720602114850452580e+01
3.720676136581251114e+01
3.720750279775426606e+01
3.720824542639946486e+01
3.720898923376809364e+01
3.720973420186142988e+01
3.721048031269793199e+01
3.721122754833639590e+01
3.721197589087383761e+01
3.721272532242289088e+01
3.721347582509604024e+01
3.721422738101026084e+01
3.721497997229565158e+01
3.721573358112343044e+01
3.721648818979343076e+01
3.721724378084398666e+01
3.721800033709065758e+01
3.721875784157054312e+01
3.721951627746607016e+01
3.722027562807654988e+01
3.722103587681794323e+01
3.722179700719640039e+01
3.722255900275052909e+01
3.722332184699862268e+01
3.722408552341015309e+01
3.722485001538514382e+01
3.722561530623443815e+01
3.722638137919410894e+01
3.722714821746614433e+01
3.722791580419876567e+01
3.722868412238586444e+01
3.722945315478980177e+01
3.723022288395484480e+01
3.723099329227123633e+01
3.723176436203633699e+01
3.723253607548554101e+01
3.723330841477455522e+01
3.723408136191974194e+01
3.723485489874916254e+01
3.723562900691112532e+01
3.723640366791293843e+01
3.723717886314303627e+01
3.723795457388636976e+01
3.723873078136410442e+01
3.723950746680740309e+01
3.724028461153707070e+01
3.724106219699548603e+01
3.724184020472879553e+01
3.724261861637501880e+01
3.724339741367644763e+01
3.724417657848039909e+01
3.724495609271559005e+01
3.724573593838507435e+01
3.724651609760594084e+01
3.724729655265973349e+01
3.724807728600486456e+01
3.724885828027735357e+01
3.724963951834512699e+01
3.725042098341102559e+01
3.725120265909052364e+01
3.725198452941533134e+01
3.725276657877962094e+01
3.725354879186571111e+01
3.725433115355910019e+01
3.725511364884007293e+01
3.725589626265490750e+01
3.725667897980748222e+01
3.725746178491227312e+01
3.725824466239021859e+01
3.725902759645094164e+01
3.725981057103792438e+01
3.726059356975329706e+01
3.726137657578354379e+01
3.726215957184567884e+01
3.726294254016459462e+01
3.726372546247087314e+01
3.726450832000636382e+01
3.726529109353565161e+01
3.726607376335653754e+01
3.726685630929974735e+01
3.726763871071607781e+01
3.726842094645465409e+01
3.726920299484911681e+01
3.726998483373388638e+01
3.727076644048096199e+01
3.727154779201817547e+01
3.727232886480946661e+01
3.727310963480982053e+01
3.727389007742412730e+01
3.727467016749619688e+01
3.727544987932512299e+01
3.727622918668643592e+01
3.727700806284648394e+01
3.727778648056609256e+01
3.727856441208666638e+01
3.727934182909881855e+01
3.728011870271481598e+01
3.728089500347421392e+01
3.728167070137673278e+01
3.728244576590439863e+01
3.728322016601453726e+01
3.728399387011516808e+01
3.728476684603944591e+01
3.728553906103372384e+01
3.728631048176902141e+01
3.728708107436126795e+01
3.728785080437103971e+01
3.728861963677997693e+01
3.728938753596622746e+01
3.729015446570513603e+01
3.729092038922071595e+01
3.729168526929058203e+01
3.729244906836850504e+01
3.729321174867182975e+01
3.729397327221245462e+01
3.729473360079953181e+01
3.729549269604996198e+01
3.729625051941254554e+01
3.729700703219113933e+01
3.729776219555811423e+01
3.729851597055509416e+01
3.729926831806842102e+01
3.730001919878120020e+01
3.730076857315852124e+01
3.730151640153294323e+01
3.730226264426215721e+01
3.730300726186317917e+01
3.730375021509983924e+01
3.730449146506055058e+01
3.730523097322723913e+01
3.730596870151808275e+01
3.730670461230284474e+01
3.730743866841834944e+01
3.730817083324912886e+01
3.730890107086752749e+01
3.730962934612608706e+01
3.731035562467002364e+01
3.731107987291466088e+01
3.731180205798004579e+01
3.731252214758555397e+01
3.731324010997378338e+01
3.731395591390452893e+01
3.731466952868974118e+01
3.731538092421283892e+01
3.731609007088864871e+01
3.731679693956780142e+01
3.731750150144601719e+01
3.731820372805423602e+01
3.731890359135782376e+01
3.731960106391917265e+01
3.732029611905536370e+01
3.732098873095007718e+01
3.732167887470023260e+01
3.732236652630715668e+01
3.732305166264817586e+01
3.732373426145123574e+01
3.732441430128211834e+01
3.732509176156482766e+01
3.732576662263991807e+01
3.732643886581900716e+01
3.732710847338952220e+01
3.732777542857376574e+01
3.732843971546449779e+01
3.732910131894114869e+01
3.732976022458399257e+01
3.733041641862543258e+01
3.733106988793335290e+01
3.733172061997406388e+01
3.733236860276648628e+01
3.733301382490254383e+01
3.733365627564650424e+01
3.733429594507813931e+01
3.733493282424171866e+01
3.733556690523173671e+01
3.733619818117630018e+01
3.733682664615044899e+01
3.733745229505340291e+01
3.733807512346729851e+01
3.733869512752960418e+01
3.733931230384737177e+01
3.733992664944950945e+01
3.734053816175470075e+01
3.734114683853628947e+01
3.734175267786976349e+01
3.734235567805478695e+01
3.734295583752662395e+01
3.734355315478310899e+01
3.734414762833500845e+01
3.734473925666613070e+01
3.734532803819244151e+01
3.734591397122901668e+01
3.734649705398327768e+01
3.734707728457549081e+01
3.734765466106320275e+01
3.734822918145201243e+01
3.734880084369564202e+01
3.734936964569410378e+01
3.734993558529860991e+01
3.735049866032726840e+01
3.735105886858661250e+01
3.735161620789212122e+01
3.735217067608198960e+01
3.735272227102208120e+01
3.735327099060314993e+01
3.735381683272338194e+01
3.735435979524567074e+01
3.735489987593247463e+01
3.735543707237193445e+01
3.735597138190198763e+01
3.735650280154135316e+01
3.735703132795559611e+01
3.735755695747480587e+01
3.735807968612976282e+01
3.735859950966089116e+01
3.735911642349403650e+01
3.735963042270461898e+01
3.736014150198855788e+01
3.736064965564784046e+01
3.736115487758486609e+01
3.736165716129480074e+01
3.736215649985605580e+01
3.736265288593143197e+01
3.736314631179367041e+01
3.736363676935678058e+01
3.736412425016461469e+01
3.736460874533354826e+01
3.736509024550986879e+01
3.736556874089140479e+01
3.736604422130958625e+01
3.736651667631928575e+01
3.736698609524971459e+01
3.736745246724360214e+01
3.736791578132858405e+01
3.736837602649145396e+01
3.736883319170861739e+01
3.736928726593561834e+01
3.736973823807431927e+01
3.737018609692248106e+01
3.737063083110975725e+01
3.737107242902978754e+01
3.737151087878883970e+01
3.737194616820708148e+01
3.737237828488703428e+01
3.737280721630740032e+01
3.737323294989643330e+01
3.737365547309165947e+01
3.737407477340931905e+01
3.737449083851485199e+01
3.737490365625535560e+01
3.737531321462288503e+01
3.737571950167588852e+01
3.737612250549084081e+01
3.737652221417815923e+01
3.737691861592346498e+01
3.737731169900157369e+01
3.737770145176713754e+01
3.737808786266664640e+01
3.737847092028849971e+01
3.737885061341403770e+01
3.737922693101302940e+01
3.737959986216907282e+01
3.737996939600690638e+01
3.738033552171909690e+01
3.738069822867360870e+01
3.738105750648727366e+01
3.738141334503980318e+01
3.738176573453168317e+01
3.738211466564241903e+01
3.738246012967608323e+01
3.738280211854618074e+01
3.738314062460752751e+01
3.738347564045703564e+01
3.738380715879973337e+01
3.738413517239951034e+01
3.738445967407666615e+01
3.738478065671618111e+01
3.738509811327205057e+01
3.738541203675608671e+01
3.738572242021503911e+01
3.738602925673103528e+01
3.738633253947764956e+01
3.738663226178658761e+01
3.738692841714723869e+01
3.738722099916918040e+01
3.738751000161094851e+01
3.738779541850525590e+01
3.738807724429876345e+01
3.738835547391014558e+01
3.738863010271890630e+01
3.738890112653376008e+01
3.738916854151720059e+01
3.738943234408672822e+01
3.738969253089199896e+01
3.738994909889427731e+01
3.739020204548977944e+01
3.739045136861736296e+01
3.739069706681172534e+01
3.739093913921374934e+01
3.739117758558275995e+01
3.739141240630684848e+01
3.739164360235870532e+01
3.739187117517541026e+01
3.739209512651002143e+01
3.739231545831138703e+01
3.739253217263322426e+01
3.739274527155681938e+01
3.739295475713417005e+01
3.739316063135847656e+01
3.739336289616863951e+01
3.739356155348889388e+01
3.739375660528207135e+01
3.739394805359704321e+01
3.739413590060051007e+01
3.739432014857481335e+01
3.739450079986011133e+01
3.739467785675186207e+01
3.739485132141967227e+01
3.739502119588850348e+01
3.739518748202088716e+01
3.739535018143968870e+01
3.739550929544017777e+01
3.739566482499660083e+01
3.739581677090708212e+01
3.739596513399988709e+01
3.739610991527831629e+01
3.739625111595263007e+01
3.739638873739112057e+01
3.739652278104779271e+01
3.739665324841150351e+01
3.739678014100771719e+01
3.739690346044989866e+01
3.739702320848415695e+01
3.739713938698901785e+01
3.739725199797820210e+01
3.739736104367054992e+01
3.739746652660284809e+01
3.739756844969491567e+01
3.739766681624264066e+01
3.739776162992755104e+01
3.739785289490043851e+01
3.739794061586593443e+01
3.739802479809605273e+01
3.739810544741248322e+01
3.739818257020789360e+01
3.739825617350328457e+01
3.739832626498488821e+01
3.739839285298553762e+01
3.739845594640954118e+01
3.739851555462837496e+01
3.739857168739484905e+01
3.739862435478651292e+01
3.739867356714518110e+01
3.739871933501159873e+01
3.739876166910877231e+01
3.739880058040622401e+01
3.739883608022021377e+01
3.739886818028093529e+01
3.739889689272952467e+01
3.739892223002643590e+01
3.739894420479554782e+01
3.739896282969164787e+01
3.739897811733610666e+01
3.739899008027202854e+01
3.739899873092820570e+01
3.739900408168045232e+01
3.739900614505030063e+01
3.739900493392908487e+01
3.739900046168598635e+01
3.739899274212815783e+01
3.739898178938089046e+01
3.739896761779704093e+01
3.739895024196191997e+01
3.739892967674008162e+01
3.739890593725388612e+01
3.739887903876667963e+01
3.739884899653961270e+01
3.739881582574400909e+01
3.739877954146240313e+01
3.739874015874021751e+01
3.739869769263646759e+01
3.739865215827350653e+01
3.739860357090915954e+01
3.739855194603422461e+01
3.739849729946021029e+01
3.739843964736423487e+01
3.739837900632123535e+01
3.739831539333817290e+01
3.739824882582195187e+01
3.739817932145584223e+01
3.739810689807196553e+01
3.739803157360950792e+01
3.739795336616158750e+01
3.739787229405720836e+01
3.739778837592956506e+01
3.739770163073565357e+01
3.739761207769599594e+01
3.739751973614769298e+01
3.739742462534295697e+01
3.739732676426409341e+01
3.739722617153218209e+01
3.739712286541592334e+01
3.739701686388442425e+01
3.739690818467068567e+01
3.739679684535454385e+01
3.739668286348365456e+01
3.739656625672364498e+01
3.739644704296547673e+01
3.739632524031100758e+01
3.739620086695916967e+01
3.739607394108836047e+01
3.739594448079032674e+01
3.739581250404899748e+01
3.739567802872114299e+01
3.739554107247526815e+01
3.739540165271385064e+01
3.739525978656479310e+01
3.739511549097323240e+01
3.739496878284494841e+01
3.739481967919754624e+01
3.739466819729123870e+01
3.739451435468753004e+01
3.739435816920072853e+01
3.739419965879687879e+01
3.739403884155407098e+01
3.739387573571727330e+01
3.739371035975599256e+01
3.739354273235385762e+01
3.739337287235917984e+01
3.739320079870535096e+01
3.739302653024061840e+01
3.739285008547024347e+01
3.739267148231223814e+01
3.739249073793596523e+01
3.739230786867184264e+01
3.739212288996189670e+01
3.739193581632403607e+01
3.739174666132505109e+01
3.739155543760528388e+01
3.739136215697923404e+01
3.739116683056930412e+01
3.739096946892105677e+01
3.739077008207657826e+01
3.739056867959036623e+01
3.739036527048482839e+01
3.739015986318825924e+01
3.738995246553711382e+01
3.738974308487858167e+01
3.738953172820148296e+01
3.738931840220278957e+01
3.738910311328894664e+01
3.738888586756453947e+01
3.738866667083453166e+01
3.738844552859490022e+01
3.738822244595794331e+01
3.738799742752601674e+01
3.738777047730029324e+01
3.738754159865677451e+01
3.738731079435054028e+01
3.738707806652485743e+01
3.738684341671351774e+01
3.738660684579441806e+01
3.738636835388376056e+01
3.738612794024777486e+01
3.738588560332451749e+01
3.738564134086450963e+01
3.738539515008212533e+01
3.738514702768323161e+01
3.738489696976913024e+01
3.738464497176391177e+01
3.738439102848980866e+01
3.738413513435659752e+01
3.738387728354413753e+01
3.738361747014111103e+01
3.738335568828468780e+01
3.738309193228273841e+01
3.738282619663660711e+01
3.738255847596166603e+01
3.738228876491854891e+01
3.738201705825841259e+01
3.738174335092756451e+01
3.738146763805229256e+01
3.738118991471330332e+01
3.738091017561497154e+01
3.738062841481787757e+01
3.738034462560190008e+01
3.738005880045400886e+01
3.737977093120309036e+01
3.737948100929025941e+01
3.737918902605083815e+01
3.737889497287937957e+01
3.737859884127789201e+01
3.737830062288841759e+01
3.737800030955099118e+01
3.737769789330116055e+01
3.737739336623506858e+01
3.737708672030144186e+01
3.737677794714529256e+01
3.737646703804501414e+01
3.737615398389633725e+01
3.737583877524105702e+01
3.737552140236397236e+01
3.737520185538684814e+01
3.737488012426310036e+01
3.737455619868671874e+01
3.737423006798952940e+01
3.737390172107640751e+01
3.737357114647353740e+01
3.737323833254418304e+01
3.737290326779412197e+01
3.737256594115365260e+01
3.737222634219924799e+01
3.737188446130411990e+01
3.737154028968448927e+01
3.737119381931442774e+01
3.737084504275104280e+01
3.737049395298499377e+01
3.737014054340306757e+01
3.736978480784619450e+01
3.736942674067915249e+01
3.736906633679014078e+01
3.736870359148323217e+01
3.736833850026950188e+01
3.736797105862208923e+01
3.736760126183846609e+01
3.736722910510045637e+01
3.736685458367443857e+01
3.736647769314478751e+01
3.736609842959660455e+01
3.736571678970103960e+01
3.736533277070810755e+01
3.736494637038492783e+01
3.736455758694132356e+01
3.736416641896028068e+01
3.736377286533816289e+01
3.736337692524050880e+01
3.736297859805102917e+01
3.736257788328941842e+01
3.736217478051359109e+01
3.736176928924432872e+01
3.736136140895907687e+01
3.736095113916859134e+01
3.736053847951590967e+01
3.736012342985787882e+01
3.735970599037877804e+01
3.735928616173123373e+01
3.735886394507389952e+01
3.735843934193474780e+01
3.735801235399353004e+01
3.735758298292953583e+01
3.735715123040660757e+01
3.735671709815083830e+01
3.735628058801840012e+01
3.735584170198944065e+01
3.735540044207814958e+01
3.735495681019219916e+01
3.735451080802239687e+01
3.735406243701997653e+01
3.735361169841777240e+01
3.735315859324161636e+01
3.735270312235294909e+01
3.735224528654494947e+01
3.735178508663192787e+01
3.735132252352307347e+01
3.735085759831572005e+01
3.735039031237790397e+01
3.734992066737342498e+01
3.734944866523139950e+01
3.734897430808466368e+01
3.734849759818574455e+01
3.734801853777904768e+01
3.734753712890965716e+01
3.734705337321080520e+01
3.734656727176624713e+01
3.734607882510618992e+01
3.734558803327718124e+01
3.734509489588673148e+01
3.734459941213327028e+01
3.734410158086441811e+01
3.734360140060793043e+01
3.734309886951989199e+01
3.734259398526663887e+01
3.734208674488724000e+01
3.734157714470755707e+01
3.734106518036153943e+01
3.734055084688254311e+01
3.734003413877432820e+01
3.733951505003519600e+01
3.733899357416953535e+01
3.733846970419349276e+01
3.733794343261337900e+01
3.733741475138458554e+01
3.733688365189198777e+01
3.733635012497800432e+01
3.733581416101650774e+01
3.733527575001495791e+01
3.733473488170581334e+01
3.733419154558927033e+01
3.733364573091852634e+01
3.733309742662169128e+01
3.733254662116241462e+01
3.733199330239947500e+01
3.733143745752235532e+01
3.733087907307649544e+01
3.733031813505567698e+01
3.732975462904612840e+01
3.732918854038517509e+01
3.732861985428683482e+01
3.732804855593131066e+01
3.732747463053114956e+01
3.732689806336430394e+01
3.732631883978473297e+01
3.732573694522915986e+01
3.732515236519947877e+01
3.732456508521689642e+01
3.732397509079945053e+01
3.732338236750872085e+01
3.732278690109978925e+01
3.732218867779977245e+01
3.732158768462242193e+01
3.732098390954439537e+01
3.732037734147793628e+01
3.731976797009744473e+01
3.731915578561348212e+01
3.731854077857011021e+01
3.731792293967733087e+01
3.731730225967273640e+01
3.731667872923678431e+01
3.731605233897425933e+01
3.731542307945421300e+01
3.731479094128690832e+01
3.731415591520373454e+01
3.731351799213218356e+01
3.731287716326212944e+01
3.731223342006337873e+01
3.731158675423991866e+01
3.731093715766271401e+01
3.731028462232592346e+01
3.730962914034888200e+01
3.730897070401024962e+01
3.730830930575679361e+01
3.730764493815377136e+01
3.730697759382561429e+01
3.730630726546370823e+01
3.730563394593170301e+01
3.730495762843312946e+01
3.730427830666830147e+01
3.730359597490842560e+01
3.730291062794307777e+01
3.730222226093712123e+01
3.730153086929926332e+01
3.730083644861009162e+01
3.730013899457836146e+01
3.729943850300306707e+01
3.729873496975702807e+01
3.729802839080259247e+01
3.729731876222974307e+01
3.729660608032147451e+01
3.729589034164357031e+01
3.729517154308562965e+01
3.729444968177940467e+01
3.729372475495376449e+01
3.729299675985891582e+01
3.729226569378894141e+01
3.729153155415306031e+01
3.729079433858199621e+01
3.729005404505572585e+01
3.728931067199231109e+01
3.728856421824711020e+01
3.728781468303990465e+01
3.728706206586740279e+01
3.728630636643527652e+01
3.728554758462520624e+01
3.728478572051360374e+01
3.728402077443611518e+01
3.728325274705505876e+01
3.728248163937325899e+01
3.728170745268361941e+01
3.728093018850996287e+01
3.728014984859066061e+01
3.727936643490323121e+01
3.727857994970358391e+01
3.727779039555932883e+01
3.727699777537539205e+01
3.727620209242739691e+01
3.727540335039405761e+01
3.727460155333793779e+01
3.727379670561224856e+01
3.727298881175784828e+01
3.727217787646942071e+01
3.727136390462793969e+01
3.727054690135352644e+01
3.726972687206908574e+01
3.726890382258629586e+01
3.726807775919557741e+01
3.726724868872283736e+01
3.726641661854250032e+01
3.726558155656024951e+01
3.726474351119585293e+01
3.726390249140101218e+01
3.726305850669766784e+01
3.726221156717738836e+01
3.726136168345688304e+01
3.726050886665986184e+01
3.725965312845436728e+01
3.725879448109699155e+01
3.725793293744685997e+01
3.725706851094848560e+01
3.725620121558827691e+01
3.725533106584230580e+01
3.725445807663678011e+01
3.725358226331818656e+01
3.725270364161280412e+01
3.725182222756177453e+01
3.725093803743096288e+01
3.725005108760905870e+01
3.724916139452032127e+01
3.724826897456747332e+01
3.724737384410489227e+01
3.724647601945068942e+01
3.724557551694945801e+01
3.724467235307598401e+01
3.724376654456521862e+01
3.724285810855979406e+01
3.724194706274391820e+01
3.724103342542759520e+01
3.724011721557435095e+01
3.723919845278413732e+01
3.723827715726845611e+01
3.723735334985569523e+01
3.723642705200035152e+01
3.723549828573285225e+01
3.723456707355190076e+01
3.723363343836844308e+01
3.723269740359674529e+01
3.723175899331654648e+01
3.723081823233496124e+01
3.722987514609535964e+01
3.722892976053274339e+01
3.722798210197001367e+01
3.722703219704732902e+01
3.722608007264276608e+01
3.722512575578221572e+01
3.722416927355905614e+01
3.722321065307718868e+01
3.722224992142037792e+01
3.722128710565179688e+01
3.722032223284669783e+01
3.721935533013287767e+01
3.721838642470581959e+01
3.721741554382533934e+01
3.721644271481805077e+01
3.721546796508473420e+01
3.721449132209794186e+01
3.721351281339089212e+01
3.721253246655408020e+01
3.721155030924754215e+01
3.721056636921893102e+01
3.720958067431577376e+01
3.720859325248795813e+01
3.720760413178441439e+01
3.720661334034782897e+01
3.720562090639867137e+01
3.720462685819578752e+01
3.720363122398052269e+01
3.720263403192757323e+01
3.720163531011344560e+01
3.720063508649071338e+01
3.719963338885647630e+01
3.719863024481884395e+01
3.719762568177804951e+01
3.719661972693870666e+01
3.719561240735036733e+01
3.719460374995581020e+01
3.719359378163161267e+01
3.719258252921989794e+01
3.719157001955718300e+01
3.719055627950129406e+01
3.718954133595143929e+01
3.718852521585564119e+01
3.718750794620257238e+01
3.718648955400171729e+01
3.718547006625671969e+01
3.718444950993576725e+01
3.718342791194884711e+01
3.718240529913861536e+01
3.718138169828003470e+01
3.718035713608102100e+01
3.717933163917914641e+01
3.717830523413154253e+01
3.717727794739898428e+01
3.717624980533383194e+01
3.717522083418945300e+01
3.717419106015879748e+01
3.717316050942667971e+01
3.717212920821327771e+01
3.717109718280007513e+01
3.717006445954026361e+01
3.716903106485445818e+01
3.716799702520507509e+01
3.716696236704144241e+01
3.716592711672247873e+01
3.716489130043748190e+01
3.716385494414050328e+01
3.716281807350037525e+01
3.716178071386332959e+01
3.716074289022051858e+01
3.715970462716777689e+01
3.715866594887602758e+01
3.715762687913287010e+01
3.715658744148055348e+01
3.715554765938612292e+01
3.715450755635604452e+01
3.715346715597189586e+01
3.715242648187447116e+01
3.715138555771572726e+01
3.715034440710195440e+01
3.714930305357298579e+01
3.714826152063307063e+01
3.714721983180603360e+01
3.714617801068952474e+01
3.714513608099852604e+01
3.714409406659813584e+01
3.714305199153344716e+01
3.714200988005944026e+01
3.714096775666498473e+01
3.713992564608906832e+01
3.713888357333414092e+01
3.713784156367260181e+01
3.713679964262794897e+01
3.713575783592089152e+01
3.713471616940084630e+01
3.713367466899787672e+01
3.713263336071261023e+01
3.713159227063638923e+01
3.713055142498991756e+01
3.712951085017646591e+01
3.712847057283128294e+01
3.712743061983096027e+01
3.712639101825223520e+01
3.712535179530637919e+01
3.712431297827652088e+01
3.712327459447347877e+01
3.712223667122086113e+01
3.712119923586246983e+01
3.712016231576687630e+01
3.711912593831637253e+01
3.711809013089494158e+01
3.711705492088987768e+01
3.711602033570022741e+01
3.711498640273838134e+01
3.711395314941905355e+01
3.711292060312967322e+01
3.711188879117847250e+01
3.711085774073665533e+01
3.710982747880492383e+01
3.710879803223262741e+01
3.710776942780608323e+01
3.710674169236412467e+01
3.710571485285817062e+01
3.710468893635185594e+01
3.710366397002556482e+01
3.710263998120920093e+01
3.710161699742764796e+01
3.710059504643446360e+01
3.709957415619206955e+01
3.709855435478468877e+01
3.709753567029916610e+01
3.709651813071257465e+01
3.709550176382074227e+01
3.709448659723401676e+01
3.709347265842265529e+01
3.709245997477197676e+01
3.709144857364437797e+01
3.709043848245879360e+01
3.708942972877217414e+01
3.708842234036679031e+01
3.708741634536769993e+01
3.708641177235051600e+01
3.708540865037022627e+01
3.708440700893454078e+01
3.708340687799665858e+01
3.708240828797242727e+01
3.708141126973995938e+01
3.708041585461877787e+01
3.707942207434896176e+01
3.707842996103912725e+01
3.707743954702574740e+01
3.707645086468965445e+01
3.707546394636985809e+01
3.707447882442941989e+01
3.707349553138654130e+01
3.707251410000763769e+01
3.707153456332545005e+01
3.707055695459772693e+01
3.706958130724443379e+01
3.706860765479962083e+01
3.706763603089249415e+01
3.706666646924304587e+01
3.706569900364801384e+01
3.706473366794634927e+01
3.706377049596324724e+01
3.706280952144444285e+01
3.706185077800607530e+01
3.706089429911087052e+01
3.705994011805793065e+01
3.705898826797353962e+01
3.705803878180579147e+01
3.705709169233779221e+01
3.705614703222420303e+01
3.705520483402486320e+01
3.705426513019845203e+01
3.705332795305234583e+01
3.705239333467491747e+01
3.705146130687270301e+01
3.705053190112899841e+01
3.704960514860532328e+01
3.704868108019057615e+01
3.704775972656971561e+01
3.704684111827973680e+01
3.704592528575592070e+01
3.704501225940049380e+01
3.704410206967364161e+01
3.704319474715536131e+01
3.704229032254976772e+01
3.704138882666217114e+01
3.704049029038491625e+01
3.703959474469681368e+01
3.703870222066259288e+01
3.703781274942459589e+01
3.703692636218951151e+01
3.703604309021418572e+01
3.703516296478266412e+01
3.703428601714521307e+01
3.703341227839988647e+01
3.703254177935946245e+01
3.703167455048754420e+01
3.703081062194276285e+01
3.702995002368534472e+01
3.702909278556224848e+01
3.702823893731917337e+01
3.702738850854152730e+01
3.702654152855544112e+01
3.702569802631997220e+01
3.702485803032713818e+01
3.702402156851554338e+01
3.702318866820058219e+01
3.702235935601436267e+01
3.702153365785248695e+01
3.702071159885095852e+01
3.701989320339919232e+01
3.701907849515295368e+01
3.701826749703271702e+01
3.701746023123176599e+01
3.701665671924668288e+01
3.701585698191754403e+01
3.701506103946526594e+01
3.701426891152200227e+01
3.701348061714901405e+01
3.701269617483688990e+01
3.701191560249507972e+01
3.701113891744341799e+01
3.701036613641622353e+01
3.700959727558495160e+01
3.700883235059058762e+01
3.700807137656623524e+01
3.700731436814320574e+01
3.700656133946294091e+01
3.700581230425119372e+01
3.700506727599850620e+01
3.700432626819217319e+01
3.700358929448790946e+01
3.700285636878697915e+01
3.700212750526266348e+01
3.700140271836725248e+01
3.700068202282346164e+01
3.699996543360700940e+01
3.699925296593218604e+01
3.699854463524030024e+01
3.699784045718227077e+01
3.699714044760222009e+01
3.699644462254244104e+01
3.699575299826982899e+01
3.699506559130522021e+01
3.699438241844783448e+01
3.699370349678513747e+01
3.699302884366951361e+01
3.699235847667065968e+01
3.699169241352984017e+01
3.699103067211519402e+01
3.699037327036916167e+01
3.698972022626178813e+01
3.698907155776060307e+01
3.698842728281602632e+01
3.698778741936921222e+01
3.698715198538420168e+01
3.698652099888207090e+01
3.698589447794970653e+01
3.698527244071836151e+01
3.698465490533055799e+01
3.698404188992255825e+01
3.698343341263211670e+01
3.698282949161309574e+01
3.698223014503543737e+01
3.698163539106173658e+01
3.698104524780629987e+01
3.698045973330102498e+01
3.697987886548653336e+01
3.697930266221995055e+01
3.697873114128356775e+01
3.697816432038771950e+01
3.697760221716286111e+01
3.697704484913614920e+01
3.697649223368844673e+01
3.697594438798995498e+01
3.697540132891826659e+01
3.697486307297056385e+01
3.697432963619043989e+01
3.697380103413075148e+01
3.697327728184664863e+01
3.697275839387692287e+01
3.697224438418444237e+01
3.697173526607803495e+01
3.697123105215681704e+01
3.697073175428854341e+01
3.697023738361043144e+01
3.696974795054551777e+01
3.696926346482385384e+01
3.696878393548720254e+01
3.696830937088295599e+01
3.696783977868047799e+01
3.696737516590593486e+01
3.696691553895178828e+01
3.696646090354732195e+01
3.696601126471943388e+01
3.696556662678260352e+01
3.696512699339125874e+01
3.696469236764271216e+01
3.696426275216553137e+01
3.696383814914653243e+01
3.696341856030900175e+01
3.696300398688808286e+01
3.696259442963918218e+01
3.696218988886980839e+01
3.696179036445482069e+01
3.696139585581658338e+01
3.696100636188958077e+01
3.696062188110445135e+01
3.696024241140904110e+01
3.695986795030799499e+01
3.695949849489061023e+01
3.695913404183628614e+01
3.695877458739658294e+01
3.695842012734614457e+01
3.695807065689065496e+01
3.695772617054181097e+01
3.695738666201163625e+01
3.695705212416530117e+01
3.695672254900605935e+01
3.695639792766605325e+01
3.695607825042433348e+01
3.695576350676680732e+01
3.695545368546269316e+01
3.695514877463516257e+01
3.695484876183292755e+01
3.695455363410280114e+01
3.695426337805447048e+01
3.695397797993104660e+01
3.695369742568848892e+01
3.695342170104176205e+01
3.695315079142927317e+01
3.695288468189932729e+01
3.695262335697708522e+01
3.695236680057342227e+01
3.695211499597364480e+01
3.695186792589535685e+01
3.695162557253756574e+01
3.695138791756937735e+01
3.695115494212352303e+01
3.695092662686789708e+01
3.695070295210426536e+01
3.695048389782319020e+01
3.695026944375891276e+01
3.695005956951730752e+01
3.694985425476129848e+01
3.694965347939433542e+01
3.694945722369995877e+01
3.694926546839866432e+01
3.694907819460532750e+01
3.694889538371162985e+01
3.694871701721199031e+01
3.694854307652170178e+01
3.694837354291193066e+01
3.694820839760058817e+01
3.694804762187338554e+01
3.694789119715423453e+01
3.694773910507853287e+01
3.694759132760251674e+01
3.694744784710481866e+01
3.694730864645193691e+01
3.694717370904621845e+01
3.694704301888936726e+01
3.694691656068788177e+01
3.694679431995941599e+01
3.694667628304076601e+01
3.694656243698484843e+01
3.694645276943807488e+01
3.694634726858702578e+01
3.694624592322287526e+01
3.694614872287500162e+01
3.694605565788324242e+01
3.694596671936103860e+01
3.694588189910886200e+01
3.694580118953059156e+01
3.694572458357132660e+01
3.694565207468532009e+01
3.694558365682639334e+01
3.694551932443536657e+01
3.694545907240999583e+01
3.694540289606411676e+01
3.694535079108394626e+01
3.694530275348527937e+01
3.694525877958145088e+01
3.694521886596779581e+01
3.694518300951199308e+01
3.694515120733464641e+01
3.694512345677525644e+01
3.694509975534742807e+01
3.694508010069121440e+01
3.694506449052833830e+01
3.694505292262032725e+01
3.694504539473152249e+01
3.694504190459988990e+01
3.694504244991364317e+01
3.694504702829176068e+01
3.694505563727230424e+01
3.694506827431922602e+01
3.694508493684865869e+01
3.694510562225227090e+01
3.694513032789625839e+01
3.694515905110769438e+01
3.694519178918130820e+01
3.694522853940864593e+01
3.694526929908193580e+01
3.694531406543166696e+01
3.694536283552815803e+01
3.694541560622108278e+01
3.694547237414427343e+01
3.694553313575654840e+01
3.694559788738155248e+01
3.694566662521935996e+01
3.694573934532787263e+01
3.694581604359154170e+01
3.694589671568810019e+01
3.694598135706026198e+01
3.694606996290286105e+01
3.694616252817345980e+01
3.694625904761853974e+01
3.694635951579670774e+01
3.694646392709802996e+01
3.694657227577017267e+01
3.694668455593286893e+01
3.694680076154850923e+01
3.694692088636645622e+01
3.694704492388484596e+01
3.694717286732220174e+01
3.694730470958114665e+01
3.694744044325020127e+01
3.694758006067073808e+01
3.694772355401084241e+01
3.694787091529527601e+01
3.694802213639940902e+01
3.694817720902951663e+01
3.694833612472058348e+01
3.694849887487990259e+01
3.694866545085792353e+01
3.694883584399966736e+01
3.694901004566001035e+01
3.694918804720050076e+01
3.694936983998132263e+01
3.694955541534248766e+01
3.694974476456849288e+01
3.694993787884417458e+01
3.695013474921645269e+01
3.695033536657356876e+01
3.695053972164087241e+01
3.695074780498634226e+01
3.695095960702906268e+01
3.695117511803500321e+01
3.695139432809619251e+01
3.695161722711580410e+01
3.695184380481559572e+01
3.695207405075895224e+01
3.695230795437390725e+01
3.695254550496447621e+01
3.695278669170831876e+01
3.695303150364470923e+01
3.695327992965369646e+01
3.695353195842552196e+01
3.695378757842613737e+01
3.695404677786758185e+01
3.695430954467642692e+01
3.695457586644367609e+01
3.695484573036788589e+01
3.695511912323426884e+01
3.695539603144253959e+01
3.695567644104737326e+01
3.695596033778625866e+01
3.695624770709753903e+01
3.695653853413460865e+01
3.695683280378977997e+01
3.695713050076206230e+01
3.695743160968915220e+01
3.695773611528237268e+01
3.695804400236323062e+01
3.695835525582980807e+01
3.695866986071378335e+01
3.695898780237179437e+01
3.695930906666716709e+01
3.695963364004826701e+01
3.695996150956946025e+01
3.696029266289742310e+01
3.696062708830087473e+01
3.696096477463643737e+01
3.696130571135297060e+01
3.696164988851348454e+01
3.696199729681406154e+01
3.696234792757454812e+01
3.696270177268932855e+01
3.696305882455371261e+01
3.696341907599713750e+01
3.696378252024852173e+01
3.696414915093278353e+01
3.696451896207027232e+01
3.696489194805673151e+01
3.696526810363152293e+01
3.696564742385758251e+01
3.696602990412472423e+01
3.696641554016660081e+01
3.696680432807271899e+01
3.696719626427717031e+01
3.696759134551126635e+01
3.696798956873667663e+01
3.696839093109317531e+01
3.696879542986686573e+01
3.696920306246129684e+01
3.696961382636276028e+01
3.697002771910552354e+01
3.697044473825368271e+01
3.697086488140927685e+01
3.697128814622917758e+01
3.697171453042734868e+01
3.697214403175957642e+01
3.697257664799164445e+01
3.697301237684703068e+01
3.697345121594192818e+01
3.697389316272614934e+01
3.697433821444734292e+01
3.697478636814544473e+01
3.697523762066076358e+01
3.697569196862936280e+01
3.697614940846290210e+01
3.697660993633328985e+01
3.697707354817687531e+01
3.697754023971123161e+01
3.697801000644808767e+01
3.697848284369258920e+01
3.697895874653578119e+01
3.697943770986452705e+01
3.697991972839785291e+01
3.698040479672024361e+01
3.698089290929063111e+01
3.698138406044460424e+01
3.698187824440917382e+01
3.698237545532446546e+01
3.698287568725363883e+01
3.698337893416848488e+01
3.698388518991843910e+01
3.698439444820057531e+01
3.698490670253350032e+01
3.698542194623316703e+01
3.698594017239747700e+01
3.698646137391131816e+01
3.698698554348375467e+01
3.698751267370563056e+01
3.698804275709164813e+01
3.698857578608733121e+01
3.698911175304481702e+01
3.698965065016939491e+01
3.699019246942911820e+01
3.699073720243215035e+01
3.699128484031780317e+01
3.699183537371283137e+01
3.699238879274713554e+01
3.699294508707824036e+01
3.699350424589627551e+01
3.699406625792603620e+01
3.699463111144361704e+01
3.699519879430966540e+01
3.699576929403083625e+01
3.699634259784848211e+01
3.699691869282549561e+01
3.699749756591453576e+01
3.699807920399904049e+01
3.699866359388742865e+01
3.699925072226838552e+01
3.699984057566123141e+01
3.700043314037896636e+01
3.700102840250008285e+01
3.700162634783256976e+01
3.700222696185452520e+01
3.700283022964313062e+01
3.700343613582300151e+01
3.700404466456139829e+01
3.700465579962765617e+01
3.700526952449646956e+01
3.700588582243850055e+01
3.700650467657203535e+01
3.700712606988832221e+01
3.700774998525254489e+01
3.700837640537363171e+01
3.700900531276239747e+01
3.700963668971103715e+01
3.701027051830192960e+01
3.701090678043001247e+01
3.701154545782128480e+01
3.701218653203569886e+01
3.701282998445058325e+01
3.701347579622458994e+01
3.701412394823824314e+01
3.701477442100426174e+01
3.701542719456429609e+01
3.701608224842166806e+01
3.701673956154912304e+01
3.701739911246085768e+01
3.701806087929138300e+01
3.701872483982467088e+01
3.701939097147075586e+01
3.702005925123154384e+01
3.702072965570566510e+01
3.702140216114873539e+01
3.702207674355418732e+01
3.702275337871844840e+01
3.702343204228274942e+01
3.702411270975934343e+01
3.702479535657816712e+01
3.702547995818223114e+01
3.702616649013371841e+01
3.702685492816841162e+01
3.702754524817321169e+01
3.702823742609836444e+01
3.702893143784535113e+01
3.702962725918493447e+01
3.703032486573367521e+01
3.703102423299183954e+01
3.703172533646014841e+01
3.703242815182768055e+01
3.703313265515683383e+01
3.703383882300592944e+01
3.703454663248071910e+01
3.703525606122940417e+01
3.703596708742882981e+01
3.703667968978342628e+01
3.703739384749388108e+01
3.703810954018199908e+01
3.703882674781456785e+01
3.703954545066329729e+01
3.704026562929979605e+01
3.704098726458472157e+01
3.704171033762185061e+01
3.704243482971601509e+01
3.704316072240708735e+01
3.704388799759933448e+01
3.704461663773078328e+01
3.704534662590551619e+01
3.704607794593835735e+01
3.704681058231863489e+01
3.704754452014086041e+01
3.704827974501397136e+01
3.704901624292867979e+01
3.704975400009755759e+01
3.705049300280192170e+01
3.705123323726112261e+01
3.705197468953497975e+01
3.705271734547389428e+01
3.705346119071866440e+01
3.705420621072565268e+01
3.705495239078413050e+01
3.705569971601511980e+01
3.705644817135851810e+01
3.705719774155441115e+01
3.705794841112437155e+01
3.705870016435765280e+01
3.705945298530316734e+01
3.706020685776832835e+01
3.706096176532371800e+01
3.706171769131166371e+01
3.706247461885964611e+01
3.706323253089572489e+01
3.706399141016483156e+01
3.706475123925591220e+01
3.706551200063380236e+01
3.706627367663514150e+01
3.706703624939510178e+01
3.706779970074101982e+01
3.706856401212884577e+01
3.706932916464388228e+01
3.707009513902982434e+01
3.707086191571968214e+01
3.707162947486385463e+01
3.707239779635030175e+01
3.707316685981218995e+01
3.707393664462272653e+01
3.707470712987842631e+01
3.707547829437353215e+01
3.707625011657447089e+01
3.707702257460404383e+01
3.707779564623534441e+01
3.707856930888179647e+01
3.707934353957256235e+01
3.708011831492016341e+01
3.708089361109396265e+01
3.708166940380919385e+01
3.708244566833941036e+01
3.708322237955520251e+01
3.708399951197073108e+01
3.708477703976198114e+01
3.708555493674998615e+01
3.708633317638497573e+01
3.708711173176078546e+01
3.708789057565648051e+01
3.708866968059066238e+01
3.708944901887481649e+01
3.709022856265301016e+01
3.709100828392015359e+01
3.709178815451495836e+01
3.709256814608167474e+01
3.709334823000071424e+01
3.709412837730753409e+01
3.709490855862620151e+01
3.709568874412623529e+01
3.709646890349806370e+01
3.709724900594201813e+01
3.709802902016812709e+01
3.709880891441046913e+01
3.709958865646004256e+01
3.710036821370157156e+01
3.710114755312395829e+01
3.710192664127816187e+01
3.710270544418536787e+01
3.710348392724034738e+01
3.710426205516250064e+01
3.710503979201119762e+01
3.710581710124788657e+01
3.710659394581767145e+01
3.710737028822507710e+01
3.710814609058638069e+01
3.710892131465083565e+01
3.710969592179070276e+01
3.711046987297369526e+01
3.711124312872577491e+01
3.711201564907437955e+01
3.711278739352194833e+01
3.711355832114694664e+01
3.711432839083257562e+01
3.711509756152467787e+01
3.711586579241171790e+01
3.711663304296742893e+01
3.711739927289993091e+01
3.711816444208526633e+01
3.711892851050873787e+01
3.711969143822668116e+01
3.712045318536627292e+01
3.712121371215259558e+01
3.712197297893956716e+01
3.712273094623409975e+01
3.712348757471439598e+01
3.712424282523654284e+01
3.712499665884019606e+01
3.712574903682042304e+01
3.712649992089505702e+01
3.712724927337887948e+01
3.712799705727786659e+01
3.712874323630464346e+01
3.712948777484706397e+01
3.713023063791158052e+01
3.713097179105189127e+01
3.713171120028404459e+01
3.713244883198981228e+01
3.713318465282007708e+01
3.713391862960503431e+01
3.713465072926732091e+01
3.713538091873419233e+01
3.713610916484967817e+01
3.713683543429551293e+01
3.713755969352961728e+01
3.713828190874011881e+01
3.713900204580824038e+01
3.713972007027206246e+01
3.714043594727477426e+01
3.714114964149145237e+01
3.714186111708119853e+01
3.714257033772010175e+01
3.714327726669172591e+01
3.714398186697462023e+01
3.714468410131235743e+01
3.714538393228156821e+01
3.714608132236976701e+01
3.714677623405802365e+01
3.714746862989098730e+01
3.714815847252938141e+01
3.714884572478398184e+01
3.714953034961067857e+01
3.715021231004410396e+01
3.715089156908552326e+01
3.715156808961412338e+01
3.715224183438788685e+01
3.715291276612533267e+01
3.715358084760870128e+01
3.715424604175792211e+01
3.715490831163733532e+01
3.715556762037971339e+01
3.715622393106728083e+01
3.715687720667814631e+01
3.715752741020020267e+01
3.715817450485804585e+01
3.715881845429896657e+01
3.715945922270597634e+01
3.716009677488830931e+01
3.716073107634474582e+01
3.716136209329865636e+01
3.716198979273594460e+01
3.716261414243042793e+01
3.716323511092429754e+01
3.716385266750377525e+01
3.716446678224199474e+01
3.716507742611787535e+01
3.716568457114563273e+01
3.716628819045570964e+01
3.716688825834444287e+01
3.716748475032770926e+01
3.716807764318281215e+01
3.716866691496706920e+01
3.716925254501783371e+01
3.716983451389997839e+01
3.717041280326859720e+01
3.717098739569467369e+01
3.717155827454539718e+01
3.717212542395010644e+01
3.717268882880038205e+01
3.717324847471994786e+01
3.717380434800728040e+01
3.717435643563378278e+01
3.717490472533251022e+01
3.717544920570643541e+01
3.717598986630454050e+01
3.717652669762097162e+01
3.717705969093344009e+01
3.717758883803455916e+01
3.717811413104588070e+01
3.717863556238301470e+01
3.717915312478304202e+01
3.717966681131635198e+01
3.718017661536347163e+01
3.718068253054605066e+01
3.718118455062377592e+01
3.718168266943419553e+01
3.718217688094838991e+01
3.718266717941731514e+01
3.718315355951715162e+01
3.718363601643815031e+01
3.718411454594719601e+01
3.718458914445911745e+01
3.718505980908857111e+01
3.718552653765901539e+01
3.718598932867960372e+01
3.718644818129963170e+01
3.718690309525618432e+01
3.718735407082080968e+01
3.718780110871506395e+01
3.718824420997342628e+01
3.718868337577017513e+01
3.718911860723071072e+01
3.718954990526425775e+01
3.718997727048336799e+01
3.719040070322173364e+01
3.719082020358804641e+01
3.719123577150337212e+01
3.719164740670630920e+01
3.719205510872897236e+01
3.719245887686322050e+01
3.719285871013374134e+01
3.719325460727889521e+01
3.719364656674425618e+01
3.719403458670050355e+01
3.719441866508275751e+01
3.719479879963280666e+01
3.719517498793362620e+01
3.719554722743697539e+01
3.719591551547745922e+01
3.719627984926901831e+01
3.719664022589559238e+01
3.719699664229592884e+01
3.719734909523477739e+01
3.719769758126923165e+01
3.719804209671406880e+01
3.719838263759248775e+01
3.719871919956546691e+01
3.719905177784745121e+01
3.719938036711521789e+01
3.719970496141873895e+01
3.720002555412708034e+01
3.720034213794250633e+01
3.720065470495063664e+01
3.720096324663553133e+01
3.720126775386559359e+01
3.720156821692909688e+01
3.720186462562334384e+01
3.720215696929803073e+01
3.720244523679536286e+01
3.720272941632880759e+01
3.720300949536382973e+01
3.720328546059890584e+01
3.720355729819012680e+01
3.720382499418909816e+01
3.720408853494678425e+01
3.720434790732154795e+01
3.720460309870696847e+01
3.720485409693404932e+01
3.720510089012568500e+01
3.720534346659201930e+01
3.720558181477843362e+01
3.720581592320480979e+01
3.720604578035796095e+01
3.720627137457635314e+01
3.720649269399809356e+01
3.720670972661612552e+01
3.720692246043859797e+01
3.720713088368142252e+01
3.720733498489455826e+01
3.720753475301815172e+01
3.720773017744364353e+01
3.720792124810598267e+01
3.720810795555828321e+01
3.720829029097939156e+01
3.720846824611704307e+01
3.720864181321454822e+01
3.720881098495691930e+01
3.720897575443456162e+01
3.720913611513037011e+01
3.720929206095646435e+01
3.720944358632797844e+01
3.720959068622320132e+01
3.720973335621452804e+01
3.720987159249745702e+01
3.721000539193710921e+01
3.721013475210502008e+01
3.721025967125363110e+01
3.721038014824594597e+01
3.721049618252219204e+01
3.721060777413279652e+01
3.721071492381024370e+01
3.721081763304880496e+01
3.721091590415890948e+01
3.721100974028257014e+01
3.721109914538642727e+01
3.721118412424989685e+01
3.721126468244847274e+01
3.721134082631756712e+01
3.721141256288708377e+01
3.721147989980439519e+01
3.721154284527770528e+01
3.721160140804769156e+01
3.721165559736306250e+01
3.721170542292786365e+01
3.721175089480981057e+01
3.721179202334186442e+01
3.721182881906368323e+01
3.721186129271085719e+01
3.721188945522165881e+01
3.721191331773115962e+01
3.721193289154586381e+01
3.721194818811149219e+01
3.721195921897499659e+01
3.721196599570855312e+01
3.721196852977899283e+01
3.721196683242411041e+01
3.721196091461171562e+01
3.721195078706887927e+01
3.721193646031408520e+01
3.721191794464555613e+01
3.721189525006140286e+01
3.721186838612424452e+01
3.721183736184435276e+01
3.721180218566897935e+01
3.721176286558955582e+01
3.721171940926839028e+01
3.721167182409423901e+01
3.721162011722817198e+01
3.721156429575656688e+01
3.721150436691620911e+01
3.721144033825316910e+01
3.721137221766965553e+01
3.721130001341239080e+01
3.721122373408056205e+01
3.721114338871940674e+01
3.721105898696063008e+01
3.721097053909068109e+01
3.721087805600318887e+01
3.721078154906953728e+01
3.721068102998508209e+01
3.721057651067094696e+01
3.721046800328876003e+01
3.721035552036163097e+01
3.721023907493113825e+01
3.721011868067342476e+01
3.720999435196074501e+01
3.720986610387433302e+01
3.720973395215293777e+01
3.720959791311707221e+01
3.720945800363898570e+01
3.720931424113221198e+01
3.720916664346699321e+01
3.720901522878546075e+01
3.720886001530896436e+01
3.720870102124870726e+01
3.720853826482643711e+01
3.720837176434484661e+01
3.720820153826083754e+01
3.720802760524331632e+01
3.720784998422114143e+01
3.720766869442140035e+01
3.720748375538624941e+01
3.720729518697418570e+01
3.720710300936127624e+01
3.720690724305121222e+01
3.720670790889410284e+01
3.720650502810335780e+01
3.720629862226379458e+01
3.720608871333875101e+01
3.720587532368699613e+01
3.720565847607957011e+01
3.720543819365438054e+01
3.720521449974214079e+01
3.720498741763978501e+01
3.720475697050947872e+01
3.720452318143841097e+01
3.720428607353459682e+01
3.720404566998083595e+01
3.720380199406918820e+01
3.720355506924415323e+01
3.720330491913524895e+01
3.720305156755348719e+01
3.720279503847518754e+01
3.720253535604532402e+01
3.720227254459445021e+01
3.720200662865374142e+01
3.720173763295345282e+01
3.720146558238825207e+01
3.720119050195432209e+01
3.720091241666408877e+01
3.720063135142583377e+01
3.720034733091360835e+01
3.720006037950338396e+01
3.719977052131926598e+01
3.719947778034890717e+01
3.719918218053452819e+01
3.719888374576949275e+01
3.719858249981302833e+01
3.719827846620790979e+01
3.719797166827800083e+01
3.719766212919984127e+01
3.719734987207228727e+01
3.719703491990433264e+01
3.719671729550356076e+01
3.719639702137435933e+01
3.719607411976711830e+01
3.719574861284142031e+01
3.719542052278828947e+01
3.719508987186578253e+01
3.719475668242188249e+01
3.719442097697879035e+01
3.719408277836985377e+01
3.719374210984232576e+01
3.719339899507545510e+01
3.719305345817613073e+01
3.719270552375441952e+01
3.719235521706439584e+01
3.719200256406505645e+01
3.719164759132639375e+01
3.719129032584194050e+01
3.719093079481793751e+01
3.719056902549661459e+01
3.719020504506710978e+01
3.718983888065729815e+01
3.718947055938206603e+01
3.718910010846955316e+01
3.718872755544190767e+01
3.718835292823085581e+01
3.718797625517923677e+01
3.718759756503376224e+01
3.718721688699144323e+01
3.718683425074201665e+01
3.718644968649584825e+01
3.718606322502053274e+01
3.718567489764057399e+01
3.718528473619993946e+01
3.718489277306855456e+01
3.718449904118671157e+01
3.718410357405987554e+01
3.718370640571249197e+01
3.718330757068668646e+01
3.718290710409255695e+01
3.718250504164579695e+01
3.718210141965570159e+01
3.718169627499553798e+01
3.718128964511880241e+01
3.718088156811730727e+01
3.718047208274324333e+01
3.718006122833870819e+01
3.717964904466880682e+01
3.717923557169238080e+01
3.717882084935909148e+01
3.717840491752335197e+01
3.717798781597225144e+01
3.717756958451290927e+01
3.717715026307246262e+01
3.717672989175036946e+01
3.717630851078689602e+01
3.717588616047221706e+01
3.717546288106134256e+01
3.717503871276115746e+01
3.717461369579144304e+01
3.717418787046741357e+01
3.717376127728409330e+01
3.717333395702611654e+01
3.717290595087456495e+01
3.717247730043490606e+01
3.717204804766850401e+01
3.717161823475298377e+01
3.717118790389494620e+01
3.717075709714747234e+01
3.717032585629490171e+01
3.716989422281744027e+01
3.716946223788502124e+01
3.716902994232680157e+01
3.716859737658801066e+01
3.716816458072380414e+01
3.716773159445641994e+01
3.716729845728303872e+01
3.716686520858453946e+01
3.716643188767100980e+01
3.716599853373371332e+01
3.716556518574640222e+01
3.716513188241242460e+01
3.716469866222287521e+01
3.716426556360922007e+01
3.716383262511443775e+01
3.716339988550473805e+01
3.716296738381019793e+01
3.716253515933809126e+01
3.716210325168231776e+01
3.716167170070264802e+01
3.716124054642018848e+01
3.716080982882227346e+01
3.716037958767221738e+01
3.715994986242036191e+01
3.715952069220375620e+01
3.715909211588386540e+01
3.715866417211248773e+01
3.715823689941425556e+01
3.715781033625354013e+01
3.715738452110232970e+01
3.715695949257433739e+01
3.715653528961174601e+01
3.715611195160760616e+01
3.715568951838801581e+01
3.715526803008610557e+01
3.715484752697323501e+01
3.715442804928431286e+01
3.715400963705576487e+01
3.715359233000345540e+01
3.715317616748338736e+01
3.715276118854790610e+01
3.715234743204177192e+01
3.715193493665349678e+01
3.715152374086822817e+01
3.715111388286419469e+01
3.715070540046071557e+01
3.715029833113637636e+01
3.714989271202383492e+01
3.714948857981890029e+01
3.714908597063890738e+01
3.714868491990747401e+01
3.714828546230249628e+01
3.714788763175773312e+01
3.714749146151900305e+01
3.714709698424022122e+01
3.714670423206197114e+01
3.714631323665204121e+01
3.714592402923332060e+01
3.714553664060194649e+01
3.714515110111719309e+01
3.714476744065432712e+01
3.714438568853801570e+01
3.714400587349128102e+01
3.714362802360495408e+01
3.714325216630122384e+01
3.714287832830208913e+01
3.714250653564649696e+01
3.714213681375133547e+01
3.714176918746848344e+01
3.714140368112048662e+01
3.714104031852934895e+01
3.714067912304636110e+01
3.714032011757698371e+01
3.713996332459605298e+01
3.713960876616194895e+01
3.713925646394055491e+01
3.713890643923208046e+01
3.713855871298624578e+01
3.713821330579601465e+01
3.713787023786888852e+01
3.713752952899337600e+01
3.713719119851710815e+01
3.713685526533080861e+01
3.713652174784546389e+01
3.713619066394800683e+01
3.713586203094536131e+01
3.713553586555032382e+01
3.713521218392788370e+01
3.713489100174832203e+01
3.713457233418771608e+01
3.713425619582421433e+01
3.713394260039012096e+01
3.713363156044414382e+01
3.713332308711566299e+01
3.713301719000297396e+01
3.713271387721756867e+01
3.713241315553656818e+01
3.713211503058246876e+01
3.713181950693656574e+01
3.713152658811995366e+01
3.713123627642742264e+01
3.713094857270970550e+01
3.713066347625021990e+01
3.713038098480935645e+01
3.713010109481876242e+01
3.712982380160973861e+01
3.712954909955002591e+01
3.712927698211730387e+01
3.712900744200775449e+01
3.712874047128550359e+01
3.712847606150970847e+01
3.712821420380701909e+01
3.712795488894508367e+01
3.712769810747904842e+01
3.712744384995360036e+01
3.712719210707481921e+01
3.712694286978948099e+01
3.712669612927373208e+01
3.712645187685269121e+01
3.712621010385170450e+01
3.712597080141465256e+01
3.712573396038642670e+01
3.712549957132107892e+01
3.712526762456305107e+01
3.712503811029431233e+01
3.712481101851329157e+01
3.712458633902158311e+01
3.712436406146521506e+01
3.712414417536811584e+01
3.712392667011785363e+01
3.712371153493482723e+01
3.712349875882679129e+01
3.712328833050833765e+01
3.712308023832041215e+01
3.712287447020431586e+01
3.712267101371373457e+01
3.712246985599261961e+01
3.712227098368204992e+01
3.712207438278898053e+01
3.712188003857944096e+01
3.712168793554765500e+01
3.712149805748940423e+01
3.712131038762897361e+01
3.712112490868662462e+01
3.712094160288281586e+01
3.712076045198232066e+01
3.712058143738511262e+01
3.712040454016559465e+01
3.712022974101054018e+01
3.712005702010345942e+01
3.711988635703524153e+01
3.711971773077033276e+01
3.711955111967135679e+01
3.711938650161238940e+01
3.711922385413212311e+01
3.711906315449942184e+01
3.711890437969308465e+01
3.711874750640406972e+01
3.711859251107858881e+01
3.711843936995732918e+01
3.711828805910392504e+01
3.711813855441397436e+01
3.711799083156852674e+01
3.711784486593492716e+01
3.711770063248233953e+01
3.711755810577903247e+01
3.711741726005493547e+01
3.711727806923986606e+01
3.711714050692965827e+01
3.711700454632985924e+01
3.711687016024526287e+01
3.711673732115023228e+01
3.711660600136911370e+01
3.711647617332290849e+01
3.711634780971260739e+01
3.711622088359050764e+01
3.711609536836721190e+01
3.711597123777677609e+01
3.711584846579896890e+01
3.711572702656691547e+01
3.711560689429911974e+01
3.711548804326360340e+01
3.711537044776739691e+01
3.711525408216544974e+01
3.711513892086182409e+01
3.711502493828064075e+01
3.711491210882533665e+01
3.711480040685354709e+01
3.711468980667724793e+01
3.711458028259704633e+01
3.711447180896563935e+01
3.711436436024742846e+01
3.711425791105182981e+01
3.711415243614313653e+01
3.711404791042804163e+01
3.711394430892366358e+01
3.711384160672166388e+01
3.711373977896015930e+01
3.711363880080439515e+01
3.711353864743423969e+01
3.711343929403069097e+01
3.711334071574978566e+01
3.711324288769250757e+01
3.711314578490494398e+01
3.711304938243593199e+01
3.711295365544433622e+01
3.711285857931027010e+01
3.711276412969854732e+01
3.711267028255689127e+01
3.711257701406638176e+01
3.711248430057637648e+01
3.711239211854714881e+01
3.711230044450133647e+01
3.711220925499097945e+01
3.711211852660542121e+01
3.711202823601825429e+01
3.711193836003807434e+01
3.711184887563495494e+01
3.711175975992107823e+01
3.711167099007491998e+01
3.711158254324297445e+01
3.711149439648731629e+01
3.711140652681690000e+01
3.711131891127632798e+01
3.711123152704245598e+01
3.711114435148976298e+01
3.711105736219050044e+01
3.711097053684761704e+01
3.711088385321112071e+01
3.711079728903535369e+01
3.711071082209761585e+01
3.711062443026456492e+01
3.711053809158391914e+01
3.711045178439853487e+01
3.711036548748099051e+01
3.711027918013111560e+01
3.711019284217809400e+01
3.711010645392896379e+01
3.711001999614536118e+01
3.710993345007580757e+01
3.710984679752208137e+01
3.710976002090657744e+01
3.710967310333672486e+01
3.710958602866843847e+01
3.710949878153547132e+01
3.710941134732033930e+01
3.710932371207555036e+01
3.710923586242436301e+01
3.710914778548595905e+01
3.710905946883949014e+01
3.710897090047554059e+01
3.710888206866476935e+01
3.710879296176125308e+01
3.710870356807406267e+01
3.710861387589758209e+01
3.710852387361491367e+01
3.710843354974671371e+01
3.710834289296888500e+01
3.710825189222471465e+01
3.710816053696370176e+01
3.710806881736571938e+01
3.710797672439667139e+01
3.710788424973464572e+01
3.710779138568916835e+01
3.710769812510783794e+01
3.710760446125667045e+01
3.710751038777348754e+01
3.710741589871383184e+01
3.710732098857450012e+01
3.710722565226350866e+01
3.710712988511870236e+01
3.710703368305602368e+01
3.710693704280632232e+01
3.710683996209477442e+01
3.710674243964782448e+01
3.710664447508328578e+01
3.710654606885691464e+01
3.710644722234535919e+01
3.710634793795734510e+01
3.710624821912409033e+01
3.710614807012805016e+01
3.710604749584391726e+01
3.710594650151768548e+01
3.710584509267231113e+01
3.710574327514099480e+01
3.710564105515304334e+01
3.710553843939054275e+01
3.710543543500701702e+01
3.710533204964902154e+01
3.710522829149430635e+01
3.710512416930163226e+01
3.710501969249666132e+01
3.710491487127929133e+01
3.710480971663645278e+01
3.710470424019908364e+01
3.710459845404264456e+01
3.710449237054207572e+01
3.710438600228920336e+01
3.710427936202372479e+01
3.710417246255937584e+01
3.710406531675094044e+01
3.710395793753338722e+01
3.710385033798633714e+01
3.710374253137709388e+01
3.710363453117931698e+01
3.710352635105272157e+01
3.710341800478872187e+01
3.710330950628621594e+01
3.710320086958394370e+01
3.710309210889664655e+01
3.710298323860065040e+01
3.710287427315513753e+01
3.710276522699905399e+01
3.710265611447628231e+01
3.710254694978416268e+01
3.710243774692204966e+01
3.710232851965641743e+01
3.710221928152785154e+01
3.710211004589795891e+01
3.710200082599923377e+01
3.710189163494594311e+01
3.710178248572454152e+01
3.710167339121332475e+01
3.710156436422549575e+01
3.710145541753751530e+01
3.710134656390492580e+01
3.710123781610631966e+01
3.710112918703898544e+01
3.710102068984667767e+01
3.710091233804251942e+01
3.710080414559391926e+01
3.710069612694420016e+01
3.710058829694549587e+01
3.710048067071090117e+01
3.710037326347827502e+01
3.710026609058601110e+01
3.710015916756089638e+01
3.710005251024978890e+01
3.709994613492984428e+01
3.709984005836324172e+01
3.709973429779930854e+01
3.709962887094251727e+01
3.709952379589422122e+01
3.709941909106026969e+01
3.709931477502843222e+01
3.709921086645071142e+01
3.709910738396068552e+01
3.709900434612008979e+01
3.709890177137615552e+01
3.709879967802765321e+01
3.709869808420653925e+01
3.709859700787032466e+01
3.709849646679735713e+01
3.709839647858797207e+01
3.709829706067439758e+01
3.709819823033449637e+01
3.709810000470171332e+01
3.709800240076423705e+01
3.709790543534955987e+01
3.709780912509542361e+01
3.709771348641390887e+01
3.709761853545752075e+01
3.709752428809396463e+01
3.709743075989660355e+01
3.709733796615333290e+01
3.709724592188624825e+01
3.709715464187026157e+01
3.709706414064495306e+01
3.709697443252151317e+01
3.709688553159264757e+01
3.709679745174537402e+01
3.709671020666309715e+01
3.709662380981406216e+01
3.709653827443592178e+01
3.709645361350663251e+01
3.709636983968808011e+01
3.709628696526875302e+01
3.709620500214536065e+01
3.709612396184342487e+01
3.709604385554857231e+01
3.709596469412809228e+01
3.709588648813496548e+01
3.709580924779433531e+01
3.709573298298025890e+01
3.709565770319539979e+01
3.709558341756231670e+01
3.709551013482558091e+01
3.709543786335673587e+01
3.709536661115248535e+01
3.709529638582213096e+01
3.709522719457207529e+01
3.709515904419623666e+01
3.709509194107124586e+01
3.709502589115269444e+01
3.709496089997032442e+01
3.709489697262621632e+01
3.709483411380850981e+01
3.709477232782561629e+01
3.709471161864818356e+01
3.709465198993939339e+01
3.709459344505992817e+01
3.709453598704760680e+01
3.709447961857949849e+01
3.709442434192720128e+01
3.709437015891891321e+01
3.709431707090349306e+01
3.709426507869601153e+01
3.709421418252131275e+01
3.709416438199853872e+01
3.709411567616551508e+01
3.709406806351100272e+01
3.709402154200206780e+01
3.709397610910554732e+01
3.709393176180178386e+01
3.709388849659247711e+01
3.709384630950563633e+01
3.709380519610147786e+01
3.709376515148321829e+01
3.709372617031659303e+01
3.709368824687379629e+01
3.709365137511338872e+01
3.709361554877388301e+01
3.709358076146634176e+01
3.709354700679618588e+01
3.709351427851228777e+01
3.709348257060640464e+01
3.709345187728982296e+01
3.709342219284437903e+01
3.709339351140916818e+01
3.709336582677508432e+01
3.709333913222606327e+01
3.709331342044755075e+01
3.709328868350612396e+01
3.709326491287969674e+01
3.709324209952576723e+01
3.709322023397786694e+01
3.709319930644593910e+01
3.709317930690406229e+01
3.709316022515375977e+01
3.709314205084355365e+01
3.709312477344850123e+01
3.709310838226831208e+01
3.709309286649650517e+01
3.709307821534221716e+01
3.709306441816854516e+01
3.709305146462310177e+01
3.709303934471982700e+01
3.709302804883810012e+01
3.709301756763697711e+01
3.709300789192860748e+01
3.709299901258471266e+01
3.709299092050353153e+01
3.709298360661074412e+01
3.709297706189069288e+01
3.709297127746040701e+01
3.709296624465633840e+01
3.709296195508402150e+01
3.709295840061712113e+01
3.709295557336724158e+01
3.709295346565079399e+01
3.709295206995881955e+01
3.709295137891512439e+01
3.709295138521389390e+01
3.709295208154765788e+01
3.709295346054295806e+01
3.709295551471166164e+01
3.709295823641589607e+01
3.709296161784271106e+01
3.709296565098070175e+01
3.709297032759078405e+01
3.709297563917499474e+01
3.709298157695410225e+01
3.709298813187344024e+01
3.709299529466913015e+01
3.709300305598886638e+01
3.709301140650391915e+01
3.709302033696855005e+01
3.709302983823557298e+01
3.709303990123785155e+01
3.709305051692104627e+01
3.709306167612479044e+01
3.709307336944919342e+01
3.709308558714866422e+01
3.709309831906660548e+01
3.709311155461398357e+01
3.709312528278490362e+01
3.709313949217897743e+01
3.709315417100225432e+01
3.709316930704094517e+01
3.709318488761851285e+01
3.709320089956348454e+01
3.709321732921337400e+01
3.709323416244772886e+01
3.709325138472222960e+01
3.709326898108616888e+01
3.709328693618831352e+01
3.709330523428364756e+01
3.709332385924019349e+01
3.709334279453604211e+01
3.709336202326127818e+01
3.709338152816178535e+01
3.709340129171228284e+01
3.709342129615135519e+01
3.709344152346000101e+01
3.709346195532651791e+01
3.709348257312407782e+01
3.709350335789901010e+01
3.709352429036393062e+01
3.709354535088603910e+01
3.709356651946174566e+01
3.709358777568256471e+01
3.709360909870583356e+01
3.709363046723910884e+01
3.709365185953721067e+01
3.709367325340510746e+01
3.709369462621251046e+01
3.709371595494737761e+01
3.709373721633477317e+01
3.709375838702089112e+01
3.709377944376981873e+01
3.709380036358817989e+01
3.709382112375823937e+01
3.709384170185049356e+01
3.709386207577724548e+01
3.709388222388025014e+01
3.709390212502027140e+01
3.709392175864330454e+01
3.709394110480295836e+01
3.709396014413799492e+01
3.709397885783142357e+01
3.709399722757828499e+01
3.709401523556129376e+01
3.709403286441574465e+01
3.709405009718270918e+01
3.709406691726519512e+01
3.709408330839205803e+01
3.709409925458878377e+01
3.709411474015501398e+01
3.709412974964603649e+01
3.709414426786204189e+01
3.709415827985397129e+01
3.709417177093904172e+01
3.709418472670560618e+01
3.709419713300048471e+01
3.709420897591527222e+01
3.709422024178734034e+01
3.709423091721048849e+01
3.709424098904079869e+01
3.709425044439078079e+01
3.709425927061374040e+01
3.709426745527943581e+01
3.709427498614189744e+01
3.709428185110145648e+01
3.709428803815309550e+01
3.709429353531822215e+01
3.709429833058721471e+01
3.709430241190285926e+01
3.709430576717688410e+01
3.709430838431138966e+01
3.709431025120761660e+01
3.709431135575131577e+01
3.709431168577281568e+01
3.709431122900222277e+01
3.709430997304894362e+01
3.709430790541435385e+01
3.709430501351909726e+01
3.709430128472254751e+01
3.709429670633060283e+01
3.709429126560252143e+01
3.709428494976554447e+01
3.709427774603145878e+01
3.709426964159563767e+01
3.709426062361268350e+01
3.709425067918088104e+01
3.709423979537140781e+01
3.709422795927804373e+01
3.709421515801133751e+01
3.709420137860998068e+01
3.709418660793660649e+01
3.709417083262032122e+01
3.709415403902949748e+01
3.709413621324640076e+01
3.709411734105463410e+01
3.709409740794882993e+01
3.709407639915421129e+01
3.709405429963926792e+01
3.709403109411578470e+01
3.709400676703499755e+01
3.709398130259250337e+01
3.709395468475457136e+01
3.709392689732248272e+01
3.709389792403388242e+01
3.709386774867973458e+01
3.709383635523388989e+01
3.709380372799049752e+01
3.709376985164976759e+01
3.709373471129174504e+01
3.709369829225455817e+01
3.709366057999523747e+01
3.709362156000787536e+01
3.709358121782179296e+01
3.709353953906197177e+01
3.709349650955432054e+01
3.709345211545822707e+01
3.709340634339518061e+01
3.709335918053849923e+01
3.709331061465233148e+01
3.709326063409662311e+01
3.709320922781743946e+01
3.709315638533241355e+01
3.709310209671431835e+01
3.709304635256773963e+01
3.709298914398432601e+01
3.709293046246693848e+01
3.709287029984107420e+01
3.709280864818288137e+01
3.709274549976665014e+01
3.709268084702107160e+01
3.709261468249718519e+01
3.709254699885291728e+01
3.709247778884731872e+01
3.709240704533871735e+01
3.709233476128386542e+01
3.709226092972733824e+01
3.709218554377436305e+01
3.709210859655586034e+01
3.709203008120031342e+01
3.709194999081832833e+01
3.709186831849006438e+01
3.709178505724394626e+01
3.709170020002753887e+01
3.709161373967849329e+01
3.709152566890321623e+01
3.709143598026728483e+01
3.709134466619265424e+01
3.709125171895389883e+01
3.709115713066959330e+01
3.709106089328198408e+01
3.709096299851334777e+01
3.709086343779984674e+01
3.709076220222547704e+01
3.709065928247446209e+01
3.709055466879640051e+01
3.709044835097907367e+01
3.709034031833990497e+01
3.709023055973291605e+01
3.709011906355279109e+01
3.709000581773310756e+01
3.708989080975236163e+01
3.708977402665652789e+01
3.708965545509724393e+01
3.708953508138263544e+01
3.708941289153986531e+01
3.708928887138251440e+01
3.708916300656336773e+01
3.708903528259801163e+01
3.708890568486891226e+01
3.708877419863340208e+01
3.708864080904726279e+01
3.708850550119220912e+01
3.708836826008584353e+01
3.708822907066821273e+01
3.708808791777769898e+01
3.708794478612878009e+01
3.708779966030743225e+01
3.708765252480640129e+01
3.708750336409069348e+01
3.708735216264259549e+01
3.708719890495512317e+01
3.708704357549618891e+01
3.708688615868352656e+01
3.708672663887712417e+01
3.708656500036490655e+01
3.708640122732784050e+01
3.708623530379057343e+01
3.708606721356709102e+01
3.708589694021522121e+01
3.708572446701059278e+01
3.708554977693132315e+01
3.708537285263682293e+01
3.708519367644959175e+01
3.708501223036619621e+01
3.708482849609553256e+01
3.708464245509809842e+01
3.708445408861839354e+01
3.708426337771837211e+01
3.708407030331665766e+01
3.708387484624047659e+01
3.708367698728344664e+01
3.708347670724191403e+01
3.708327398692013332e+01
3.708306880712182618e+01
3.708286114863974348e+01
3.708265099224142602e+01
3.708243831865291895e+01
3.708222310854549164e+01
3.708200534252330272e+01
3.708178500111204556e+01
3.708156206475536720e+01
3.708133651381720597e+01
3.708110832857819616e+01
3.708087748923995264e+01
3.708064397599066098e+01
3.708040776915351699e+01
3.708016884934978208e+01
3.707992719759847944e+01
3.707968279535086964e+01
3.707943562449766262e+01
3.707918566736547916e+01
3.707893290669971265e+01
3.707867732563764207e+01
3.707841890768838056e+01
3.707815763673715281e+01
3.707789349706907700e+01
3.707762647338810780e+01
3.707735655081838644e+01
3.707708371488714505e+01
3.707680795149296671e+01
3.707652924687603502e+01
3.707624758760685069e+01
3.707596296059350749e+01
3.707567535310452200e+01
3.707538475282478174e+01
3.707509114794761018e+01
3.707479452725797131e+01
3.707449488018360029e+01
3.707419219684903311e+01
3.707388646814037969e+01
3.707357768570967238e+01
3.707326584186724006e+01
3.707295092943506631e+01
3.707263294166452283e+01
3.707231187222221536e+01
3.707198771521287739e+01
3.707166046524028502e+01
3.707133011748570794e+01
3.707099666773953572e+01
3.707066011232002012e+01
3.707032044787017355e+01
3.706997767111673170e+01
3.706963177871094217e+01
3.706928276721738058e+01
3.706893063324211113e+01
3.706857537365045374e+01
3.706821698581887148e+01
3.706785546785368268e+01
3.706749081870952267e+01
3.706712303822106236e+01
3.706675212713669509e+01
3.706637808717658800e+01
3.706600092103715838e+01
3.706562063229522153e+01
3.706523722526244313e+01
3.706485070487879341e+01
3.706446107669756884e+01
3.706406834694150376e+01
3.706367252257157929e+01
3.706327361133730847e+01
3.706287162181727268e+01
3.706246656347822466e+01
3.706205844676433259e+01
3.706164728318646695e+01
3.706123308537446093e+01
3.706081586708943831e+01
3.706039564324589008e+01
3.705997243002141062e+01
3.705954624504538941e+01
3.705911710755938060e+01
3.705868503849087148e+01
3.705825006045488834e+01
3.705781219769040291e+01
3.705737147594215486e+01
3.705692792234052746e+01
3.705648156532143389e+01
3.705603243457242257e+01
3.705558056100220199e+01
3.705512597675109276e+01
3.705466871520926730e+01
3.705420881100479136e+01
3.705374629997703551e+01
3.705328121915503914e+01
3.705281360674064928e+01
3.705234350209759242e+01
3.705187094574244355e+01
3.705139597931028561e+01
3.705091864546292868e+01
3.705043898777274336e+01
3.704995705066884426e+01
3.704947287945248036e+01
3.704898652030066586e+01
3.704849802022898331e+01
3.704800742705236871e+01
3.704751478936253761e+01
3.704702015650436664e+01
3.704652357853476730e+01
3.704602510616210509e+01
3.704552479067002224e+01
3.704502268382956487e+01
3.704451883780742349e+01
3.704401330509170265e+01
3.704350613846252571e+01
3.704299739100837030e+01
3.704248711615907297e+01
3.704197536770701049e+01
3.704146219979721621e+01
3.704094766687749996e+01
3.704043182363984954e+01
3.703991472500468518e+01
3.703939642614792405e+01
3.703887698252322735e+01
3.703835644985114328e+01
3.703783488408384983e+01
3.703731234136605366e+01
3.703678887799875241e+01
3.703626455039916721e+01
3.703573941506259359e+01
3.703521352854370008e+01
3.703468694745446754e+01
3.703415972845231607e+01
3.703363192820587102e+01
3.703310360335780160e+01
3.703257481051198852e+01
3.703204560624702424e+01
3.703151604712482481e+01
3.703098618966224365e+01
3.703045609026757745e+01
3.702992580516932719e+01
3.702939539035759964e+01
3.702886490154111243e+01
3.702833439412462013e+01
3.702780392322048186e+01
3.702727354368549584e+01
3.702674331015098375e+01
3.702621327703138832e+01
3.702568349851633656e+01
3.702515402855198090e+01
3.702462492082333512e+01
3.702409622875410378e+01
3.702356800553284444e+01
3.702304030415568548e+01
3.702251317746415538e+01
3.702198667816839617e+01
3.702146085885970450e+01
3.702093577201620178e+01
3.702041147000463184e+01
3.701988800508018329e+01
3.701936542938444319e+01
3.701884379494516963e+01
3.701832315368594095e+01
3.701780355744930517e+01
3.701728505802783786e+01
3.701676770718928822e+01
3.701625155669200495e+01
3.701573665830519388e+01
3.701522306384094918e+01
3.701471082517936395e+01
3.701419999426933316e+01
3.701369062311280089e+01
3.701318276374804128e+01
3.701267646823484370e+01
3.701217178864654755e+01
3.701166877707666458e+01
3.701116748563480030e+01
3.701066796638900769e+01
3.701017027126913916e+01
3.700967445199164985e+01
3.700918056002626599e+01
3.700868864659290125e+01
3.700819876270035991e+01
3.700771095923091991e+01
3.700722528702583958e+01
3.700674179692504850e+01
3.700626053975627627e+01
3.700578156628704107e+01
3.700530492715139275e+01
3.700483067276493898e+01
3.700435885324765906e+01
3.700388951837397400e+01
3.700342271755013002e+01
3.700295849980224716e+01
3.700249691376828309e+01
3.700203800769973839e+01
3.700158182947406260e+01
3.700112842660316659e+01
3.700067784621852240e+01
3.700023013503391667e+01
3.699978533930715230e+01
3.699934350481352396e+01
3.699890467683962925e+01
3.699846890022207901e+01
3.699803621942124465e+01
3.699760667857453456e+01
3.699718032151069025e+01
3.699675719174949506e+01
3.699633733249562084e+01
3.699592078661688532e+01
3.699550759659619104e+01
3.699509780445911389e+01
3.699469145171320861e+01
3.699428857934763926e+01
3.699388922788836709e+01
3.699349343744945884e+01
3.699310124773951713e+01
3.699271269803894313e+01
3.699232782718982548e+01
3.699194667361213362e+01
3.699156927532379058e+01
3.699119566994907871e+01
3.699082589471920102e+01
3.699045998646995770e+01
3.699009798164233587e+01
3.698973991628889735e+01
3.698938582607241443e+01
3.698903574625276747e+01
3.698868971168948150e+01
3.698834775687048193e+01
3.698800991593311238e+01
3.698767622264323762e+01
3.698734671033633958e+01
3.698702141184694625e+01
3.698670035943897716e+01
3.698638358473808552e+01
3.698607111869416997e+01
3.698576299162375847e+01
3.698545923332346774e+01
3.698515987317473730e+01
3.698486494019689275e+01
3.698457446307489249e+01
3.698428847018607257e+01
3.698400698962888100e+01
3.698373004924958707e+01
3.698345767665443873e+01
3.698318989919741284e+01
3.698292674395823099e+01
3.698266823774768142e+01
3.698241440715766970e+01
3.698216527862786762e+01
3.698192087849484011e+01
3.698168123301772425e+01
3.698144636838448918e+01
3.698121631069570725e+01
3.698099108592698769e+01
3.698077071987472664e+01
3.698055523807565237e+01
3.698034466569318113e+01
3.698013902739889147e+01
3.697993834729008711e+01
3.697974264886087070e+01
3.697955195502294856e+01
3.697936628816044191e+01
3.697918567020715841e+01
3.697901012275793420e+01
3.697883966720624471e+01
3.697867432484775208e+01
3.697851411690881207e+01
3.697835906452725396e+01
3.697820918873799911e+01
3.697806451048795395e+01
3.697792505066348667e+01
3.697779083011014478e+01
3.697766186964456381e+01
3.697753819005953346e+01
3.697741981211544271e+01
3.697730675651417442e+01
3.697719904386617884e+01
3.697709669467599980e+01
3.697699972935417634e+01
3.697690816822516524e+01
3.697682203150705504e+01
3.697674133928540385e+01
3.697666611150070537e+01
3.697659636792219828e+01
3.697653212810418921e+01
3.697647341137930965e+01
3.697642023690051616e+01
3.697637262364896316e+01
3.697633059035615588e+01
3.697629415541735654e+01
3.697626333686336864e+01
3.697623815234015865e+01
3.697621861905727769e+01
3.697620475373918225e+01
3.697619657261260073e+01
3.697619409145917047e+01
3.697619732575473250e+01
3.697620629084954658e+01
3.697622100209297002e+01
3.697624147485781521e+01
3.697626772453251931e+01
3.697629976658346607e+01
3.697633761667473351e+01
3.697638129075769342e+01
3.697643080513034874e+01
3.697648617648890479e+01
3.697654742191209465e+01
3.697661455877148740e+01
3.697668760467294646e+01
3.697676657749450868e+01
3.697685149547492500e+01
3.697694237727975519e+01
3.697703924201489656e+01
3.697714210918940836e+01
3.697725099864719311e+01
3.697736593049764053e+01
3.697748692505023627e+01
3.697761400273544297e+01
3.697774718401297633e+01
3.697788648928098354e+01
3.697803193879113337e+01
3.697818355257236078e+01
3.697834135036836045e+01
3.697850535159443552e+01
3.697867557532559601e+01
3.697885204032159834e+01
3.697903476507543274e+01
3.697922376786560505e+01
3.697941906679872659e+01
3.697962067982676615e+01
3.697982862472336762e+01
3.698004291902994112e+01
3.698026358001249037e+01
3.698049062464859560e+01
3.698072406961931335e+01
3.698096393128152926e+01
3.698121022562860816e+01
3.698146296826084267e+01
3.698172217437430476e+01
3.698198785876731165e+01
3.698226003586630384e+01
3.698253871976245222e+01
3.698282392423849529e+01
3.698311566278391638e+01
3.698341394859543385e+01
3.698371879452106725e+01
3.698403021295347060e+01
3.698434821579438392e+01
3.698467281457982381e+01
3.698500402070070692e+01
3.698534184558449311e+01
3.698568630074434083e+01
3.698603739768996945e+01
3.698639514779655002e+01
3.698675956226035311e+01
3.698713065217319951e+01
3.698750842863194066e+01
3.698789290281485620e+01
3.698828408604533990e+01
3.698868198985852729e+01
3.698908662603477637e+01
3.698949800658053988e+01
3.698991614366344294e+01
3.699034104951519453e+01
3.699077273632283891e+01
3.699121121610045293e+01
3.699165650053458165e+01
3.699210860088125941e+01
3.699256752800528147e+01
3.699303329250319194e+01
3.699350590474445966e+01
3.699398537477627258e+01
3.699447171220782593e+01
3.699496492617844012e+01
3.699546502539865855e+01
3.699597201822841441e+01
3.699648591276973519e+01
3.699700671694194654e+01
3.699753443852373636e+01
3.699806908516109871e+01
3.699861066433436463e+01
3.699915918329798359e+01
3.699971464901143037e+01
3.700027706803707872e+01
3.700084644640978837e+01
3.700142278956879949e+01
3.700200610239679833e+01
3.700259638929791350e+01
3.700319365424743978e+01
3.700379790080263120e+01
3.700440913206671212e+01
3.700502735056029024e+01
3.700565255795840613e+01
3.700628475474860579e+01
3.700692393993778495e+01
3.700757011088358439e+01
3.700822326324182399e+01
3.700888339096935908e+01
3.700955048631529110e+01
3.701022453977025606e+01
3.701090553997088506e+01
3.701159347356627904e+01
3.701228832507375444e+01
3.701299007676089303e+01
3.701369870857040212e+01
3.701441419808399047e+01
3.701513652052511105e+01
3.701586564880854269e+01
3.701660155363663307e+01
3.701734420362873834e+01
3.701809356546615959e+01
3.701884960404198921e+01
3.701961228260798009e+01
3.702038156290783633e+01
3.702115740529092136e+01
3.702193976880850812e+01
3.702272861129242898e+01
3.702352388941521610e+01
3.702432555873662778e+01
3.702513357374134984e+01
3.702594788787671831e+01
3.702676845360699076e+01
3.702759522248415180e+01
3.702842814521289228e+01
3.702926717169312809e+01
3.703011225103819726e+01
3.703096333157159847e+01
3.703182036080912098e+01
3.703268328543608590e+01
3.703355205128848127e+01
3.703442660334284398e+01
3.703530688572173091e+01
3.703619284173714021e+01
3.703708441399535900e+01
3.703798154455626701e+01
3.703888417509660513e+01
3.703979224698940698e+01
3.704070570124610384e+01
3.704162447838262295e+01
3.704254851832543949e+01
3.704347776040233242e+01
3.704441214337990829e+01
3.704535160548458350e+01
3.704629608436408006e+01
3.704724551701877289e+01
3.704819983978656950e+01
3.704915898841156263e+01
3.705012289814192172e+01
3.705109150379850291e+01
3.705206473980354787e+01
3.705304254018602705e+01
3.705402483857424301e+01
3.705501156817192054e+01
3.705600266171672530e+01
3.705699805144560344e+01
3.705799766908936732e+01
3.705900144585650224e+01
3.706000931234785867e+01
3.706102119843427545e+01
3.706203703318196574e+01
3.706305674485678736e+01
3.706408026099377651e+01
3.706510750850852531e+01
3.706613841381251007e+01
3.706717290289522992e+01
3.706821090136549657e+01
3.706925233447318391e+01
3.707029712713487868e+01
3.707134520396637356e+01
3.707239648931022913e+01
3.707345090725267767e+01
3.707450838163948958e+01
3.707556883610554621e+01
3.707663219411892186e+01
3.707769837902797860e+01
3.707876731410253512e+01
3.707983892256633851e+01
3.708091312761482783e+01
3.708198985241157430e+01
3.708306902006999195e+01
3.708415055364099544e+01
3.708523437612784335e+01
3.708632041053900252e+01
3.708740857996441775e+01
3.708849880764002194e+01
3.708959101697334404e+01
3.709068513152523394e+01
3.709178107496042998e+01
3.709287877098935127e+01
3.709397814331965293e+01
3.709507911562722171e+01
3.709618161155250959e+01
3.709728555471442490e+01
3.709839086872612768e+01
3.709949747720989421e+01
3.710060530380997790e+01
3.710171427219480478e+01
3.710282430604743098e+01
3.710393532905408165e+01
3.710504726489756422e+01
3.710616003724772582e+01
3.710727356971295876e+01
3.710838778571186225e+01
3.710950260830102110e+01
3.711061796007781055e+01
3.711173376323514361e+01
3.711284993973215762e+01
3.711396641149899978e+01
3.711508310059773663e+01
3.711619992924595124e+01
3.711731681966403329e+01
3.711843369386301106e+01
3.711955047355710491e+01
3.712066708027592910e+01
3.712178343560047011e+01
3.712289946140387542e+01
3.712401508004842299e+01
3.712513021452408424e+01
3.712624478847985898e+01
3.712735872613052379e+01
3.712847195210095919e+01
3.712958439127440613e+01
3.713069596866505151e+01
3.713180660934620647e+01
3.713291623849040235e+01
3.713402478151284924e+01
3.713513216423526586e+01
3.713623831300984790e+01
3.713734315479056391e+01
3.713844661715874196e+01
3.713954862832522252e+01
3.714064911712765849e+01
3.714174801302393547e+01
3.714284524608950733e+01
3.714394074702051540e+01
3.714503444709703217e+01
3.714612627805763623e+01
3.714721617192529379e+01
3.714830406087803283e+01
3.714938987720052666e+01
3.715047355329598133e+01
3.715155502175171165e+01
3.715263421547866329e+01
3.715371106790941980e+01
3.715478551315045053e+01
3.715585748599990978e+01
3.715692692190307156e+01
3.715799375697894646e+01
3.715905792811599184e+01
3.716011937304548240e+01
3.716117803035347578e+01
3.716223383944604564e+01
3.716328674049598391e+01
3.716433667439930844e+01
3.716538358276383747e+01
3.716642740796310562e+01
3.716746809326232182e+01
3.716850558294339635e+01
3.716953982235007459e+01
3.717057075785412934e+01
3.717159833679147596e+01
3.717262250740792240e+01
3.717364321882249101e+01
3.717466042099566437e+01
3.717567406469755298e+01
3.717668410147128100e+01
3.717769048356807104e+01
3.717869316383460188e+01
3.717969209557316645e+01
3.718068723241828621e+01
3.718167852824658581e+01
3.718266593710698942e+01
3.718364941316171013e+01
3.718462891063897757e+01
3.718560438380027477e+01
3.718657578692228327e+01
3.718754307429050954e+01
3.718850620020258901e+01
3.718946511898142404e+01
3.719041978499122791e+01
3.719137015263795831e+01
3.719231617634249432e+01
3.719325781050314816e+01
3.719419500947369528e+01
3.719512772756095842e+01
3.719605591903503239e+01
3.719697953815703784e+01
3.719789853922348755e+01
3.719881287661058877e+01
3.719972250481082909e+01
3.720062737846273393e+01
3.720152745236890723e+01
3.720242268150143872e+01
3.720331302100245807e+01
3.720419842618470341e+01
3.720507885251743119e+01
3.720595425557052494e+01
3.720682459093031724e+01
3.720768981415046284e+01
3.720854988076717262e+01
3.720940474633779615e+01
3.721025436648818641e+01
3.721109869704775264e+01
3.721193769430625764e+01
3.721277131526186821e+01
3.721359951772019770e+01
3.721442226026280764e+01
3.721523950219621923e+01
3.721605120354674767e+01
3.721685732510015043e+01
3.721765782848216730e+01
3.721845267628390985e+01
3.721924183218823146e+01
3.722002526101714182e+01
3.722080292868778884e+01
3.722157480215762604e+01
3.722234084942513732e+01
3.722310103956373695e+01
3.722385534273320218e+01
3.722460373014536827e+01
3.722534617399676193e+01
3.722608264740504325e+01
3.722681312437863710e+01
3.722753757980197520e+01
3.722825598940315217e+01
3.722896832971967740e+01
3.722967457809056668e+01
3.723037471265909915e+01
3.723106871238731230e+01
3.723175655710458898e+01
3.723243822753580901e+01
3.723311370525740216e+01
3.723378297265927728e+01
3.723444601296909440e+01
3.723510281027947855e+01
3.723575334955476279e+01
3.723639761663094561e+01
3.723703559816792819e+01
3.723766728152967431e+01
3.723829265462927651e+01
3.723891170579161525e+01
3.723952442369493099e+01
3.724013079744776178e+01
3.724073081678769626e+01
3.724132447228791420e+01
3.724191175543024457e+01
3.724249265850980350e+01
3.724306717450254922e+01
3.724363529706631937e+01
3.724419702069679516e+01
3.724475234091944031e+01
3.724530125441239647e+01
3.724584375903381073e+01
3.724637985376745064e+01
3.724690953861953346e+01
3.724743281451565480e+01
3.724794968322103017e+01
3.724846014727736332e+01
3.724896420996302737e+01
3.724946187527965691e+01
3.724995314793086720e+01
3.725043803328549075e+01
3.725091653736213715e+01
3.725138866681287908e+01
3.725185442884362175e+01
3.725231383110034500e+01
3.725276688161189043e+01
3.725321358881942757e+01
3.725365396163324760e+01
3.725408800942231835e+01
3.725451574190544335e+01
3.725493716901521424e+01
3.725535230081357696e+01
3.725576114745997813e+01
3.725616371919029035e+01
3.725656002627912500e+01
3.725695007897688527e+01
3.725733388742731478e+01
3.725771146158799496e+01
3.725808281116253085e+01
3.725844794551716888e+01
3.725880687357500420e+01
3.725915960374819491e+01
3.725950614396956695e+01
3.725984650181576541e+01
3.726018068466353128e+01
3.726050869980998925e+01
3.726083055451398707e+01
3.726114625596929386e+01
3.726145581123787309e+01
3.726175922716362976e+01
3.726205651031353483e+01
3.726234766698196665e+01
3.726263270325265609e+01
3.726291162513356170e+01
3.726318443875130271e+01
3.726345115049680601e+01
3.726371176703560195e+01
3.726396629521003234e+01
3.726421474194430061e+01
3.726445711425677132e+01
3.726469341936575574e+01
3.726492366475829243e+01
3.726514785813718333e+01
3.726536600732030990e+01
3.726557812019447624e+01
3.726578420472384323e+01
3.726598426899831651e+01
3.726617832136960118e+01
3.726636637071581504e+01
3.726654842674027179e+01
3.726672450010657656e+01
3.726689460235749607e+01
3.726705874577048405e+01
3.726721694330779400e+01
3.726736920868045644e+01
3.726751555639581426e+01
3.726765600164133474e+01
3.726779056003890389e+01
3.726791924746638074e+01
3.726804208005637520e+01
3.726815907428471775e+01
3.726827024703744939e+01
3.726837561564770596e+01
3.726847519792374186e+01
3.726856901218482676e+01
3.726865707732540045e+01
3.726873941287432501e+01
3.726881603898404194e+01
3.726888697634665704e+01
3.726895224608474422e+01
3.726901186965281454e+01
3.726906586876030758e+01
3.726911426530327986e+01
3.726915708131074467e+01
3.726919433898260081e+01
3.726922606085419432e+01
3.726925226996765872e+01
3.726927298992842452e+01
3.726928824486130765e+01
3.726929805933743012e+01
3.726930245831379551e+01
3.726930146709723601e+01
3.726929511131420014e+01
3.726928341682796741e+01
3.726926640957110237e+01
3.726924411540716875e+01
3.726921656020476092e+01
3.726918377009668149e+01
3.726914577169326748e+01
3.726910259211852861e+01
3.726905425892056911e+01
3.726900079997423632e+01
3.726894224344322737e+01
3.726887861775483657e+01
3.726880995153184273e+01
3.726873627352151885e+01
3.726865761259087861e+01
3.726857399780177360e+01
3.726848545852011085e+01
3.726839202449199462e+01
3.726829372583019762e+01
3.726819059289158531e+01
3.726808265610191739e+01
3.726796994583230571e+01
3.726785249237211417e+01
3.726773032596224766e+01
3.726760347684793118e+01
3.726747197532760225e+01
3.726733585177262142e+01
3.726719513661378613e+01
3.726704986032991229e+01
3.726690005350158685e+01
3.726674574698284914e+01
3.726658697211281179e+01
3.726642376078213204e+01
3.726625614529786645e+01
3.726608415815676523e+01
3.726590783184677491e+01
3.726572719874898354e+01
3.726554229116024430e+01
3.726535314139382393e+01
3.726515978187417488e+01
3.726496224515086197e+01
3.726476056381800106e+01
3.726455477040062902e+01
3.726434489728580957e+01
3.726413097672885044e+01
3.726391304091301038e+01
3.726369112201512479e+01
3.726346525224389694e+01
3.726323546384906393e+01
3.726300178909736616e+01
3.726276426020957899e+01
3.726252290927127575e+01
3.726227776813581016e+01
3.726202886833208794e+01
3.726177624100267138e+01
3.726151991692557175e+01
3.726125992664125874e+01
3.726099630062939383e+01
3.726072906947094054e+01
3.726045826396935468e+01
3.726018391522405437e+01
3.725990605466884631e+01
3.725962471409862786e+01
3.725933992568446484e+01
3.725905172196037540e+01
3.725876013578189117e+01
3.725846520026513531e+01
3.725816694869959633e+01
3.725786541442588629e+01
3.725756063069881918e+01
3.725725263057879033e+01
3.725694144687868459e+01
3.725662711215851175e+01
3.725630965873367018e+01
3.725598911865694873e+01
3.725566552365278028e+01
3.725533890501641565e+01
3.725500929351021284e+01
3.725467671927646762e+01
3.725434121179215907e+01
3.725400279992108921e+01
3.725366151205759024e+01
3.725331737624686923e+01
3.725297042019529670e+01
3.725262067120176823e+01
3.725226815608129272e+01
3.725191290111097686e+01
3.725155493200039558e+01
3.725119427389214621e+01
3.725083095139161316e+01
3.725046498860845645e+01
3.725009640919125786e+01
3.724972523636122901e+01
3.724935149297608916e+01
3.724897520162415532e+01
3.724859638469506251e+01
3.724821506439107566e+01
3.724783126269260691e+01
3.724744500128185365e+01
3.724705630140702795e+01
3.724666518372610113e+01
3.724627166821979074e+01
3.724587577419992357e+01
3.724547752035194037e+01
3.724507692474525555e+01
3.724467400479882428e+01
3.724426877723013263e+01
3.724386125801878933e+01
3.724345146240816717e+01
3.724303940495373411e+01
3.724262509959676493e+01
3.724220855973026545e+01
3.724178979824925761e+01
3.724136882759237466e+01
3.724094565974642990e+01
3.724052030617003339e+01
3.724009277767063963e+01
3.723966308432819972e+01
3.723923123549779035e+01
3.723879723984145329e+01
3.723836110533274990e+01
3.723792283924578328e+01
3.723748244820065878e+01
3.723703993829469283e+01
3.723659531525800759e+01
3.723614858453505860e+01
3.723569975124733844e+01
3.723524882011223269e+01
3.723479579542718909e+01
3.723434068111617989e+01
3.723388348077327237e+01
3.723342419770718692e+01
3.723296283502380533e+01
3.723249939572141187e+01
3.723203388273812919e+01
3.723156629893710345e+01
3.723109664708185562e+01
3.723062492986041860e+01
3.723015114994839792e+01
3.722967531006720776e+01
3.722919741302566621e+01
3.722871746174221386e+01
3.722823545922810240e+01
3.722775140855600995e+01
3.722726531289293206e+01
3.722677717557984067e+01
3.722628700011975411e+01
3.722579479002658331e+01
3.722530054864176208e+01
3.722480427903663269e+01
3.722430598403952473e+01
3.722380566637385613e+01
3.722330332884499882e+01
3.722279897444428798e+01
3.722229260629330128e+01
3.722178422750438642e+01
3.722127384106261871e+01
3.722076144974863610e+01
3.722024705608492212e+01
3.721973066231321070e+01
3.721921227041572422e+01
3.721869188217737445e+01
3.721816949927519858e+01
3.721764512336197583e+01
3.721711875610404974e+01
3.721659039917533107e+01
3.721606005425131514e+01
3.721552772301279077e+01
3.721499340715936199e+01
3.721445710850183985e+01
3.721391882911502336e+01
3.721337857137750404e+01
3.721283633786244138e+01
3.721229213124586011e+01
3.721174595433279819e+01
3.721119781013223360e+01
3.721064770183742354e+01
3.721009563262418851e+01
3.720954160532931354e+01
3.720898562217187333e+01
3.720842768464400763e+01
3.720786779359651320e+01
3.720730594943943004e+01
3.720674215230751969e+01
3.720617640208356391e+01
3.720560869831643913e+01
3.720503904014793761e+01
3.720446742630884529e+01
3.720389385519477088e+01
3.720331832501611302e+01
3.720274083397622888e+01
3.720216138040283482e+01
3.720157996278403090e+01
3.720099657973995022e+01
3.720041123001293215e+01
3.719982391250742637e+01
3.719923462633179412e+01
3.719864337076320737e+01
3.719805014508586538e+01
3.719745494837275857e+01
3.719685777935996640e+01
3.719625863646020747e+01
3.719565751784953989e+01
3.719505442158809672e+01
3.719444934577395401e+01
3.719384228869601117e+01
3.719323324894699567e+01
3.719262222549158992e+01
3.719200921769368762e+01
3.719139422532320083e+01
3.719077724857648093e+01
3.719015828810361057e+01
3.718953734499374519e+01
3.718891442065626762e+01
3.718828951656460191e+01
3.718766263397566973e+01
3.718703377385196518e+01
3.718640293705635713e+01
3.718577012464533027e+01
3.718513533807450955e+01
3.718449857927953417e+01
3.718385985068190536e+01
3.718321915515588927e+01
3.718257649594379188e+01
3.718193187650695108e+01
3.718128530036698720e+01
3.718063677102399112e+01
3.717998629196534210e+01
3.717933386668815388e+01
3.717867949865934207e+01
3.717802319119005006e+01
3.717736494725448892e+01
3.717670476934193147e+01
3.717604265942362218e+01
3.717537861902982144e+01
3.717471264938620834e+01
3.717404475158638633e+01
3.717337492677699373e+01
3.717270317630001131e+01
3.717202950177171772e+01
3.717135390514513205e+01
3.717067638878117464e+01
3.716999695549649374e+01
3.716931560859860184e+01
3.716863235198434268e+01
3.716794719028806071e+01
3.716726012896155851e+01
3.716657117425276624e+01
3.716588033313374240e+01
3.716518761319360920e+01
3.716449302254518017e+01
3.716379656984842228e+01
3.716309826444208397e+01
3.716239811645969127e+01
3.716169613685891449e+01
3.716099233736321139e+01
3.716028673034119834e+01
3.715957932869374503e+01
3.715887014582099113e+01
3.715815919565171299e+01
3.715744649264341604e+01
3.715673205171724192e+01
3.715601588818307732e+01
3.715529801770073703e+01
3.715457845626647071e+01
3.715385722019654224e+01
3.715313432608743938e+01
3.715240979076634886e+01
3.715168363129326679e+01
3.715095586504393310e+01
3.715022650980935026e+01
3.714949558383687389e+01
3.714876310581182395e+01
3.714802909481971227e+01
3.714729357031814772e+01
3.714655655214770036e+01
3.714581806059831592e+01
3.714507811647965241e+01
3.714433674111733552e+01
3.714359395627132443e+01
3.714284978401531134e+01
3.714210424658588749e+01
3.714135736626001005e+01
3.714060916539417434e+01
3.713985966663496896e+01
3.713910889312874986e+01
3.713835686859096086e+01
3.713760361724204273e+01
3.713684916368586642e+01
3.713609353281545822e+01
3.713533674980540411e+01
3.713457884017633148e+01
3.713381982986040697e+01
3.713305974520930874e+01
3.713229861293307010e+01
3.713153646001167374e+01
3.713077331363189870e+01
3.713000920114959769e+01
3.712924415004994216e+01
3.712847818790186238e+01
3.712771134233001646e+01
3.712694364103447953e+01
3.712617511184066643e+01
3.712540578269176450e+01
3.712463568151645887e+01
3.712386483604213083e+01
3.712309327371327328e+01
3.712232102177645032e+01
3.712154810744419109e+01
3.712077455802378978e+01
3.712000040095649922e+01
3.711922566377783284e+01
3.711845037405642245e+01
3.711767455936599447e+01
3.711689824728951947e+01
3.711612146541651214e+01
3.711534424131112786e+01
3.711456660246076211e+01
3.711378857623636662e+01
3.711301018988486788e+01
3.711223147053916449e+01
3.711145244522617048e+01
3.711067314089333991e+01
3.710989358450923703e+01
3.710911380324300524e+01
3.710833382463705732e+01
3.710755367670080318e+01
3.710677338793524171e+01
3.710599298732444851e+01
3.710521250430658569e+01
3.710443196872251548e+01
3.710365141075565987e+01
3.710287086089815745e+01
3.710209034995887123e+01
3.710130990908702131e+01
3.710052956978510252e+01
3.709974936391104450e+01
3.709896932367068700e+01
3.709818948158879692e+01
3.709740987045281457e+01
3.709663052324000887e+01
3.709585147304079555e+01
3.709507275298398099e+01
3.709429439616877033e+01
3.709351643560562195e+01
3.709273890416484676e+01
3.709196183453885709e+01
3.709118525922778531e+01
3.709040921055240148e+01
3.708963372069039366e+01
3.708885882171845338e+01
3.708808454563205004e+01
3.708731092432125109e+01
3.708653798949697489e+01
3.708576577258597240e+01
3.708499430463661639e+01
3.708422361626356434e+01
3.708345373762171704e+01
3.708268469838694159e+01
3.708191652773489011e+01
3.708114925431684838e+01
3.708038290623074573e+01
3.707961751099702497e+01
3.707885309556080955e+01
3.707808968631842816e+01
3.707732730914684538e+01
3.707656598944285520e+01
3.707580575218853625e+01
3.707504662202942569e+01
3.707428862334580799e+01
3.707353178030944463e+01
3.707277611691883834e+01
3.707202165700917362e+01
3.707126842424377600e+01
3.707051644209968799e+01
3.706976573384837792e+01
3.706901632252477441e+01
3.706826823089143375e+01
3.706752148141239900e+01
3.706677609623881864e+01
3.706603209719450120e+01
3.706528950574591619e+01
3.706454834294879674e+01
3.706380862938987519e+01
3.706307038516075636e+01
3.706233362987274660e+01
3.706159838268328599e+01
3.706086466231271004e+01
3.706013248705318119e+01
3.705940187477274605e+01
3.705867284291452535e+01
3.705794540849788632e+01
3.705721958812927141e+01
3.705649539801894576e+01
3.705577285399576226e+01
3.705505197152192665e+01
3.705433276571263690e+01
3.705361525135668188e+01
3.705289944292731263e+01
3.705218535458041629e+01
3.705147300015273970e+01
3.705076239317271813e+01
3.705005354688010755e+01
3.704934647424072125e+01
3.704864118794754546e+01
3.704793770041208489e+01
3.704723602376255798e+01
3.704653616985763875e+01
3.704583815030120064e+01
3.704514197644046902e+01
3.704444765934667316e+01
3.704375520978982195e+01
3.704306463822909024e+01
3.704237595483818524e+01
3.704168916955618585e+01
3.704100429213921331e+01
3.704032133221024026e+01
3.703964029930688895e+01
3.703896120291366856e+01
3.703828405247182332e+01
3.703760885736771513e+01
3.703693562690368424e+01
3.703626437026793639e+01
3.703559509652583870e+01
3.703492781464045436e+01
3.703426253351059927e+01
3.703359926200889873e+01
3.703293800901107602e+01
3.703227878341644441e+01
3.703162159416068988e+01
3.703096645021878430e+01
3.703031336059044065e+01
3.702966233426023024e+01
3.702901338014307697e+01
3.702836650704728072e+01
3.702772172368135983e+01
3.702707903869696082e+01
3.702643846073174672e+01
3.702579999843183600e+01
3.702516366047323260e+01
3.702452945560181519e+01
3.702389739267620428e+01
3.702326748069016560e+01
3.702263972877361198e+01
3.702201414617604769e+01
3.702139074221690151e+01
3.702076952619393069e+01
3.702015050728975609e+01
3.701953369453479326e+01
3.701891909684525928e+01
3.701830672311373860e+01
3.701769658229878956e+01
3.701708868345999548e+01
3.701648303575988308e+01
3.701587964849895940e+01
3.701527853117219991e+01
3.701467969347484654e+01
3.701408314524975651e+01
3.701348889642893880e+01
3.701289695699843918e+01
3.701230733698951525e+01
3.701172004649708924e+01
3.701113509572158478e+01
3.701055249501854405e+01
3.700997225492487530e+01
3.700939438614708621e+01
3.700881889956512083e+01
3.700824580632383487e+01
3.700767511797614873e+01
3.700710684657059346e+01
3.700654100467461660e+01
3.700597760541446490e+01
3.700541666255101347e+01
3.700485819053329806e+01
3.700430220449741370e+01
3.700374872024109862e+01
3.700319775420607016e+01
3.700264932345163515e+01
3.700210344558638553e+01
3.700156013866578064e+01
3.700101942108586428e+01
3.700048131148768249e+01
3.699994582868892934e+01
3.699941299165753605e+01
3.699888281951056968e+01
3.699835533150918820e+01
3.699783054703902252e+01
3.699730848558179730e+01
3.699678916668591455e+01
3.699627260994099487e+01
3.699575883495432294e+01
3.699524786131560461e+01
3.699473970854128169e+01
3.699423439601299890e+01
3.699373194293841749e+01
3.699323236835593320e+01
3.699273569117538329e+01
3.699224193021874640e+01
3.699175110423752955e+01
3.699126323191056542e+01
3.699077833182920472e+01
3.699029642247472083e+01
3.698981752219758334e+01
3.698934164920560619e+01
3.698886882156173073e+01
3.698839905719062671e+01
3.698793237388138522e+01
3.698746878926192494e+01
3.698700832074518985e+01
3.698655098548506004e+01
3.698609680036927472e+01
3.698564578204062059e+01
3.698519794693655882e+01
3.698475331134938671e+01
3.698431189149705034e+01
3.698387370358229020e+01
3.698343876382743645e+01
3.698300708848968554e+01
3.698257869386764440e+01
3.698215359630489019e+01
3.698173181218481176e+01
3.698131335790594676e+01
3.698089824984175777e+01
3.698048650429933559e+01
3.698007813748598949e+01
3.697967316548649563e+01
3.697927160424914916e+01
3.697887346956981247e+01
3.697847877705844155e+01
3.697808754208031701e+01
3.697769977968746957e+01
3.697731550457447725e+01
3.697693473107033668e+01
3.697655747314193775e+01
3.697618374439081634e+01
3.697581355804491210e+01
3.697544692694751234e+01
3.697508386354222409e+01
3.697472437985503291e+01
3.697436848747832983e+01
3.697401619756267621e+01
3.697366752081736507e+01
3.697332246752170448e+01
3.697298104755086712e+01
3.697264327041053633e+01
3.697230914526763002e+01
3.697197868097128293e+01
3.697165188606408037e+01
3.697132876878938390e+01
3.697100933711814719e+01
3.697069359881471229e+01
3.697038156151714361e+01
3.697007323278545954e+01
3.696976862010020426e+01
3.696946773082490267e+01
3.696917057214906066e+01
3.696887715101753003e+01
3.696858747405015322e+01
3.696830154746523078e+01
3.696801937702446139e+01
3.696774096801194531e+01
3.696746632524340015e+01
3.696719545307635002e+01
3.696692835539883504e+01
3.696666503561915107e+01
3.696640549670714648e+01
3.696614974130570630e+01
3.696589777186361658e+01
3.696564959073045031e+01
3.696540520020666065e+01
3.696516460256245296e+01
3.696492780002552081e+01
3.696469479474634312e+01
3.696446558876055377e+01
3.696424018395912725e+01
3.696401858208093927e+01
3.696380078475108633e+01
3.696358679355333976e+01
3.696337661008600151e+01
3.696317023597391938e+01
3.696296767284934504e+01
3.696276892231912825e+01
3.696257398592705101e+01
3.696238286511807303e+01
3.696219556121430827e+01
3.696201207540654110e+01
3.696183240874967169e+01
3.696165656214835593e+01
3.696148453633198017e+01
3.696131633182569232e+01
3.696115194892635003e+01
3.696099138769398706e+01
3.696083464796571860e+01
3.696068172938520746e+01
3.696053263143213741e+01
3.696038735344194492e+01
3.696024589461089960e+01
3.696010825398271038e+01
3.695997443042438846e+01
3.695984442260796499e+01
3.695971822900871473e+01
3.695959584792975505e+01
3.695947727755480372e+01
3.695936251599906797e+01
3.695925156132303613e+01
3.695914441152193319e+01
3.695904106452981353e+01
3.695894151824601437e+01
3.695884577056358467e+01
3.695875381938500936e+01
3.695866566262235864e+01
3.695858129818184779e+01
3.695850072393378838e+01
3.695842393767372869e+01
3.695835093708656416e+01
3.695828171972035392e+01
3.695821628295718853e+01
3.695815462395584916e+01
3.695809673956326691e+01
3.695804262623082082e+01
3.695799227997550673e+01
3.695794569638582061e+01
3.695790287064036761e+01
3.695786379752936313e+01
3.695782847151022565e+01
3.695779688681380293e+01
3.695776903756523524e+01
3.695774491787554439e+01
3.695772452189528678e+01
3.695770784383794449e+01
3.695769487797995367e+01
3.695768561865003932e+01
3.695768006022336749e+01
3.695767819712546753e+01
3.695768002383029227e+01
3.695768553483488716e+01
3.695769472463017991e+01
3.695770758769998565e+01
3.695772411853364048e+01
3.695774431161627405e+01
3.695776816139369458e+01
3.695779566224121027e+01
3.695782680846451740e+01
3.695786159432211093e+01
3.695790001403105407e+01
3.695794206174550567e+01
3.695798773152353078e+01
3.695803701728514312e+01
3.695808991276453526e+01
3.695814641148172797e+01
3.695820650675221941e+01
3.695827019172783423e+01
3.695833745945603255e+01
3.695840830293727919e+01
3.695848271515222905e+01
3.695856068905772673e+01
3.695864221758763790e+01
3.695872729370047693e+01
3.695881591048350856e+01
3.695890806128801387e+01
3.695900373986746246e+01
3.695910294047773448e+01
3.695920565787498191e+01
3.695931188719470839e+01
3.695942162379574114e+01
3.695953486318118308e+01
3.695965160103523317e+01
3.695977183332726668e+01
3.695989555636909074e+01
3.696002276672223985e+01
3.696015346099615329e+01
3.696028763568040887e+01
3.696042528708023411e+01
3.696056641134553189e+01
3.696071100457780290e+01
3.696085906296533352e+01
3.696101058286966179e+01
3.696116556083703841e+01
3.696132399357870213e+01
3.696148587796871254e+01
3.696165121104465356e+01
3.696181998995963625e+01
3.696199221188272332e+01
3.696216787390609682e+01
3.696234697301463257e+01
3.696252950611965105e+01
3.696271547011129854e+01
3.696290486189525382e+01
3.696309767842945604e+01
3.696329391678127507e+01
3.696349357419055082e+01
3.696369664811895461e+01
3.696390313627695434e+01
3.696411303661666636e+01
3.696432634731010580e+01
3.696454306677421187e+01
3.696476319375913278e+01
3.696498672742093561e+01
3.696521366729987079e+01
3.696544401323232876e+01
3.696567776527938776e+01
3.696591492373911336e+01
3.696615548930498107e+01
3.696639946332847870e+01
3.696664684802138368e+01
3.696689764652162324e+01
3.696715186286559174e+01
3.696740950188743113e+01
3.696767056905206772e+01
3.696793507026389847e+01
3.696820301168907719e+01
3.696847439960412629e+01
3.696874924028154652e+01
3.696902753991732027e+01
3.696930930458663056e+01
3.696959454020545621e+01
3.696988325247751561e+01
3.697017544682466195e+01
3.697047112832019167e+01
3.697077030163872280e+01
3.697107297101970147e+01
3.697137914023962679e+01
3.697168881259213435e+01
3.697200199087481565e+01
3.697231867737706779e+01
3.697263887386012726e+01
3.697296258153223647e+01
3.697328980103544183e+01
3.697362053245194602e+01
3.697395477531624408e+01
3.697429252863506832e+01
3.697463379096477354e+01
3.697497856056182997e+01
3.697532683552839217e+01
3.697567861388677812e+01
3.697603389358962289e+01
3.697639267248524675e+01
3.697675494825377740e+01
3.697712071834231295e+01
3.697748997991858033e+01
3.697786272984208722e+01
3.697823896464895910e+01
3.697861868054647516e+01
3.697900187340567868e+01
3.697938853874517662e+01
3.697977867171009336e+01
3.698017226705005811e+01
3.698056931910397083e+01
3.698096982179256287e+01
3.698137376859733649e+01
3.698178115252679987e+01
3.698219196611587023e+01
3.698260620147684108e+01
3.698302385036595297e+01
3.698344490423536257e+01
3.698386935426463396e+01
3.698429719136983351e+01
3.698472840619211155e+01
3.698516298907176747e+01
3.698560093002026150e+01
3.698604221870785835e+01
3.698648684446781942e+01
3.698693479630252767e+01
3.698738606288768693e+01
3.698784063258328558e+01
3.698829849345531073e+01
3.698875963330717553e+01
3.698922403971797479e+01
3.698969170007781315e+01
3.699016260161047143e+01
3.699063673138628161e+01
3.699111407634478610e+01
3.699159462334175430e+01
3.699207835920099541e+01
3.699256527073800527e+01
3.699305534475431756e+01
3.699354856802895597e+01
3.699404492732352168e+01
3.699454440939796740e+01
3.699504700102541932e+01
3.699555268899530347e+01
3.699606146009406160e+01
3.699657330104879804e+01
3.699708819844569518e+01
3.699760613866681069e+01
3.699812710786108028e+01
3.699865109193179080e+01
3.699917807654453838e+01
3.699970804716634376e+01
3.700024098911257653e+01
3.700077688757438921e+01
3.700131572762565213e+01
3.700185749421044079e+01
3.700240217211202065e+01
3.700294974593246167e+01
3.700350020012010788e+01
3.700405351903686579e+01
3.700460968702164166e+01
3.700516868842164797e+01
3.700573050757982685e+01
3.700629512876385263e+01
3.700686253605029918e+01
3.700743271322052408e+01
3.700800564371106560e+01
3.700858131061568912e+01
3.700915969671952865e+01
3.700974078454500216e+01
3.701032455638884500e+01
3.701091099434461995e+01
3.701150008032419692e+01
3.701209179609968913e+01
3.701268612336684782e+01
3.701328304379185141e+01
3.701388253900554304e+01
3.701448459055860951e+01
3.701508917987395364e+01
3.701569628820575986e+01
3.701630589659865223e+01
3.701691798585165571e+01
3.701753253649390274e+01
3.701814952876414822e+01
3.701876894258842299e+01
3.701939075757320552e+01
3.702001495303660761e+01
3.702064150806488385e+01
3.702127040155527737e+01
3.702190161222967646e+01
3.702253511862972601e+01
3.702317089910317094e+01
3.702380893179118715e+01
3.702444919462448070e+01
3.702509166532910001e+01
3.702573632145271887e+01
3.702638314042109613e+01
3.702703209960332487e+01
3.702768317635756290e+01
3.702833634805828922e+01
3.702899159211866476e+01
3.702964888600899229e+01
3.703030820726154104e+01
3.703096953345878717e+01
3.703163284221585627e+01
3.703229811116487724e+01
3.703296531793540680e+01
3.703363444012519068e+01
3.703430545526597939e+01
3.703497834079229278e+01
3.703565307402185880e+01
3.703632963215846985e+01
3.703700799230749396e+01
3.703768813145727279e+01
3.703837002638845632e+01
3.703905365354632551e+01
3.703973898894909667e+01
3.704042600815377284e+01
3.704111468625018944e+01
3.704180499786091474e+01
3.704249691715577342e+01
3.704319041791116973e+01
3.704388547361419626e+01
3.704458205756773737e+01
3.704528014298291083e+01
3.704597970307145971e+01
3.704668071111483130e+01
3.704738314049718184e+01
3.704808696473448038e+01
3.704879215751429200e+01
3.704949869273467300e+01
3.705020654453907980e+01
3.705091568733572416e+01
3.705162609578187016e+01
3.705233774474085351e+01
3.705305060923417670e+01
3.705376466439562222e+01
3.705447988542826465e+01
3.705519624757312158e+01
3.705591372608469669e+01
3.705663229618699006e+01
3.705735193300419894e+01
3.705807261149723075e+01
3.705879430643144445e+01
3.705951699236769770e+01
3.706024064364763149e+01
3.706096523434769097e+01
3.706169073821178017e+01
3.706241712859947768e+01
3.706314437846443610e+01
3.706387246035133387e+01
3.706460134641808679e+01
3.706533100850094797e+01
3.706606141819816713e+01
3.706679254692335945e+01
3.706752436591704480e+01
3.706825684623770201e+01
3.706898995875091884e+01
3.706972367412431169e+01
3.707045796283032502e+01
3.707119279515672616e+01
3.707192814122498703e+01
3.707266397101348332e+01
3.707340025437581232e+01
3.707413696104354983e+01
3.707487406061147084e+01
3.707561152251205527e+01
3.707634931599092454e+01
3.707708741009405173e+01
3.707782577366659638e+01
3.707856437535464522e+01
3.707930318360410382e+01
3.708004216665464270e+01
3.708078129252786681e+01
3.708152052901151308e+01
3.708225984364273842e+01
3.708299920369038460e+01
3.708373857612561153e+01
3.708447792755738703e+01
3.708521722413104982e+01
3.708595643143262777e+01
3.708669551444094026e+01
3.708743443753133562e+01
3.708817316452613255e+01
3.708891165878895890e+01
3.708964988332879642e+01
3.709038780086505227e+01
3.709112537384688579e+01
3.709186256445791230e+01
3.709259933463059866e+01
3.709333564607535294e+01
3.709407146031636415e+01
3.709480673871871659e+01
3.709554144249991481e+01
3.709627553273553247e+01
3.709700897036587008e+01
3.709774171619288552e+01
3.709847373086635969e+01
3.709920497489444102e+01
3.709993540869902517e+01
3.710066499269837692e+01
3.710139368741799615e+01
3.710212145362298486e+01
3.710284825243081741e+01
3.710357404541057491e+01
3.710429879471040238e+01
3.710502246320831432e+01
3.710574501465816155e+01
3.710646641382195554e+01
3.710718662657981071e+01
3.710790562000961756e+01
3.710862336243470594e+01
3.710933982339439297e+01
3.711005497347927218e+01
3.711076878409530622e+01
3.711148122731565024e+01
3.711219227586976643e+01
3.711290190318518967e+01
3.711361008342343126e+01
3.711431679152371288e+01
3.711502200326123813e+01
3.711572569529773347e+01
3.711642784520178395e+01
3.711712843142240814e+01
3.711782743322660139e+01
3.711852483065246133e+01
3.711922060451003347e+01
3.711991473640166106e+01
3.712060720871603792e+01
3.712129800458230022e+01
3.712198710781733269e+01
3.712267450291688675e+01
3.712336017510714470e+01
3.712404411043127084e+01
3.712472629583799488e+01
3.712540671924578106e+01
3.712608536955738003e+01
3.712676223663925867e+01
3.712743731134394665e+01
3.712811058560637889e+01
3.712878205252174979e+01
3.712945170631716962e+01
3.713011954226787026e+01
3.713078555666491809e+01
3.713144974683273603e+01
3.713211211111830323e+01
3.713277264884531093e+01
3.713343136027807390e+01
3.713408824659808261e+01
3.713474330986304039e+01
3.713539655293084252e+01
3.713604797935823143e+01
3.713669759329941655e+01
3.713734539942228707e+01
3.713799140284309885e+01
3.713863560907187633e+01
3.713927802395784283e+01
3.713991865362414302e+01
3.714055750438497228e+01
3.714119458264430307e+01
3.714182989478182861e+01
3.714246344704584146e+01
3.714309524548209396e+01
3.714372529590941241e+01
3.714435360392266006e+01
3.714498017489365367e+01
3.714560501395265391e+01
3.714622812595916912e+01
3.714684951549608627e+01
3.714746918691449906e+01
3.714808714440676596e+01
3.714870339203670824e+01
3.714931793368798907e+01
3.714993077300083257e+01
3.715054191339832101e+01
3.715115135819844738e+01
3.715175911073198733e+01
3.715236517442924935e+01
3.715296955289896630e+01
3.715357225001796593e+01
3.715417327002179348e+01
3.715477261757390437e+01
3.715537029778811018e+01
3.715596631620132939e+01
3.715656067871325519e+01
3.715715339150553120e+01
3.715774446096387607e+01
3.715833389363334760e+01
3.715892169619984742e+01
3.715950787545222767e+01
3.716009243821022778e+01
3.716067539127195829e+01
3.716125674141299129e+01
3.716183649537861555e+01
3.716241465983229375e+01
3.716299124133718834e+01
3.716356624642545370e+01
3.716413968167231019e+01
3.716471155368736845e+01
3.716528186905135556e+01
3.716585063426462199e+01
3.716641785572380741e+01
3.716698353970053148e+01
3.716754769229275723e+01
3.716811031937423593e+01
3.716867142661505596e+01
3.716923101959572051e+01
3.716978910396212399e+01
3.717034568556005070e+01
3.717090077052105102e+01
3.717145436530928038e+01
3.717200647674694380e+01
3.717255711201146084e+01
3.717310627860832284e+01
3.717365398435853763e+01
3.717420023739876456e+01
3.717474504614731501e+01
3.717528841924585237e+01
3.717583036550691133e+01
3.717637089386628446e+01
3.717691001339191814e+01
3.717744773339415332e+01
3.717798406355436214e+01
3.717851901397972370e+01
3.717905259520135530e+01
3.717958481817348826e+01
3.718011569429798868e+01
3.718064523546830458e+01
3.718117345410957597e+01
3.718170036319143890e+01
3.718222597620575698e+01
3.718275030709568085e+01
3.718327337012624412e+01
3.718379517974425852e+01
3.718431575049660864e+01
3.718483509701391654e+01
3.718535323402721815e+01
3.718587017641685577e+01
3.718638593932658409e+01
3.718690053834885134e+01
3.718741398970027490e+01
3.718792631029881335e+01
3.718843751777071560e+01
3.718894763045852159e+01
3.718945666743388756e+01
3.718996464849678318e+01
3.719047159416692949e+01
3.719097752569076931e+01
3.719148246509328715e+01
3.719198643527075632e+01
3.719248946007079581e+01
3.719299156430519560e+01
3.719349277368779383e+01
3.719399311473237901e+01
3.719449261464571777e+01
3.719499130123035258e+01
3.719548920280492865e+01
3.719598634814202853e+01
3.719648276642260498e+01
3.719697848721180833e+01
3.719747354044946519e+01
3.719796795644246146e+01
3.719846176585231490e+01
3.719895499966711583e+01
3.719944768914717059e+01
3.719993986573851430e+01
3.720043156094455838e+01
3.720092280615580194e+01
3.720141363246789012e+01
3.720190407053085124e+01
3.720239415044797937e+01
3.720288390172052573e+01
3.720337335324497730e+01
3.720386253335810522e+01
3.720435146988683783e+01
3.720484019018839206e+01
3.720532872121871293e+01
3.720581708963201351e+01
3.720630532185990091e+01
3.720679344414373446e+01
3.720728148253189005e+01
3.720776946284399145e+01
3.720825741060384928e+01
3.720874535097542690e+01
3.720923330873770141e+01
3.720972130829365909e+01
3.721020937368901116e+01
3.721069752863188995e+01
3.721118579650278946e+01
3.721167420032070794e+01
3.721216276265665357e+01
3.721265150555204571e+01
3.721314045049649621e+01
3.721362961845629513e+01
3.721411902991845011e+01
3.721460870492109763e+01
3.721509866304883474e+01
3.721558892339494662e+01
3.721607950451679869e+01
3.721657042440489249e+01
3.721706170046164175e+01
3.721755334947330596e+01
3.721804538756445879e+01
3.721853783014946515e+01
3.721903069193658808e+01
3.721952398703631815e+01
3.722001772913595374e+01
3.722051193164980276e+01
3.722100660781291026e+01
3.722150177073191912e+01
3.722199743339110967e+01
3.722249360859417777e+01
3.722299030884165916e+01
3.722348754619966371e+01
3.722398533222893491e+01
3.722448367798703117e+01
3.722498259406355459e+01
3.722548209061545776e+01
3.722598217741883531e+01
3.722648286395191519e+01
3.722698415947029815e+01
3.722748607304899338e+01
3.722798861361769696e+01
3.722849179000774456e+01
3.722899561099224996e+01
3.722950008529113575e+01
3.723000522154408998e+01
3.723051102828927839e+01
3.723101751396452386e+01
3.723152468691821326e+01
3.723203255544357404e+01
3.723254112784898950e+01
3.723305041251175851e+01
3.723356041785099535e+01
3.723407115224112829e+01
3.723458262393803864e+01
3.723509484104223333e+01
3.723560781148048449e+01
3.723612154298655952e+01
3.723663604306727848e+01
3.723715131895593800e+01
3.723766737756184142e+01
3.723818422541296513e+01
3.723870186856265718e+01
3.723922031241345820e+01
3.723973956148154940e+01
3.724025961920989403e+01
3.724078048790702411e+01
3.724130216882417699e+01
3.724182466234537259e+01
3.724234796821846771e+01
3.724287208575404406e+01
3.724339701397067159e+01
3.724392275169150679e+01
3.724444929761072132e+01
3.724497665036279415e+01
3.724550480859084445e+01
3.724603377097602674e+01
3.724656353623279159e+01
3.724709410311197644e+01
3.724762547042043082e+01
3.724815763703185922e+01
3.724869060187531034e+01
3.724922436391386782e+01
3.724975892212824391e+01
3.725029427549549155e+01
3.725083042294237146e+01
3.725136736327148412e+01
3.725190509507079639e+01
3.725244361661932402e+01
3.725298292581319259e+01
3.725352302012682770e+01
3.725406389658581219e+01
3.725460555172515598e+01
3.725514798154166130e+01
3.725569118146094638e+01
3.725623514632491151e+01
3.725677987039964734e+01
3.725732534739699986e+01
3.725787157048736731e+01
3.725841853229008649e+01
3.725896622485795007e+01
3.725951463967735577e+01
3.726006376767714556e+01
3.726061359922098148e+01
3.726116412407236567e+01
3.726171533134413494e+01
3.726226720944789150e+01
3.726281974605031166e+01
3.726337292802938350e+01
3.726392674141516181e+01
3.726448117132552085e+01
3.726503620193708599e+01
3.726559181649702168e+01
3.726614799732899286e+01
3.726670472580696014e+01
3.726726198234748466e+01
3.726781974648390161e+01
3.726837799699789855e+01
3.726893671202580549e+01
3.726949586909474732e+01
3.727005544510715396e+01
3.727061541632333075e+01
3.727117575836449959e+01
3.727173644620117443e+01
3.727229745410264172e+01
3.727285875559321227e+01
3.727342032345817557e+01
3.727398212977797698e+01
3.727454414596534349e+01
3.727510634280920954e+01
3.727566869054688681e+01
3.727623115900350825e+01
3.727679371778591388e+01
3.727735633646201308e+01
3.727791898470700005e+01
3.727848163240183510e+01
3.727904424962260777e+01
3.727960680654713599e+01
3.728016927337518638e+01
3.728073162027791199e+01
3.728129381736191306e+01
3.728185583468395237e+01
3.728241764231824362e+01
3.728297921039942509e+01
3.728354050906325057e+01
3.728410150828106140e+01
3.728466217768361446e+01
3.728522248649391457e+01
3.728578240357899176e+01
3.728634189753375239e+01
3.728690093673562700e+01
3.728745948936416710e+01
3.728801752340599762e+01
3.728857500666662617e+01
3.728913190679102030e+01
3.728968819129095635e+01
3.729024382756559675e+01
3.729079878285776317e+01
3.729135302411569342e+01
3.729190651783345345e+01
3.729245922997598939e+01
3.729301112603090473e+01
3.729356217113420513e+01
3.729411233017952298e+01
3.729466156787961495e+01
3.729520984881710177e+01
3.729575713756051414e+01
3.729630339888556279e+01
3.729684859797783503e+01
3.729739270044073152e+01
3.729793567211830663e+01
3.729847747887230014e+01
3.729901808641280070e+01
3.729955746022529439e+01
3.730009556558542982e+01
3.730063236760295808e+01
3.730116783124528013e+01
3.730170192135216922e+01
3.730223460266611823e+01
3.730276583985294536e+01
3.730329559751165647e+01
3.730382384022039588e+01
3.730435053260673328e+01
3.730487563939161788e+01
3.730539912541392056e+01
3.730592095565977928e+01
3.730644109528325458e+01
3.730695950962300600e+01
3.730747616426189950e+01
3.730799102513920218e+01
3.730850405865788844e+01
3.730901523173937306e+01
3.730952451183243568e+01
3.731003186689491002e+01
3.731053726535488124e+01
3.731104067606120367e+01
3.731154206822913721e+01
3.731204141137623509e+01
3.731253867524559098e+01
3.731303382972323845e+01
3.731352684476333792e+01
3.731401769033382720e+01
3.731450633638252867e+01
3.731499275281009886e+01
3.731547690944101703e+01
3.731595877599261257e+01
3.731643832203537414e+01
3.731691551694054709e+01
3.731739032983458770e+01
3.731786272958379413e+01
3.731833268480236399e+01
3.731880016385454013e+01
3.731926513484513919e+01
3.731972756563830274e+01
3.732018742393275090e+01
3.732064467735553137e+01
3.732109929352368027e+01
3.732155124006295921e+01
3.732200048459547759e+01
3.732244699473410066e+01
3.732289073813534230e+01
3.732333168261359901e+01
3.732376979627976255e+01
3.732420504767691938e+01
3.732463740587706269e+01
3.732506684050184731e+01
3.732549332167806000e+01
3.732591681995323540e+01
3.732633730618776013e+01
3.732675475147052424e+01
3.732716912709773283e+01
3.732758040457913751e+01
3.732798855559448725e+01
3.732839355187893915e+01
3.732879536508896479e+01
3.732919396670038736e+01
3.732958932795617812e+01
3.732998141988430518e+01
3.733037021341402806e+01
3.733075567955742002e+01
3.733113778954906792e+01
3.733151651486687683e+01
3.733189182716134269e+01
3.733226369819846013e+01
3.733263209990202114e+01
3.733299700447867053e+01
3.733335838456053324e+01
3.733371621334004686e+01
3.733407046469798019e+01
3.733442111330321467e+01
3.733476813465795630e+01
3.733511150511181143e+01
3.733545120187196886e+01
3.733578720298707054e+01
3.733611948730673902e+01
3.733644803445866245e+01
3.733677282483930782e+01
3.733709383956762196e+01
3.733741106038613111e+01
3.733772446955816804e+01
3.733803404981281915e+01
3.733833978433862200e+01
3.733864165679864300e+01
3.733893965135825965e+01
3.733923375274700618e+01
3.733952394635165462e+01
3.733981021827712254e+01
3.734009255533528915e+01
3.734037094499099396e+01
3.734064537529923200e+01
3.734091583485503918e+01
3.734118231276484323e+01
3.734144479863140731e+01
3.734170328256512050e+01
3.734195775522253058e+01
3.734220820782643102e+01
3.734245463213424188e+01
3.734269702035293648e+01
3.734293536500710076e+01
3.734316965879343542e+01
3.734339989447614272e+01
3.734362606488269876e+01
3.734384816305151134e+01
3.734406618247416532e+01
3.734428011723531426e+01
3.734448996192565318e+01
3.734469571146138378e+01
3.734489736104783475e+01
3.734509490630092188e+01
3.734528834334616221e+01
3.734547766883203934e+01
3.734566287990336519e+01
3.734584397411430956e+01
3.734602094925570270e+01
3.734619380313654347e+01
3.734636253338111800e+01
3.734652713730987017e+01
3.734668761193236008e+01
3.734684395400636703e+01
3.734699616011854317e+01
3.734714422678835177e+01
3.734728815061887985e+01
3.734742792851475457e+01
3.734756355790305093e+01
3.734769503680905700e+01
3.734782236376548070e+01
3.734794553770507974e+01
3.734806455794489466e+01
3.734817942422695580e+01
3.734829013673368081e+01
3.734839669606138557e+01
3.734849910316268762e+01
3.734859735922258039e+01
3.734869146548293628e+01
3.734878142313134219e+01
3.734886723331453595e+01
3.734894889721820022e+01
3.734902641615154550e+01
3.734909979160755711e+01
3.734916902528144078e+01
3.734923411907142565e+01
3.734929507509622937e+01
3.734935189572025394e+01
3.734940458357201010e+01
3.734945314157130980e+01
3.734949757297983552e+01
3.734953788145755027e+01
3.734957407110550065e+01
3.734960614649984478e+01
3.734963411272882183e+01
3.734965797544528243e+01
3.734967774090659987e+01
3.734969341591423131e+01
3.734970500762666745e+01
3.734971252332756819e+01
3.734971597021630174e+01
3.734971535523845176e+01
3.734971068498547453e+01
3.734970196568494316e+01
3.734968920325806607e+01
3.734967240342193406e+01
3.734965157185224882e+01
3.734962671438108828e+01
3.734959783713621562e+01
3.734956494659373760e+01
3.734952804961517359e+01
3.734948715352346937e+01
3.734944226620826413e+01
3.734939339622142285e+01
3.734934055283650167e+01
3.734928374607711277e+01
3.734922298672670138e+01
3.734915828632672685e+01
3.734908965716896034e+01
3.734901711226632415e+01
3.734894066526243961e+01
3.734886033026906915e+01
3.734877612169965033e+01
3.734868805417298177e+01
3.734859614245880977e+01
3.734850040140977967e+01
3.734840084590411635e+01
3.734829749084769901e+01
3.734819035123171460e+01
3.734807944219513587e+01
3.734796477904925638e+01
3.734784637727494072e+01
3.734772425253449057e+01
3.734759842071662916e+01
3.734746889800001668e+01
3.734733570090021004e+01
3.734719884627082820e+01
3.734705835127746099e+01
3.734691423337937266e+01
3.734676651032875583e+01
3.734661520019627545e+01
3.734646032141124294e+01
3.734630189277255852e+01
3.734613993342362193e+01
3.734597446281654953e+01
3.734580550065691540e+01
3.734563306681728534e+01
3.734545718124688563e+01
3.734527786391347348e+01
3.734509513479672904e+01
3.734490901391585993e+01
3.734471952135908168e+01
3.734452667732190889e+01
3.734433050216198779e+01
3.734413101644227595e+01
3.734392824093036012e+01
3.734372219653544533e+01
3.734351290420837444e+01
3.734330038486883296e+01
3.734308465937748167e+01
3.734286574850703744e+01
3.734264367288708542e+01
3.734241845295377260e+01
3.734219010892967816e+01
3.734195866081349635e+01
3.734172412835599175e+01
3.734148653102044335e+01
3.734124588793430632e+01
3.734100221784476048e+01
3.734075553908695611e+01
3.734050586957075524e+01
3.734025322679473646e+01
3.733999762788068466e+01
3.733973908960517463e+01
3.733947762841260243e+01
3.733921326040685074e+01
3.733894600131659303e+01
3.733867586642757175e+01
3.733840287048943907e+01
3.733812702762173075e+01
3.733784835124415480e+01
3.733756685404096487e+01
3.733728254794872470e+01
3.733699544414702842e+01
3.733670555302482796e+01
3.733641288410589709e+01
3.733611744596354498e+01
3.733581924617237746e+01
3.733551829131654642e+01
3.733521458706717056e+01
3.733490813831040356e+01
3.733459894924435218e+01
3.733428702340682293e+01
3.733397236368067951e+01
3.733365497229628005e+01
3.733333485081247716e+01
3.733301200008593668e+01
3.733268642024827244e+01
3.733235811068608712e+01
3.733202707001712639e+01
3.733169329607910925e+01
3.733135678594775442e+01
3.733101753598409545e+01
3.733067554193335269e+01
3.733033079913003860e+01
3.732998330281119337e+01
3.732963304841106833e+01
3.732928003169710962e+01
3.732892424877336879e+01
3.732856569606357766e+01
3.732820437030583349e+01
3.732784026855022574e+01
3.732747338817110005e+01
3.732710372690757339e+01
3.732673128293032505e+01
3.732635605489966224e+01
3.732597804198071145e+01
3.732559724382936395e+01
3.732521366057049050e+01
3.732482729275078981e+01
3.732443814123808323e+01
3.732404620708459220e+01
3.732365149140571958e+01
3.732325399529111110e+01
3.732285371974678867e+01
3.732245066571525882e+01
3.732204483420082397e+01
3.732163622642605816e+01
3.732122484392206729e+01
3.732081068852618699e+01
3.732039376231544736e+01
3.731997406749515278e+01
3.731955160624273304e+01
3.731912638053206877e+01
3.731869839200556527e+01
3.731826764196022594e+01
3.731783413144766115e+01
3.731739786141988446e+01
3.731695883285568272e+01
3.731651704684601611e+01
3.731607250463952852e+01
3.731562520765393742e+01
3.731517515748355862e+01
3.731472235594187481e+01
3.731426680512362992e+01
3.731380850742498012e+01
3.731334746548481718e+01
3.731288368205591155e+01
3.731241715985854768e+01
3.731194790150330931e+01
3.731147590952785720e+01
3.731100118648630115e+01
3.731052373499569796e+01
3.731004355772417824e+01
3.730956065737507998e+01
3.730907503669745751e+01
3.730858669849463638e+01
3.730809564559768177e+01
3.730760188081065110e+01
3.730710540686068555e+01
3.730660622637444135e+01
3.730610434188372437e+01
3.730559975587790689e+01
3.730509247090991209e+01
3.730458248968172796e+01
3.730406981501988639e+01
3.730355444976522961e+01
3.730303639668112226e+01
3.730251565845136952e+01
3.730199223775505146e+01
3.730146613734038397e+01
3.730093736005670024e+01
3.730040590889426255e+01
3.729987178707857254e+01
3.729933499817737896e+01
3.729879554614438320e+01
3.729825343529378046e+01
3.729770867027185233e+01
3.729716125606756805e+01
3.729661119802121760e+01
3.729605850177561877e+01
3.729550317318049224e+01
3.729494521819204778e+01
3.729438464278420895e+01
3.729382145288715833e+01
3.729325565438139023e+01
3.729268725312488186e+01
3.729211625494423998e+01
3.729154266559563524e+01
3.729096649078129388e+01
3.729038773622928460e+01
3.728980640775581179e+01
3.728922251129236543e+01
3.728863605292175265e+01
3.728804703891500338e+01
3.728745547573717545e+01
3.728686137004632428e+01
3.728626472872268494e+01
3.728566555891340073e+01
3.728506386805977968e+01
3.728445966388751742e+01
3.728385295435599289e+01
3.728324374760660476e+01
3.728263205196859076e+01
3.728201787601649642e+01
3.728140122861396577e+01
3.728078211891664040e+01
3.728016055639361070e+01
3.727953655093744345e+01
3.727891011303758972e+01
3.727828125390603731e+01
3.727764998548217079e+01
3.727701632035876855e+01
3.727638027170601731e+01
3.727574185321112310e+01
3.727510107902672587e+01
3.727445796376408538e+01
3.727381252257590916e+01
3.727316477127229177e+01
3.727251472633343354e+01
3.727186240477813328e+01
3.727120782398656473e+01
3.727055100158147383e+01
3.726989195538147470e+01
3.726923070338257560e+01
3.726856726374754203e+01
3.726790165481273931e+01
3.726723389511062834e+01
3.726656400339026476e+01
3.726589199862809920e+01
3.726521790004554902e+01
3.726454172715975943e+01
3.726386349987814128e+01
3.726318323861536186e+01
3.726250096438498360e+01
3.726181669883461467e+01
3.726113046424016773e+01
3.726044228350401255e+01
3.725975218019692647e+01
3.725906017864391373e+01
3.725836630400520022e+01
3.725767058229382656e+01
3.725697304031150026e+01
3.725627370555613282e+01
3.725557260618690236e+01
3.725486977106236708e+01
3.725416522979901401e+01
3.725345901280450533e+01
3.725275115126222403e+01
3.725204167709924974e+01
3.725133062301083697e+01
3.725061802253457444e+01
3.724990391009728796e+01
3.724918832101225519e+01
3.724847129146472469e+01
3.724775285851303863e+01
3.724703306008485271e+01
3.724631193491887871e+01
3.724558952244714760e+01
3.724486586267435229e+01
3.724414099609231954e+01
3.724341496362068682e+01
3.724268780656132805e+01
3.724195956656437545e+01
3.724123028560211424e+01
3.724050000593990006e+01
3.723976877010028375e+01
3.723903662083004917e+01
3.723830360107020709e+01
3.723756975391228963e+01
3.723683512253425221e+01
3.723609975012465156e+01
3.723536367980197070e+01
3.723462695453103066e+01
3.723388961703938094e+01
3.723315170973562260e+01
3.723241327462878303e+01
3.723167435325149199e+01
3.723093498659687128e+01
3.723019521507487184e+01
3.722945507848516655e+01
3.722871461601344123e+01
3.722797386627150473e+01
3.722723286737346626e+01
3.722649165700601515e+01
3.722575027246859491e+01
3.722500875068912052e+01
3.722426712822711181e+01
3.722352544126897556e+01
3.722278372561556381e+01
3.722204201666770018e+01
3.722130034941763910e+01
3.722055875844434780e+01
3.721981727790588224e+01
3.721907594151915788e+01
3.721833478251723903e+01
3.721759383359593443e+01
3.721685312687797165e+01
3.721611269390827204e+01
3.721537256568339558e+01
3.721463277271693215e+01
3.721389334511570723e+01
3.721315431261792384e+01
3.721241570456997749e+01
3.721167754985454224e+01
3.721093987678944615e+01
3.721020271301678406e+01
3.720946608540570821e+01
3.720873001996491780e+01
3.720799454172985321e+01
3.720725967463522466e+01
3.720652544144313367e+01
3.720579186375881164e+01
3.720505896209803609e+01
3.720432675596129002e+01
3.720359526389434990e+01
3.720286450353909657e+01
3.720213449169212794e+01
3.720140524437992724e+01
3.720067677694086683e+01
3.719994910409353395e+01
3.719922223996807276e+01
3.719849619809174612e+01
3.719777099135207266e+01
3.719704663196774419e+01
3.719632313147029379e+01
3.719560050068963619e+01
3.719487874974835506e+01
3.719415788807162215e+01
3.719343792441364371e+01
3.719271886689288209e+01
3.719200072302237459e+01
3.719128349972744729e+01
3.719056720335266419e+01
3.718985183966293562e+01
3.718913741384367455e+01
3.718842393051163953e+01
3.718771139374626244e+01
3.718699980712874265e+01
3.718628917376749143e+01
3.718557949630610437e+01
3.718487077692246601e+01
3.718416301732990092e+01
3.718345621878702900e+01
3.718275038210079941e+01
3.718204550759255511e+01
3.718134159503385661e+01
3.718063864360177462e+01
3.717993665188101460e+01
3.717923561788540354e+01
3.717853553906389408e+01
3.717783641230654013e+01
3.717713823398937478e+01
3.717644100004277163e+01
3.717574470599240755e+01
3.717504934696428620e+01
3.717435491769069245e+01
3.717366141255511280e+01
3.717296882567024596e+01
3.717227715094144713e+01
3.717158638208339738e+01
3.717089651259291827e+01
3.717020753569453717e+01
3.716951944427336940e+01
3.716883223079632614e+01
3.716814588722061785e+01
3.716746040490036052e+01
3.716677577450678882e+01
3.716609198598452224e+01
3.716540902856822015e+01
3.716472689085863124e+01
3.716404556092401634e+01
3.716336502637327754e+01
3.716268527436286462e+01
3.716200629158518609e+01
3.716132806434175251e+01
3.716065057869618471e+01
3.715997382057560117e+01
3.715929777575122728e+01
3.715862242979073926e+01
3.715794776810218281e+01
3.715727377604899573e+01
3.715660043903578469e+01
3.715592774253961039e+01
3.715525567211394531e+01
3.715458421337218198e+01
3.715391335196529354e+01
3.715324307358777389e+01
3.715257336401079868e+01
3.715190420911350344e+01
3.715123559492394634e+01
3.715056750769709026e+01
3.714989993400743629e+01
3.714923286082310483e+01
3.714856627556240198e+01
3.714790016613969215e+01
3.714723452100926693e+01
3.714656932923263355e+01
3.714590458057211464e+01
3.714524026557074166e+01
3.714457637559033287e+01
3.714391290282325286e+01
3.714324984030123034e+01
3.714258718191002373e+01
3.714192492241676291e+01
3.714126305751187829e+01
3.714060158384523902e+01
3.713994049903688932e+01
3.713927980168880083e+01
3.713861949143267083e+01
3.713795956898061945e+01
3.713730003611063069e+01
3.713664089558871240e+01
3.713598215111339584e+01
3.713532380734791616e+01
3.713466586999629726e+01
3.713400834583453047e+01
3.713335124269310938e+01
3.713269456945124602e+01
3.713203833605345494e+01
3.713138255350572337e+01
3.713072723383562135e+01
3.713007239004070925e+01
3.712941803603600732e+01
3.712876418658973421e+01
3.712811085724639781e+01
3.712745806424696582e+01
3.712680582445001676e+01
3.712615415525480955e+01
3.712550307453511778e+01
3.712485260058954850e+01
3.712420275210363485e+01
3.712355354812063979e+01
3.712290500801916693e+01
3.712225715148693439e+01
3.712160999848181575e+01
3.712096356918418394e+01
3.712031788394234155e+01
3.711967296320440113e+01
3.711902882743843435e+01
3.711838549705166201e+01
3.711774299231060326e+01
3.711710133325829020e+01
3.711646053963637826e+01
3.711582063082965277e+01
3.711518162584363267e+01
3.711454354331338124e+01
3.711390640152787057e+01
3.711327021845142582e+01
3.711263501174519064e+01
3.711200079880804736e+01
3.711136759683507336e+01
3.711073542286627713e+01
3.711010429382750431e+01
3.710947422660058947e+01
3.710884523811494518e+01
3.710821734540891725e+01
3.710759056565220959e+01
3.710696491615757964e+01
3.710634041439251263e+01
3.710571707798705177e+01
3.710509492472206716e+01
3.710447397246498014e+01
3.710385423904800462e+01
3.710323574213953179e+01
3.710261849915355725e+01
3.710200252721655545e+01
3.710138784322199967e+01
3.710077446395210643e+01
3.710016240617231631e+01
3.709955168665563718e+01
3.709894232217774146e+01
3.709833432951499077e+01
3.709772772544832264e+01
3.709712252677978483e+01
3.709651875036949775e+01
3.709591641318340294e+01
3.709531553232628909e+01
3.709471612503984517e+01
3.709411820867048704e+01
3.709352180063713433e+01
3.709292691843022283e+01
3.709233357964478017e+01
3.709174180201737414e+01
3.709115160343679207e+01
3.709056300192840894e+01
3.708997601562976598e+01
3.708939066276715124e+01
3.708880696164968072e+01
3.708822493071990323e+01
3.708764458865893943e+01
3.708706595447600307e+01
3.708648904754150522e+01
3.708591388759177931e+01
3.708534049473688299e+01
3.708476888947311068e+01
3.708419909269172621e+01
3.708363112568178366e+01
3.708306501013394296e+01
3.708250076815498630e+01
3.708193842229305659e+01
3.708137799555509417e+01
3.708081951139896404e+01
3.708026299370604306e+01
3.707970846675485177e+01
3.707915595521021856e+01
3.707860548412511292e+01
3.707805707893373182e+01
3.707751076541822499e+01
3.707696656966576398e+01
3.707642451805377704e+01
3.707588463727321226e+01
3.707534695435956706e+01
3.707481149669960274e+01
3.707427829199219360e+01
3.707374736814694671e+01
3.707321875313886039e+01
3.707269247487475639e+01
3.707216856110837000e+01
3.707164703940123474e+01
3.707112793710987830e+01
3.707061128137979722e+01
3.707009709914041196e+01
3.706958541711369293e+01
3.706907626183928528e+01
3.706856965969676310e+01
3.706806563693464796e+01
3.706756421975305216e+01
3.706706543442717816e+01
3.706656930739674038e+01
3.706607586530865461e+01
3.706558513506063690e+01
3.706509714384876020e+01
3.706461191918573661e+01
3.706412948888610259e+01
3.706364988103675273e+01
3.706317312395973573e+01
3.706269924616137956e+01
3.706222827626869787e+01
3.706176024296977545e+01
3.706129517497355863e+01
3.706083310098431127e+01
3.706037404967504756e+01
3.705991804966000558e+01
3.705946512947686244e+01
3.705901531757478296e+01
3.705856864230049297e+01
3.705812513189803070e+01
3.705768481454839502e+01
3.705724771843746623e+01
3.705681387179269848e+01
3.705638330284585891e+01
3.705595603973916496e+01
3.705553211042273176e+01
3.705511154257732187e+01
3.705469436356625579e+01
3.705428060040104299e+01
3.705387027970792246e+01
3.705346342769732360e+01
3.705306007014601022e+01
3.705266023239772721e+01
3.705226393937939378e+01
3.705187121561926489e+01
3.705148208525827158e+01
3.705109657206914164e+01
3.705071469949886875e+01
3.705033649072390034e+01
3.704996196869161906e+01
3.704959115613264231e+01
3.704922407555358177e+01
3.704886074923276595e+01
3.704850119923447238e+01
3.704814544744452576e+01
3.704779351561376188e+01
3.704744542538677621e+01
3.704710119830445336e+01
3.704676085578795153e+01
3.704642441912363893e+01
3.704609190946072772e+01
3.704576334781955183e+01
3.704543875510672990e+01
3.704511815213123782e+01
3.704480155961371679e+01
3.704448899818986973e+01
3.704418048841581168e+01
3.704387605077832291e+01
3.704357570570508784e+01
3.704327947357095496e+01
3.704298737470334402e+01
3.704269942938848459e+01
3.704241565787484092e+01
3.704213608037062500e+01
3.704186071703644956e+01
3.704158958797407308e+01
3.704132271321512349e+01
3.704106011271764487e+01
3.704080180636943709e+01
3.704054781398650675e+01
3.704029815529982983e+01
3.704005284993822755e+01
3.703981191741898726e+01
3.703957537713561265e+01
3.703934324831825364e+01
3.703911554997658584e+01
3.703889230086122097e+01
3.703867351944847996e+01
3.703845922392708445e+01
3.703824943219365906e+01
3.703804416188711457e+01
3.703784343045721528e+01
3.703764725522329826e+01
3.703745565339020374e+01
3.703726864201545510e+01
3.703708623794817356e+01
3.703690845778749008e+01
3.703673531788965079e+01
3.703656683439752584e+01
3.703640302325254652e+01
3.703624390018329393e+01
3.703608948069408058e+01
3.703593978007491216e+01
3.703579481343388125e+01
3.703565459574416252e+01
3.703551914189780803e+01
3.703538846675368745e+01
3.703526258516404113e+01
3.703514151196586823e+01
3.703502526194414202e+01
3.703491384979787426e+01
3.703480729013447359e+01
3.703470559750304147e+01
3.703460878645978482e+01
3.703451687163637729e+01
3.703442986778782142e+01
3.703434778981308284e+01
3.703427065274642871e+01
3.703419847172737889e+01
3.703413126196377902e+01
3.703406903869883138e+01
3.703401181718488289e+01
3.703395961264259739e+01
3.703391244016363260e+01
3.703387031456367851e+01
3.703383325026460682e+01
3.703380126126046434e+01
3.703377436113215282e+01
3.703375256304064322e+01
3.703373587968515324e+01
3.703372432327489605e+01
3.703371790553498499e+01
3.703371663772299627e+01
3.703372053065626801e+01
3.703372959475767345e+01
3.703374384010138698e+01
3.703376327645477772e+01
3.703378791333000208e+01
3.703381776003269721e+01
3.703385282569308146e+01
3.703389311931656636e+01
3.703393864989771345e+01
3.703398942653991810e+01
3.703404545846808560e+01
3.703410675494470183e+01
3.703417332520841398e+01
3.703424517847784614e+01
3.703432232396801993e+01
3.703440477089317540e+01
3.703449252848128026e+01
3.703458560600407168e+01
3.703468401278863809e+01
3.703478775820849478e+01
3.703489685170094248e+01
3.703501130283026299e+01
3.703513112136739949e+01
3.703525631735796253e+01
3.703538690116686638e+01
3.703552288349177246e+01
3.703566427533949224e+01
3.703581108796441157e+01
3.703596333277378960e+01
3.703612102122036731e+01
3.703628416471740792e+01
3.703645277458970497e+01
3.703662686204121712e+01
3.703680643811874518e+01
3.703699151366589604e+01
3.703718209926920935e+01
3.703737820519942403e+01
3.703757984135079795e+01
3.703778701718235311e+01
3.703799974166301467e+01
3.703821802322742229e+01
3.703844186977174502e+01
3.703867128871761594e+01
3.703890628710821886e+01
3.703914687166344777e+01
3.703939304877955152e+01
3.703964482450731310e+01
3.703990220452732984e+01
3.704016519411454311e+01
3.704043379807452396e+01
3.704070802065832879e+01
3.704098786549874234e+01
3.704127333560206381e+01
3.704156443338859361e+01
3.704186116074964730e+01
3.704216351909192184e+01
3.704247150935844957e+01
3.704278513203009027e+01
3.704310438711433306e+01
3.704342927412433539e+01
3.704375979204824887e+01
3.704409593931558931e+01
3.704443771378014816e+01
3.704478511273507024e+01
3.704513813294640556e+01
3.704549677067593905e+01
3.704586102169040629e+01
3.704623088127552677e+01
3.704660634425394505e+01
3.704698740498952958e+01
3.704737405737802192e+01
3.704776629483864525e+01
3.704816411031058720e+01
3.704856749624750023e+01
3.704897644460812245e+01
3.704939094685860823e+01
3.704981099401177858e+01
3.705023657670050596e+01
3.705066768524820731e+01
3.705110430970809432e+01
3.705154643987030738e+01
3.705199406525439798e+01
3.705244717510865371e+01
3.705290575841915057e+01
3.705336980391584945e+01
3.705383930006895099e+01
3.705431423507649669e+01
3.705479459684416099e+01
3.705528037295917443e+01
3.705577155066424666e+01
3.705626811683637101e+01
3.705677005797141277e+01
3.705727736018337026e+01
3.705779000923669031e+01
3.705830799060881020e+01
3.705883128954681638e+01
3.705935989109391926e+01
3.705989378009740420e+01
3.706043294121268161e+01
3.706097735888879896e+01
3.706152701729359222e+01
3.706208190017353132e+01
3.706264199073598320e+01
3.706320727163760864e+01
3.706377772505265966e+01
3.706435333274906441e+01
3.706493407613524482e+01
3.706551993627093822e+01
3.706611089384970370e+01
3.706670692916003418e+01
3.706730802202794450e+01
3.706791415175758431e+01
3.706852529708840649e+01
3.706914143616601365e+01
3.706976254651582536e+01
3.707038860502754574e+01
3.707101958798048003e+01
3.707165547112536785e+01
3.707229622977590822e+01
3.707294183884872041e+01
3.707359227286817571e+01
3.707424750599653862e+01
3.707490751210021074e+01
3.707557226481784340e+01
3.707624173760898856e+01
3.707691590378230018e+01
3.707759473650227022e+01
3.707827820877550806e+01
3.707896629342534567e+01
3.707965896306642151e+01
3.708035619008704487e+01
3.708105794663641319e+01
3.708176420460308265e+01
3.708247493556321928e+01
3.708319011068596893e+01
3.708390970062621506e+01
3.708463367545716238e+01
3.708536200465466948e+01
3.708609465711847264e+01
3.708683160123049305e+01
3.708757280493260566e+01
3.708831823578587716e+01
3.708906786100445885e+01
3.708982164747880006e+01
3.709057956179201199e+01
3.709134157023330403e+01
3.709210763881434048e+01
3.709287773328362192e+01
3.709365181912822607e+01
3.709442986155895738e+01
3.709521182548579077e+01
3.709599767550007954e+01
3.709678737588306063e+01
3.709758089065240227e+01
3.709837818364566431e+01
3.709917921861167400e+01
3.709998395926570680e+01
3.710079236931459690e+01
3.710160441249343677e+01
3.710242005261208220e+01
3.710323925358597563e+01
3.710406197946123541e+01
3.710488819444451281e+01
3.710571786291635732e+01
3.710655094941137833e+01
3.710738741857410616e+01
3.710822723510804622e+01
3.710907036373535561e+01
3.710991676918194315e+01
3.711076641619270333e+01
3.711161926956426527e+01
3.711247529417097724e+01
3.711333445496941863e+01
3.711419671698338618e+01
3.711506204527826469e+01
3.711593040493429640e+01
3.711680176102483841e+01
3.711767607859741958e+01
3.711855332265000840e+01
3.711943345808776229e+01
3.712031644964372390e+01
3.712120226177224680e+01
3.712209085855704416e+01
3.712298220366691481e+01
3.712387626035437904e+01
3.712477299147571586e+01
3.712567235952367639e+01
3.712657432667184310e+01
3.712747885481707044e+01
3.712838590560733110e+01
3.712929544046657782e+01
3.713020742062938240e+01
3.713112180716289146e+01
3.713203856092739841e+01
3.713295764245513908e+01
3.713387901179687134e+01
3.713480262840846535e+01
3.713572845109583653e+01
3.713665643799795646e+01
3.713758654659707048e+01
3.713851873374650125e+01
3.713945295569061500e+01
3.714038916806240564e+01
3.714132732587620467e+01
3.714226738353787027e+01
3.714320929486186884e+01
3.714415301307563055e+01
3.714509849083565740e+01
3.714604568029418630e+01
3.714699453320684341e+01
3.714794500103343466e+01
3.714889703499689233e+01
3.714985058610026414e+01
3.715080560511356822e+01
3.715176204253039316e+01
3.715271984851675313e+01
3.715367897290959576e+01
3.715463936527570610e+01
3.715560097497253622e+01
3.715656375118177834e+01
3.715752764293613097e+01
3.715849259914312341e+01
3.715945856859626417e+01
3.716042549997840894e+01
3.716139334187390375e+01
3.716236204281188549e+01
3.716333155133003174e+01
3.716430181601981531e+01
3.716527278556781511e+01
3.716624440883219904e+01
3.716721663492982941e+01
3.716818941328439507e+01
3.716916269362103975e+01
3.717013642592098677e+01
3.717111056036061711e+01
3.717208504726610840e+01
3.717305983710607364e+01
3.717403488050465654e+01
3.717501012823512951e+01
3.717598553117846194e+01
3.717696104024676629e+01
3.717793660626977470e+01
3.717891217986765184e+01
3.717988771135693327e+01
3.718086315070905812e+01
3.718183844754498324e+01
3.718281355114533682e+01
3.718378841045959149e+01
3.718476297410261111e+01
3.718573719033952329e+01
3.718671100706563237e+01
3.718768437179619468e+01
3.718865723169408000e+01
3.718962953364426482e+01
3.719060122434093074e+01
3.719157225034734182e+01
3.719254255811477350e+01
3.719351209397126468e+01
3.719448080410354152e+01
3.719544863454383687e+01
3.719641553117418908e+01
3.719738143978340617e+01
3.719834630618633753e+01
3.719931007636360221e+01
3.720027269657018110e+01
3.720123411340600228e+01
3.720219427388941114e+01
3.720315312552974518e+01
3.720411061631803307e+01
3.720506669458909244e+01
3.720602130881650282e+01
3.720697440746788942e+01
3.720792593900246459e+01
3.720887585196403080e+01
3.720982409507302435e+01
3.721077061729222635e+01
3.721171536788764911e+01
3.721265829646991108e+01
3.721359935297327581e+01
3.721453848758210370e+01
3.721547565067485408e+01
3.721641079282649400e+01
3.721734386485379531e+01
3.721827481788696446e+01
3.721920360345483658e+01
3.722013017355067888e+01
3.722105448066579214e+01
3.722197647780559748e+01
3.722289611847845947e+01
3.722381335666015190e+01
3.722472814677684028e+01
3.722564044371146963e+01
3.722655020278185134e+01
3.722745737964572754e+01
3.722836193014643413e+01
3.722926381017412467e+01
3.723016297560008780e+01
3.723105938225778999e+01
3.723195298590447777e+01
3.723284374213501735e+01
3.723373160628796086e+01
3.723461653339741417e+01
3.723549847818286196e+01
3.723637739503906374e+01
3.723725323801904352e+01
3.723812596081913284e+01
3.723899551676586839e+01
3.723986185880492883e+01
3.724072493949585549e+01
3.724158471101363688e+01
3.724244112515224003e+01
3.724329413332324634e+01
3.724414368654677077e+01
3.724498973543353486e+01
3.724583223015918776e+01
3.724667112043670869e+01
3.724750635549268196e+01
3.724833788404941259e+01
3.724916565432170046e+01
3.724998961406227949e+01
3.725080971068426550e+01
3.725162589143423020e+01
3.725243810356622021e+01
3.725324629447497671e+01
3.725405041174916221e+01
3.725485040316722518e+01
3.725564621672241117e+01
3.725643780069265176e+01
3.725722510366072981e+01
3.725800807442247731e+01
3.725878666187254140e+01
3.725956081501583839e+01
3.726033048311144569e+01
3.726109561583898255e+01
3.726185616342500850e+01
3.726261207671974773e+01
3.726336330723000145e+01
3.726410980715596111e+01
3.726485152946700907e+01
3.726558842797650328e+01
3.726632045736594989e+01
3.726704757316247196e+01
3.726776973170059648e+01
3.726848689009482740e+01
3.726919900624830717e+01
3.726990603891496789e+01
3.727060794778805786e+01
3.727130469357209819e+01
3.727199623805680062e+01
3.727268254422602922e+01
3.727336357636877295e+01
3.727403930014234135e+01
3.727470968257620854e+01
3.727537469202221843e+01
3.727603429807369650e+01
3.727668847150692955e+01
3.727733718428790866e+01
3.727798040963170934e+01
3.727861812208139725e+01
3.727925029759465048e+01
3.727987691360999634e+01
3.728049794903802905e+01
3.728111338418056420e+01
3.728172320063713130e+01
3.728232738122315482e+01
3.728292590990275812e+01
3.728351877176738327e+01
3.728410595307381215e+01
3.728468744130071855e+01
3.728526322517404878e+01
3.728583329465249108e+01
3.728639764090222286e+01
3.728695625629307386e+01
3.728750913442105741e+01
3.728805627013574053e+01
3.728859765953156824e+01
3.728913329987592817e+01
3.728966318955959736e+01
3.729018732820207305e+01
3.729070571686504820e+01
3.729121835822500231e+01
3.729172525666687221e+01
3.729222641829103679e+01
3.729272185080149171e+01
3.729321156334044929e+01
3.729369556638429373e+01
3.729417387172139087e+01
3.729464649245523589e+01
3.729511344301150899e+01
3.729557473920745281e+01
3.729603039841386192e+01
3.729648043970627214e+01
3.729692488387790661e+01
3.729736375332014831e+01
3.729779707187961435e+01
3.729822486475033116e+01
3.729864715834933975e+01
3.729906398013580571e+01
3.729947535844577544e+01
3.729988132242328902e+01
3.730028190202077809e+01
3.730067712798277313e+01
3.730106703176252836e+01
3.730145164540451219e+01
3.730183100146876995e+01
3.730220513300404406e+01
3.730257407351795251e+01
3.730293785694134101e+01
3.730329651762769316e+01
3.730365009038082746e+01
3.730399861043779453e+01
3.730434211336209671e+01
3.730468063491170483e+01
3.730501421097807935e+01
3.730534287759832068e+01
3.730566667099459721e+01
3.730598562764181025e+01
3.730629978433429983e+01
3.730660917816199884e+01
3.730691384639496277e+01
3.730721382637671724e+01
3.730750915547800872e+01
3.730779987108464724e+01
3.730808601059704444e+01
3.730836761144826852e+01
3.730864471113476100e+01
3.730891734723344655e+01
3.730918555739447129e+01
3.730944937932618188e+01
3.730970885079469213e+01
3.730996400963027071e+01
3.731021489370848343e+01
3.731046154092343414e+01
3.731070398922639697e+01
3.731094227673837338e+01
3.731117644184814708e+01
3.731140652325180440e+01
3.731163255999916117e+01
3.731185459158885465e+01
3.731207265803909934e+01
3.731228679984935326e+01
3.731249705787528370e+01
3.731270347319986769e+01
3.731290608705024425e+01
3.731310494076040385e+01
3.731330007573286167e+01
3.731349153335164459e+01
3.731367935487682530e+01
3.731386358142081150e+01
3.731404425406885395e+01
3.731422141406869741e+01
3.731439510296082318e+01
3.731456536260937185e+01
3.731473223513268067e+01
3.731489576274817210e+01
3.731505598763762777e+01
3.731521295194892929e+01
3.731536669791848482e+01
3.731551726798986834e+01
3.731566470484279563e+01
3.731580905137535353e+01
3.731595035072129463e+01
3.731608864626738153e+01
3.731622398157809783e+01
3.731635640027859324e+01
3.731648594602619085e+01
3.731661266258327458e+01
3.731673659391152853e+01
3.731685778422342992e+01
3.731697627798002515e+01
3.731709211987327990e+01
3.731720535481222356e+01
3.731731602787990454e+01
3.731742418425823615e+01
3.731752986918883153e+01
3.731763312800011789e+01
3.731773400614418534e+01
3.731783254920833315e+01
3.731792880292461945e+01
3.731802281318921644e+01
3.731811462607784335e+01
3.731820428785243848e+01
3.731829184495807539e+01
3.731837734400532725e+01
3.731846083174962558e+01
3.731854235507363171e+01
3.731862196096078321e+01
3.731869969647959095e+01
3.731877560880299427e+01
3.731884974524623999e+01
3.731892215331740914e+01
3.731899288078937360e+01
3.731906197575620610e+01
3.731912948661549478e+01
3.731919546196893833e+01
3.731925995048873546e+01
3.731932300079477471e+01
3.731938466134639043e+01
3.731944498033414703e+01
3.731950400557357028e+01
3.731956178441640759e+01
3.731961836368331120e+01
3.731967378961018511e+01
3.731972810780816019e+01
3.731978136324108419e+01
3.731983360021375518e+01
3.731988486235627533e+01
3.731993519258790570e+01
3.731998463305756530e+01
3.732003322509214627e+01
3.732008100918472593e+01
3.732012802501106563e+01
3.732017431144607400e+01
3.732021990657349164e+01
3.732026484769166075e+01
3.732030917131345404e+01
3.732035291316134362e+01
3.732039610816341479e+01
3.732043879045038182e+01
3.732048099334384972e+01
3.732052274932894420e+01
3.732056409002603203e+01
3.732060504618671359e+01
3.732064564771521731e+01
3.732068592369173388e+01
3.732072590237815746e+01
3.732076561119368563e+01
3.732080507665340008e+01
3.732084432428637655e+01
3.732088337856936278e+01
3.732092226290238557e+01
3.732096099962330271e+01
3.732099961003889632e+01
3.732103811445892205e+01
3.732107653223306443e+01
3.732111488178301784e+01
3.732115318061703135e+01
3.732119144533471911e+01
3.732122969164163351e+01
3.732126793437061707e+01
3.732130618748369244e+01
3.732134446403595263e+01
3.732138277610442856e+01
3.732142113469640776e+01
3.732145954966176760e+01
3.732149802963830609e+01
3.732153658204392599e+01
3.732157521310579540e+01
3.732161392790898446e+01
3.732165273045193032e+01
3.732169162369897464e+01
3.732173060962121269e+01
3.732176968921690730e+01
3.732180886250849738e+01
3.732184812853083855e+01
3.732188748534284173e+01
3.732192693010435391e+01
3.732196645924073408e+01
3.732200606865610837e+01
3.732204575390865386e+01
3.732208551029626165e+01
3.732212533288082312e+01
3.732216521648232543e+01
3.732220515562715946e+01
3.732224514447599262e+01
3.732228517681294022e+01
3.732232524610400759e+01
3.732236534552816920e+01
3.732240546791202718e+01
3.732244560560315705e+01
3.732248575036188498e+01
3.732252589333202764e+01
3.732256602511386490e+01
3.732260613589558318e+01
3.732264621555064821e+01
3.732268625366205583e+01
3.732272623951354262e+01
3.732276616207975195e+01
3.732280600999892783e+01
3.732284577151923344e+01
3.732288543446171047e+01
3.732292498624553190e+01
3.732296441396488973e+01
3.732300370446490945e+01
3.732304284437667974e+01
3.732308182012202735e+01
3.732312061792518421e+01
3.732315922383412499e+01
3.732319762372735283e+01
3.732323580331283353e+01
3.732327374815327659e+01
3.732331144372746223e+01
3.732334887551002822e+01
3.732338602905325331e+01
3.732342289004738234e+01
3.732345944433033225e+01
3.732349567785254152e+01
3.732353157663212073e+01
3.732356712670998178e+01
3.732360231409522555e+01
3.732363712473977557e+01
3.732367154461039149e+01
3.732370555982889471e+01
3.732373915676173226e+01
3.732377232200823869e+01
3.732380504234016172e+01
3.732383730465584648e+01
3.732386909597143898e+01
3.732390040343930337e+01
3.732393121437333861e+01
3.732396151625474801e+01
3.732399129668620930e+01
3.732402054327982910e+01
3.732404924351094166e+01
3.732407738460219093e+01
3.732410495349616752e+01
3.732413193694403475e+01
3.732415832167497172e+01
3.732418409457051212e+01
3.732420924277452912e+01
3.732423375368642837e+01
3.732425761486173599e+01
3.732428081392339436e+01
3.732430333854716764e+01
3.732432517651803749e+01
3.732434631583052465e+01
3.732436674477537508e+01
3.732438645195216509e+01
3.732440542621178992e+01
3.732442365659314021e+01
3.732444113229578164e+01
3.732445784266435140e+01
3.732447377714567693e+01
3.732448892521858141e+01
3.732450327631206477e+01
3.732451681971468105e+01
3.732452954448390869e+01
3.732454143937018642e+01
3.732455249275841425e+01
3.732456269261337667e+01
3.732457202639989191e+01
3.732458048098437331e+01
3.732458804259100305e+01
3.732459469685430520e+01
3.732460042891460006e+01
3.732460522349203558e+01
3.732460906492064368e+01
3.732461193713376701e+01
3.732461382360653346e+01
3.732461470729451491e+01
3.732461457059378063e+01
3.732461339531653977e+01
3.732461116268722634e+01
3.732460785336494524e+01
3.732460344746780123e+01
3.732459792458070069e+01
3.732459126376801350e+01
3.732458344363011093e+01
3.732457444241632061e+01
3.732456423816623925e+01
3.732455280884219917e+01
3.732454013244031898e+01
3.732452618709379522e+01
3.732451095118494067e+01
3.732449440347961200e+01
3.732447652328898613e+01
3.732445729060201955e+01
3.732443668610689969e+01
3.732441469111805787e+01
3.732439128748947610e+01
3.732436645754361138e+01
3.732434018401300335e+01
3.732431245000329056e+01
3.732428323897764955e+01
3.732425253474614379e+01
3.732422032143458779e+01
3.732418658342420770e+01
3.732415130529810909e+01
3.732411447183355335e+01
3.732407606802829036e+01
3.732403607912691257e+01
3.732399449063554187e+01
3.732395128832677500e+01
3.732390645822997755e+01
3.732385998660215165e+01
3.732381185986760386e+01
3.732376206450501144e+01
3.732371058691503407e+01
3.732365741335415521e+01
3.732360252995422911e+01
3.732354592276738003e+01
3.732348757778945725e+01
3.732342748096110085e+01
3.732336561817660936e+01
3.732330197533177341e+01
3.732323653840382605e+01
3.732316929352558077e+01
3.732310022702547769e+01
3.732302932542864227e+01
3.732295657543266287e+01
3.732288196390479840e+01
3.732280547795313907e+01
3.732272710503296764e+01
3.732264683296727981e+01
3.732256464984757116e+01
3.732248054391612158e+01
3.732239450351640642e+01
3.732230651710880664e+01
3.732221657331559328e+01
3.732212466094927805e+01
3.732203076898160532e+01
3.732193488647256885e+01
3.732183700253548864e+01
3.732173710638491571e+01
3.732163518746436637e+01
3.732153123562473951e+01
3.732142524130179595e+01
3.732131719567017569e+01
3.732120709078486698e+01
3.732109491966899384e+01
3.732098067629063820e+01
3.732086435545974012e+01
3.732074595271531336e+01
3.732062546422330485e+01
3.732050288668718707e+01
3.732037821727215032e+01
3.732025145351666140e+01
3.732012259322161185e+01
3.731999163436186251e+01
3.731985857509326365e+01
3.731972341390483905e+01
3.731958614985956757e+01
3.731944678279138117e+01
3.731930531340473323e+01
3.731916174331379210e+01
3.731901607504749308e+01
3.731886831202157140e+01
3.731871845849391889e+01
3.731856651953758330e+01
3.731841250103515506e+01
3.731825640964779467e+01
3.731809825271323433e+01
3.731793803807748588e+01
3.731777577391877543e+01
3.731761146864745626e+01
3.731744513091990001e+01
3.731727676971276964e+01
3.731710639437495303e+01
3.731693401462291604e+01
3.731675964050104000e+01
3.731658328234972544e+01
3.731640495080569764e+01
3.731622465683440737e+01
3.731604241181408099e+01
3.731585822771135952e+01
3.731567211731728406e+01
3.731548409444534542e+01
3.731529417406327553e+01
3.731510237240242844e+01
3.731490870703800056e+01
3.731471319689121202e+01
3.731451586217314542e+01
3.731431672434024449e+01
3.731411580607413470e+01
3.731391313125860876e+01
3.731370872495456581e+01
3.731350261336624641e+01
3.731329482375876694e+01
3.731308538431522237e+01
3.731287432397728310e+01
3.731266167232374187e+01
3.731244745950949238e+01
3.731223171624633750e+01
3.731201447379070402e+01
3.731179576391278374e+01
3.731157561883065199e+01
3.731135407110246405e+01
3.731113115349237574e+01
3.731090689883842515e+01
3.731068133993206004e+01
3.731045450938506747e+01
3.731022643946332806e+01
3.730999716192354754e+01
3.730976670790450100e+01
3.730953510786309124e+01
3.730930239151332728e+01
3.730906858776244661e+01
3.730883372467126691e+01
3.730859782946142644e+01
3.730836092856832664e+01
3.730812304772041443e+01
3.730788421201650351e+01
3.730764444597678420e+01
3.730740377356463711e+01
3.730716221819187695e+01
3.730691980271619457e+01
3.730667654943473366e+01
3.730643248007666557e+01
3.730618761578895715e+01
3.730594197709681481e+01
3.730569558383393058e+01
3.730544845506687324e+01
3.730520060902437507e+01
3.730495206301395683e+01
3.730470283333364279e+01
3.730445293521488992e+01
3.730420238281518408e+01
3.730395118926227127e+01
3.730369936673829301e+01
3.730344692656592542e+01
3.730319387926136443e+01
3.730294023455616781e+01
3.730268600141321400e+01
3.730243118804656177e+01
3.730217580193065174e+01
3.730191984979386177e+01
3.730166333761113862e+01
3.730140627059363823e+01
3.730114865315897532e+01
3.730089048888774528e+01
3.730063178047233663e+01
3.730037252964619654e+01
3.730011273711509290e+01
3.729985240252436540e+01
3.729959152444377679e+01
3.729933010034746843e+01
3.729906812661433690e+01
3.729880559857814859e+01
3.729854251063410686e+01
3.729827885639610230e+01
3.729801462888121222e+01
3.729774982068449418e+01
3.729748442409725584e+01
3.729721843113572533e+01
3.729695183353559429e+01
3.729668462281968289e+01
3.729641679045516156e+01
3.729614832803613211e+01
3.729587922741554706e+01
3.729560948072025894e+01
3.729533908026957789e+01
3.729506801847440300e+01
3.729479628772855904e+01
3.729452388026990661e+01
3.729425078802393045e+01
3.729397700246683200e+01
3.729370251454994900e+01
3.729342731469728278e+01
3.729315139284488367e+01
3.729287473849386458e+01
3.729259734077517408e+01
3.729231918853957950e+01
3.729204027048769632e+01
3.729176057531652333e+01
3.729148009182509327e+01
3.729119880898404205e+01
3.729091671605686997e+01
3.729063380279420414e+01
3.729035005957938864e+01
3.729006547741332156e+01
3.728978004777660260e+01
3.728949376246923464e+01
3.728920661344547227e+01
3.728891859261358377e+01
3.728862969162204877e+01
3.728833990167778722e+01
3.728804921342196366e+01
3.728775761688172707e+01
3.728746510151449201e+01
3.728717165635450925e+01
3.728687727023445575e+01
3.728658193200892867e+01
3.728628563072932423e+01
3.728598835577963655e+01
3.728569009701138270e+01
3.728539084489310085e+01
3.728509059063938480e+01
3.728478932628539866e+01
3.728448704470389430e+01
3.728418373952482057e+01
3.728387940492638108e+01
3.728357403542898396e+01
3.728326762587720822e+01
3.728296017156205977e+01
3.728265166825065080e+01
3.728234211202305204e+01
3.728203149904579305e+01
3.728171982544179031e+01
3.728140708726945007e+01
3.728109328052994442e+01
3.728077840116088026e+01
3.728046244502997553e+01
3.728014540794625731e+01
3.727982728570830773e+01
3.727950807422649859e+01
3.727918776971245762e+01
3.727886636883642524e+01
3.727854386874428627e+01
3.727822026692561508e+01
3.727789556102712254e+01
3.727756974874019846e+01
3.727724282780918941e+01
3.727691479608255065e+01
3.727658565154551695e+01
3.727625539234789898e+01
3.727592401680360013e+01
3.727559152332392500e+01
3.727525791033043134e+01
3.727492317622914442e+01
3.727458731947633197e+01
3.727425033869204185e+01
3.727391223275899534e+01
3.727357300087864900e+01
3.727323264255904434e+01
3.727289115754812343e+01
3.727254854578459486e+01
3.727220480734779784e+01
3.727185994232673494e+01
3.727151395067838990e+01
3.727116683217374060e+01
3.727081858634954870e+01
3.727046921240079058e+01
3.727011870910621383e+01
3.726976707485419382e+01
3.726941430773872810e+01
3.726906040567496348e+01
3.726870536649808940e+01
3.726834918804184582e+01
3.726799186821115484e+01
3.726763340504015787e+01
3.726727379669955553e+01
3.726691304143680838e+01
3.726655113748412873e+01
3.726618808298115226e+01
3.726582387592481638e+01
3.726545851413683152e+01
3.726509199523596294e+01
3.726472431659968265e+01
3.726435547530041248e+01
3.726398546801453904e+01
3.726361429092656863e+01
3.726324193966150489e+01
3.726286840925522625e+01
3.726249369414629342e+01
3.726211778818046838e+01
3.726174068464143829e+01
3.726136237630210957e+01
3.726098285545826627e+01
3.726060211393892274e+01
3.726022014312738406e+01
3.725983693400272756e+01
3.725945247717936581e+01
3.725906676292520103e+01
3.725867978115539358e+01
3.725829152141930223e+01
3.725790197290307759e+01
3.725751112444581992e+01
3.725711896454993877e+01
3.725672548137688977e+01
3.725633066273221061e+01
3.725593449604370733e+01
3.725553696834064965e+01
3.725513806624662294e+01
3.725473777598595149e+01
3.725433608338629199e+01
3.725393297385684122e+01
3.725352843233732614e+01
3.725312244323924205e+01
3.725271499040751166e+01
3.725230605710745380e+01
3.725189562602155746e+01
3.725148367923449655e+01
3.725107019818509002e+01
3.725065516358315421e+01
3.725023855531763672e+01
3.724982035238903677e+01
3.724940053288671749e+01
3.724897907400998065e+01
3.724855595211548831e+01
3.724813114276856396e+01
3.724770462077116662e+01
3.724727636016444166e+01
3.724684633425282243e+01
3.724641451567478612e+01
3.724598087650485212e+01
3.724554538839842621e+01
3.724510802277463029e+01
3.724466875098158880e+01
3.724422754443351380e+01
3.724378437474286585e+01
3.724333921381653312e+01
3.724289203386817348e+01
3.724244280734978219e+01
3.724199150684424353e+01
3.724153810496861894e+01
3.724108257432811087e+01
3.724062488752941391e+01
3.724016501722624639e+01
3.723970293615610672e+01
3.723923861713415562e+01
3.723877203300721561e+01
3.723830315661643908e+01
3.723783196080979963e+01
3.723735841850317030e+01
3.723688250276874356e+01
3.723640418692926346e+01
3.723592344465718185e+01
3.723544025010785674e+01
3.723495457808494535e+01
3.723446640416192821e+01
3.723397570469845874e+01
3.723348245680021762e+01
3.723298663832845534e+01
3.723248822797962987e+01
3.723198720536412765e+01
3.723148355105477947e+01
3.723097724662951435e+01
3.723046827470721354e+01
3.722995661895336639e+01
3.722944226404192136e+01
3.722892519557326096e+01
3.722840539996786902e+01
3.722788286437846494e+01
3.722735757665286371e+01
3.722682952533378398e+01
3.722629869966261396e+01
3.722576508957337182e+01
3.722522868567995147e+01
3.722468947927303162e+01
3.722414746235110528e+01
3.722360262768270189e+01
3.722305496886955467e+01
3.722250448038741411e+01
3.722195115759661377e+01
3.722139499673612306e+01
3.722083599493025474e+01
3.722027415020805563e+01
3.721970946151682114e+01
3.721914192876193539e+01
3.721857155291198183e+01
3.721799833612723774e+01
3.721742228182485945e+01
3.721684339462814961e+01
3.721626168024567249e+01
3.721567714539814631e+01
3.721508979783297377e+01
3.721449964637288588e+01
3.721390670097531483e+01
3.721331097278979883e+01
3.721271247414527750e+01
3.721211121841951552e+01
3.721150721984422205e+01
3.721090049337061600e+01
3.721029105467231091e+01
3.720967892020370726e+01
3.720906410716686707e+01
3.720844663341019043e+01
3.720782651742059244e+01
3.720720377842386029e+01
3.720657843645471985e+01
3.720595051234617756e+01
3.720532002769148505e+01
3.720468700481885804e+01
3.720405146678950814e+01
3.720341343740448536e+01
3.720277294118908173e+01
3.720213000335392906e+01
3.720148464976578850e+01
3.720083690694659140e+01
3.720018680208905693e+01
3.719953436306939665e+01
3.719887961844638369e+01
3.719822259745164672e+01
3.719756332998582593e+01
3.719690184662932353e+01
3.719623817865603854e+01
3.719557235802166417e+01
3.719490441731024077e+01
3.719423438964747675e+01
3.719356230861221491e+01
3.719288820818188412e+01
3.719221212271024513e+01
3.719153408691281015e+01
3.719085413586498134e+01
3.719017230501286519e+01
3.718948863016553474e+01
3.718880314747276117e+01
3.718811589343576429e+01
3.718742690495508185e+01
3.718673621936569873e+01
3.718604387443328818e+01
3.718534990832214504e+01
3.718465435954755804e+01
3.718395726691650793e+01
3.718325866945764346e+01
3.718255860635025556e+01
3.718185711686403749e+01
3.718115424030463601e+01
3.718045001595531573e+01
3.717974448302156532e+01
3.717903768059225200e+01
3.717832964761929304e+01
3.717762042291194291e+01
3.717691004514373532e+01
3.717619855286527297e+01
3.717548598450633079e+01
3.717477237834966530e+01
3.717405777248343668e+01
3.717334220476625717e+01
3.717262571282638817e+01
3.717190833408329098e+01
3.717119010576920601e+01
3.717047106493902220e+01
3.716975124846947409e+01
3.716903069305342910e+01
3.716830943519711639e+01
3.716758751123291660e+01
3.716686495735072526e+01
3.716614180962633185e+01
3.716541810402839729e+01
3.716469387641274125e+01
3.716396916251667193e+01
3.716324399794842037e+01
3.716251841816002610e+01
3.716179245839876444e+01
3.716106615364012100e+01
3.716033953850999438e+01
3.715961264720694857e+01
3.715888551343514479e+01
3.715815817035677071e+01
3.715743065056882699e+01
3.715670298610328359e+01
3.715597520844475810e+01
3.715524734855116407e+01
3.715451943685580005e+01
3.715379150324216795e+01
3.715306357701103934e+01
3.715233568687475696e+01
3.715160786098956436e+01
3.715088012700249465e+01
3.715015251209440805e+01
3.714942504301812676e+01
3.714869774613172382e+01
3.714797064742985810e+01
3.714724377257704191e+01
3.714651714694190332e+01
3.714579079563825559e+01
3.714506474357882126e+01
3.714433901552802553e+01
3.714361363613620171e+01
3.714288862995925200e+01
3.714216402148217355e+01
3.714143983515333503e+01
3.714071609541285568e+01
3.713999282669567492e+01
3.713927005341127341e+01
3.713854779991265076e+01
3.713782609045847494e+01
3.713710494917134497e+01
3.713638440000485730e+01
3.713566446673201682e+01
3.713494517294931541e+01
3.713422654207685980e+01
3.713350859734880061e+01
3.713279136180177886e+01
3.713207485826335130e+01
3.713135910933856110e+01
3.713064413739441960e+01
3.712992996453966299e+01
3.712921661259172623e+01
3.712850410302624482e+01
3.712779245692069452e+01
3.712708169491165933e+01
3.712637183716283573e+01
3.712566290331449892e+01
3.712495491239401701e+01
3.712424788270882914e+01
3.712354183176477562e+01
3.712283677625061529e+01
3.712213273212776699e+01
3.712142971479214992e+01
3.712072773919995683e+01
3.712002681991551611e+01
3.711932697112209922e+01
3.711862820662307172e+01
3.711793053983804924e+01
3.711723398380011929e+01
3.711653855115595491e+01
3.711584425416690181e+01
3.711515110470908496e+01
3.711445911427058064e+01
3.711376829395350541e+01
3.711307865450720556e+01
3.711239020640629604e+01
3.711170295994137547e+01
3.711101692528630025e+01
3.711033211255092112e+01
3.710964853183958212e+01
3.710896619331068536e+01
3.710828510722446083e+01
3.710760528397425873e+01
3.710692673409444353e+01
3.710624946823415371e+01
3.710557349710672526e+01
3.710489883145665857e+01
3.710422548208115501e+01
3.710355345990224407e+01
3.710288277605162222e+01
3.710221344192040505e+01
3.710154546915237717e+01
3.710087886962750758e+01
3.710021365551362749e+01
3.709954983937949891e+01
3.709888743428159330e+01
3.709822645378361017e+01
3.709756691193121014e+01
3.709690882321408623e+01
3.709625220256503297e+01
3.709559706543407032e+01
3.709494342791312249e+01
3.709429130686078935e+01
3.709364071999684853e+01
3.709299168595201479e+01
3.709234422425624444e+01
3.709169835525505476e+01
3.709105409999261127e+01
3.709041148012705236e+01
3.708977051788374979e+01
3.708913123601928419e+01
3.708849365782440799e+01
3.708785780722245562e+01
3.708722370893884346e+01
3.708659138864329918e+01
3.708596087301903310e+01
3.708533218977252943e+01
3.708470536757507574e+01
3.708408043594880610e+01
3.708345742516736010e+01
3.708283636620033263e+01
3.708221729066263350e+01
3.708160023074627532e+01
3.708098521915123058e+01
3.708037228902890803e+01
3.707976147393733157e+01
3.707915280780994038e+01
3.707854632494194647e+01
3.707794205998639825e+01
3.707734004794343718e+01
3.707674032412910492e+01
3.707614292411977175e+01
3.707554788367805543e+01
3.707495523867293485e+01
3.707436502501051478e+01
3.707377727858624894e+01
3.707319203525178608e+01
3.707260933077884602e+01
3.707202920081824971e+01
3.707145168087355813e+01
3.707087680629807380e+01
3.707030461230062457e+01
3.706973513394838449e+01
3.706916840616877096e+01
3.706860446375711859e+01
3.706804334139707180e+01
3.706748507368970991e+01
3.706692969517290237e+01
3.706637724032024295e+01
3.706582774353414322e+01
3.706528123915251172e+01
3.706473776146911803e+01
3.706419734475683470e+01
3.706366002328502418e+01
3.706312583132431371e+01
3.706259480314157884e+01
3.706206697299882080e+01
3.706154237515882954e+01
3.706102104388315865e+01
3.706050301341436892e+01
3.705998831795350412e+01
3.705947699164433118e+01
3.705896906856340678e+01
3.705846458270821842e+01
3.705796356797949187e+01
3.705746605816343475e+01
3.705697208692766509e+01
3.705648168783368135e+01
3.705599489434055016e+01
3.705551173976473933e+01
3.705503225719419902e+01
3.705455647939755437e+01
3.705408443876931557e+01
3.705361616732382402e+01
3.705315169674173603e+01
3.705269105846038968e+01
3.705223428376511663e+01
3.705178140384160201e+01
3.705133244979215590e+01
3.705088745263546457e+01
3.705044644329949932e+01
3.705000945262315781e+01
3.704957651137937802e+01
3.704914765030016355e+01
3.704872290007728708e+01
3.704830229133953168e+01
3.704788585461929529e+01
3.704747362031914548e+01
3.704706561869490145e+01
3.704666187986997272e+01
3.704626243387490092e+01
3.704586731069090177e+01
3.704547654028260695e+01
3.704509015261911742e+01
3.704470817768438451e+01
3.704433064547488641e+01
3.704395758598753474e+01
3.704358902920277075e+01
3.704322500506075500e+01
3.704286554342105120e+01
3.704251067399304986e+01
3.704216042625566985e+01
3.704181482942286152e+01
3.704147391247240506e+01
3.704113770419124307e+01
3.704080623319839560e+01
3.704047952794260112e+01
3.704015761668333795e+01
3.703984052746795896e+01
3.703952828811659259e+01
3.703922092621680662e+01
3.703891846912213737e+01
3.703862094394771276e+01
3.703832837755803098e+01
3.703804079654407388e+01
3.703775822719744326e+01
3.703748069550400857e+01
3.703720822716382344e+01
3.703694084761394834e+01
3.703667858203863972e+01
3.703642145537267538e+01
3.703616949229884625e+01
3.703592271723568530e+01
3.703568115432226904e+01
3.703544482740693411e+01
3.703521376003205745e+01
3.703498797541200815e+01
3.703476749642183563e+01
3.703455234560443188e+01
3.703434254518160174e+01
3.703413811706023040e+01
3.703393908283066338e+01
3.703374546374755738e+01
3.703355728069704611e+01
3.703337455417369029e+01
3.703319730427975998e+01
3.703302555073821622e+01
3.703285931290564292e+01
3.703269860977056993e+01
3.703254345992643692e+01
3.703239388153095746e+01
3.703224989227322794e+01
3.703211150935057816e+01
3.703197874944834922e+01
3.703185162872549085e+01
3.703173016280890550e+01
3.703161436679370411e+01
3.703150425524721356e+01
3.703139984221411396e+01
3.703130114121069028e+01
3.703120816518509173e+01
3.703112092642788156e+01
3.703103943646205209e+01
3.703096370597017284e+01
3.703089374478181384e+01
3.703082956189899733e+01
3.703077116553136960e+01
3.703071856314696930e+01
3.703067176156193341e+01
3.703063076704382439e+01
3.703059558538377871e+01
3.703056622195601477e+01
3.703054268179093356e+01
3.703052496962677509e+01
3.703051308990871604e+01
3.703050704675283811e+01
3.703050684390034775e+01
3.703051248467281908e+01
3.703052397193413725e+01
3.703054130806135191e+01
3.703056449492022750e+01
3.703059353383505936e+01
3.703062842553604384e+01
3.703066917008711556e+01
3.703071576682357602e+01
3.703076821431305632e+01
3.703082651032818973e+01
3.703089065183091577e+01
3.703096063499090462e+01
3.703103645524294052e+01
3.703111810733646792e+01
3.703120558533844076e+01
3.703129888262925107e+01
3.703139799194742920e+01
3.703150290547228707e+01
3.703161361491046222e+01
3.703173011157855399e+01
3.703185238646918265e+01
3.703198043027710895e+01
3.703211423338640884e+01
3.703225378583905325e+01
3.703239907730064573e+01
3.703255009702902356e+01
3.703270683384479156e+01
3.703286927609799051e+01
3.703303741163763618e+01
3.703321122781050434e+01
3.703339071149105877e+01
3.703357584910554579e+01
3.703376662662000740e+01
3.703396302949519026e+01
3.703416504264243514e+01
3.703437265041748105e+01
3.703458583665332782e+01
3.703480458470563974e+01
3.703502887748653905e+01
3.703525869747496557e+01
3.703549402673289137e+01
3.703573484699070661e+01
3.703598113979583673e+01
3.703623288662932822e+01
3.703649006893463280e+01
3.703675266809775479e+01
3.703702066544391869e+01
3.703729404227906485e+01
3.703757277996442099e+01
3.703785686000276201e+01
3.703814626409841537e+01
3.703844097415677084e+01
3.703874097227411255e+01
3.703904624080728070e+01
3.703935676251543896e+01
3.703967252068814986e+01
3.703999349919656936e+01
3.704031968244517259e+01
3.704065105525049262e+01
3.704098760273638646e+01
3.704132931033641540e+01
3.704167616389660367e+01
3.704202814978301461e+01
3.704238525493283873e+01
3.704274746687431019e+01
3.704311477373587991e+01
3.704348716420573595e+01
3.704386462743963904e+01
3.704424715300968529e+01
3.704463473096316761e+01
3.704502735193980811e+01
3.704542500725204945e+01
3.704582768889219579e+01
3.704623538948310824e+01
3.704664810219769322e+01
3.704706582066867782e+01
3.704748853890024662e+01
3.704791625118170373e+01
3.704834895201278044e+01
3.704878663606496048e+01
3.704922929818373944e+01
3.704967693341718160e+01
3.705012953706389567e+01
3.705058710472983563e+01
3.705104963237338467e+01
3.705151711632899492e+01
3.705198955331033517e+01
3.705246694039594502e+01
3.705294927500024471e+01
3.705343655482995757e+01
3.705392877782875871e+01
3.705442594212589569e+01
3.705492804601203716e+01
3.705543508794433905e+01
3.705594706654857617e+01
3.705646398059499802e+01
3.705698582896049231e+01
3.705751261059465662e+01
3.705804432448978503e+01
3.705858096965472015e+01
3.705912254510229786e+01
3.705966904984953203e+01
3.706022048291867321e+01
3.706077684334029243e+01
3.706133813016604250e+01
3.706190434248532029e+01
3.706247547943024045e+01
3.706305154016405368e+01
3.706363252386172746e+01
3.706421842968956781e+01
3.706480925678777538e+01
3.706540500425975182e+01
3.706600567116439038e+01
3.706661125650541067e+01
3.706722175922065787e+01
3.706783717817727819e+01
3.706845751217271356e+01
3.706908275993374247e+01
3.706971292010479146e+01
3.707034799122748581e+01
3.707098797171725835e+01
3.707163285983119749e+01
3.707228265362515174e+01
3.707293735092644482e+01
3.707359694935230721e+01
3.707426144636636423e+01
3.707493083933797351e+01
3.707560512558017507e+01
3.707628430236130868e+01
3.707696836688836584e+01
3.707765731625723760e+01
3.707835114738150395e+01
3.707904985692999134e+01
3.707975344129453532e+01
3.708046189658985270e+01
3.708117521867095689e+01
3.708189340314665827e+01
3.708261644538722379e+01
3.708334434054371798e+01
3.708407708358291188e+01
3.708481466932220627e+01
3.708555709245280241e+01
3.708630434755807670e+01
3.708705642914650724e+01
3.708781333170115602e+01
3.708857504972036878e+01
3.708934157773318674e+01
3.709011291029618462e+01
3.709088904198060277e+01
3.709166996735165611e+01
3.709245568094200252e+01
3.709324617722811013e+01
3.709404145062124059e+01
3.709484149547208887e+01
3.709564630607633262e+01
3.709645587667534983e+01
3.709727020145494691e+01
3.709808927454216132e+01
3.709891308999522153e+01
3.709974164178766642e+01
3.710057492379439026e+01
3.710141292977672123e+01
3.710225565335968412e+01
3.710310308801607704e+01
3.710395522707589322e+01
3.710481206374738150e+01
3.710567359111867347e+01
3.710653980213302106e+01
3.710741068955243804e+01
3.710828624591539437e+01
3.710916646349166115e+01
3.711005133425169333e+01
3.711094084986040542e+01
3.711183500167284421e+01
3.711273378071044249e+01
3.711363717763427417e+01
3.711454518273485093e+01
3.711545778592688549e+01
3.711637497673907404e+01
3.711729674430877424e+01
3.711822307738446369e+01
3.711915396432921455e+01
3.712008939312211453e+01
3.712102935135590087e+01
3.712197382623546105e+01
3.712292280459391947e+01
3.712387627292331160e+01
3.712483421738478029e+01
3.712579662378762180e+01
3.712676347758876005e+01
3.712773476396333194e+01
3.712871046792494667e+01
3.712969057443521592e+01
3.713067506847333732e+01
3.713166393506867990e+01
3.713265715929921384e+01
3.713365472626566088e+01
3.713465662106946041e+01
3.713566282881414082e+01
3.713667333461837927e+01
3.713768812360177662e+01
3.713870718080433875e+01
3.713973049106318314e+01
3.714075803892422556e+01
3.714178980862500623e+01
3.714282578413499181e+01
3.714386594923672646e+01
3.714491028761582214e+01
3.714595878292166731e+01
3.714701141878527579e+01
3.714806817879719603e+01
3.714912904646106995e+01
3.715019400515106440e+01
3.715126303808783348e+01
3.715233612831538323e+01
3.715341325865464484e+01
3.715449441163553246e+01
3.715557956942613771e+01
3.715666871376573255e+01
3.715776182589687693e+01
3.715885888649746960e+01
3.715995987562353520e+01
3.716106477266558983e+01
3.716217355630701746e+01
3.716328620448921782e+01
3.716440269441085320e+01
3.716552300256509511e+01
3.716664710478850253e+01
3.716777497631093041e+01
3.716890659181905221e+01
3.717004192552469988e+01
3.717118095120697774e+01
3.717232364222116558e+01
3.717346997149112298e+01
3.717461991149972533e+01
3.717577343428413883e+01
3.717693051142915550e+01
3.717809111405566824e+01
3.717925521283345347e+01
3.718042277804564577e+01
3.718159377967550228e+01
3.718276818746407741e+01
3.718394597092780884e+01
3.718512709935382077e+01
3.718631154178052611e+01
3.718749926695878827e+01
3.718869024329355000e+01
3.718988443879428019e+01
3.719108182108088556e+01
3.719228235745297440e+01
3.719348601497761564e+01
3.719469276055563256e+01
3.719590256096160630e+01
3.719711538286055230e+01
3.719833119279721245e+01
3.719954995716985025e+01
3.720077164221178379e+01
3.720199621398461431e+01
3.720322363837339452e+01
3.720445388108276319e+01
3.720568690763798969e+01
3.720692268338789432e+01
3.720816117349319541e+01
3.720940234287296278e+01
3.721064615611012982e+01
3.721189257739309397e+01
3.721314157059751437e+01
3.721439309949674623e+01
3.721564712795665741e+01
3.721690362000381214e+01
3.721816253978453659e+01
3.721942385151429988e+01
3.722068751951174903e+01
3.722195350832047467e+01
3.722322178283951644e+01
3.722449230840321377e+01
3.722576505080552067e+01
3.722703997627856864e+01
3.722831705142831993e+01
3.722959624313516969e+01
3.723087751842825099e+01
3.723216084431688699e+01
3.723344618757425195e+01
3.723473351452596347e+01
3.723602279091754497e+01
3.723731398195431552e+01
3.723860705258380221e+01
3.723990196792916407e+01
3.724119869368556834e+01
3.724249719637632694e+01
3.724379744345997523e+01
3.724509940333603453e+01
3.724640304532545088e+01
3.724770833966758232e+01
3.724901525752403586e+01
3.725032377096298575e+01
3.725163385291914153e+01
3.725294547717027882e+01
3.725425861839267583e+01
3.725557325229056005e+01
3.725688935571682237e+01
3.725820690673035784e+01
3.725952588458428494e+01
3.726084626961871038e+01
3.726216804304532815e+01
3.726349118671839022e+01
3.726481568302159531e+01
3.726614151487773086e+01
3.726746866579920692e+01
3.726879711992300059e+01
3.727012686200858127e+01
3.727145787742123417e+01
3.727279015214460856e+01
3.727412367281564798e+01
3.727545842674784637e+01
3.727679440192723348e+01
3.727813158696739748e+01
3.727946997101587812e+01
3.728080954362541632e+01
3.728215029461259888e+01
3.728349221393008861e+01
3.728483529158078369e+01
3.728617951757187399e+01
3.728752488186695757e+01
3.728887137430701415e+01
3.729021898451966877e+01
3.729156770185277026e+01
3.729291751533920518e+01
3.729426841366846901e+01
3.729562038514853839e+01
3.729697341767355567e+01
3.729832749871782482e+01
3.729968261535027096e+01
3.730103875424985915e+01
3.730239590170643282e+01
3.730375404358736802e+01
3.730511316526148136e+01
3.730647325152479965e+01
3.730783428659650269e+01
3.730919625418208341e+01
3.731055913753257158e+01
3.731192291946190664e+01
3.731328758235843424e+01
3.731465310822956383e+01
3.731601947876001191e+01
3.731738667534669673e+01
3.731875467910441557e+01
3.732012347085688475e+01
3.732149303112778682e+01
3.732286334013376461e+01
3.732423437776866137e+01
3.732560612357116270e+01
3.732697855667594666e+01
3.732835165575011871e+01
3.732972539892099917e+01
3.733109976370671745e+01
3.733247472695857283e+01
3.733385026481409596e+01
3.733522635265396872e+01
3.733660296505995291e+01
3.733798007578157296e+01
3.733935765771740023e+01
3.734073568289635148e+01
3.734211412243661243e+01
3.734349294648888673e+01
3.734487212420603441e+01
3.734625162376623564e+01
3.734763141243026041e+01
3.734901145660457900e+01
3.735039172191230250e+01
3.735177217327962751e+01
3.735315277501261733e+01
3.735453349082912666e+01
3.735591428384499579e+01
3.735729511653579493e+01
3.735867595069187530e+01
3.736005674737722870e+01
3.736143746689810285e+01
3.736281806878916001e+01
3.736419851182206742e+01
3.736557875402764495e+01
3.736695875272202727e+01
3.736833846453172470e+01
3.736971784540710928e+01
3.737109685061051323e+01
3.737247543467606903e+01
3.737385355135593556e+01
3.737523115356945880e+01
3.737660819335815177e+01
3.737798462184849768e+01
3.737936038923224658e+01
3.738073544477109067e+01
3.738210973681986360e+01
3.738348321285361209e+01
3.738485581948980752e+01
3.738622750250274862e+01
3.738759820682341228e+01
3.738896787652168285e+01
3.739033645478282608e+01
3.739170388389459987e+01
3.739307010525001829e+01
3.739443505935884104e+01
3.739579868586591971e+01
3.739716092358705879e+01
3.739852171056532626e+01
3.739988098412931095e+01
3.740123868093974124e+01
3.740259473704286108e+01
3.740394908796671558e+01
3.740530166886807706e+01
3.740665241468714441e+01
3.740800126025455796e+01
3.740934814033798261e+01
3.741069298968190537e+01
3.741203574311073510e+01
3.741337633568352317e+01
3.741471470283119771e+01
3.741605078045282795e+01
3.741738450496713142e+01
3.741871581329576912e+01
3.742004464279015963e+01
3.742137093114954638e+01
3.742269461635948602e+01
3.742401563665277564e+01
3.742533393048594093e+01
3.742664943652552267e+01
3.742796209364500726e+01
3.742927184093644399e+01
3.743057861772786765e+01
3.743188236359783616e+01
3.743318301842986529e+01
3.743448052256917435e+01
3.743577481701844079e+01
3.743706584351463817e+01
3.743835354446370189e+01
3.743963786284309236e+01
3.744091874212377746e+01
3.744219612619131254e+01
3.744346995925709365e+01
3.744474018577652430e+01
3.744600675039151128e+01
3.744726959788170717e+01
3.744852867309631961e+01
3.744978392088198405e+01
3.745103528605549315e+01
3.745228271345053628e+01
3.745352614801899449e+01
3.745476553493909933e+01
3.745600081970017925e+01
3.745723194816206814e+01
3.745845886659512303e+01
3.745968152170454601e+01
3.746089986065187105e+01
3.746211383109205428e+01
3.746332338122412864e+01
3.746452845982831548e+01
3.746572901627286711e+01
3.746692500049761776e+01
3.746811636296825299e+01
3.746930305460333699e+01
3.747048502672572567e+01
3.747166223108014549e+01
3.747283461989081843e+01
3.747400214588202516e+01
3.747516476218273596e+01
3.747632242214948661e+01
3.747747507929734923e+01
3.747862268744520264e+01
3.747976520091263808e+01
3.748090257457957364e+01
3.748203476382212074e+01
3.748316172440266314e+01
3.748428341236584771e+01
3.748539978402122586e+01
3.748651079602331038e+01
3.748761640545072282e+01
3.748871656983462941e+01
3.748981124715800917e+01
3.749090039582469558e+01
3.749198397459244347e+01
3.749306194251371949e+01
3.749413425894670127e+01
3.749520088363151871e+01
3.749626177675384753e+01
3.749731689894225894e+01
3.749836621121398395e+01
3.749940967490994836e+01
3.750044725167364845e+01
3.750147890353331093e+01
3.750250459308632145e+01
3.750352428371191138e+01
3.750453793974393335e+01
3.750554552658519469e+01
3.750654701077307607e+01
3.750754236001206010e+01
3.750853154318485139e+01
3.750951453035274596e+01
3.751049129276092486e+01
3.751146180285444842e+01
3.751242603429135869e+01
3.751338396193724378e+01
3.751433556183260976e+01
3.751528081113289659e+01
3.751621968805246610e+01
3.751715217185629569e+01
3.751807824289554816e+01
3.751899788264798019e+01
3.751991107375452117e+01
3.752081780006166412e+01
3.752171804663269228e+01
3.752261179967809568e+01
3.752349904644700018e+01
3.752437977517903533e+01
3.752525397514092731e+01
3.752612163668649004e+01
3.752698275127671934e+01
3.752783731144723589e+01
3.752868531076703107e+01
3.752952674382252241e+01
3.753036160618989925e+01
3.753118989436273978e+01
3.753201160568738715e+01
3.753282673837625083e+01
3.753363529159420864e+01
3.753443726555961035e+01
3.753523266162095950e+01
3.753602148229266788e+01
3.753680373122068659e+01
3.753757941308582957e+01
3.753834853352074674e+01
3.753911109909307697e+01
3.753986711733548276e+01
3.754061659677169160e+01
3.754135954689195387e+01
3.754209597809050791e+01
3.754282590164687861e+01
3.754354932977052783e+01
3.754426627562991570e+01
3.754497675334161499e+01
3.754568077796140102e+01
3.754637836546854857e+01
3.754706953271115566e+01
3.754775429731931524e+01
3.754843267761542336e+01
3.754910469255854366e+01
3.754977036173264793e+01
3.755042970534262992e+01
3.755108274419963976e+01
3.755172949972396879e+01
3.755236999398683650e+01
3.755300424976984885e+01
3.755363229060390040e+01
3.755425414077694768e+01
3.755486982533109597e+01
3.755547937006161163e+01
3.755608280149359501e+01
3.755668014680210121e+01
3.755727143369040277e+01
3.755785669029166485e+01
3.755843594513782335e+01
3.755900922716745072e+01
3.755957656571411007e+01
3.756013799044995238e+01
3.756069353129328192e+01
3.756124321830829160e+01
3.756178708162531876e+01
3.756232515139712547e+01
3.756285745782336249e+01
3.756338403125300118e+01
3.756390490230232615e+01
3.756442010193110548e+01
3.756492966147486356e+01
3.756543361265284631e+01
3.756593198757504126e+01
3.756642481874720829e+01
3.756691213903799564e+01
3.756739398161287369e+01
3.756787037990611822e+01
3.756834136764536680e+01
3.756880697884310649e+01
3.756926724771508219e+01
3.756972220859383071e+01
3.757017189589974748e+01
3.757061634415885720e+01
3.757105558803038292e+01
3.757148966232843890e+01
3.757191860204180500e+01
3.757234244235762333e+01
3.757276121869091412e+01
3.757317496671020507e+01
3.757358372233980504e+01
3.757398752173482848e+01
3.757438640123960738e+01
3.757478039733255315e+01
3.757516954656608732e+01
3.757555388552706432e+01
3.757593345082741365e+01
3.757630827911714988e+01
3.757667840713059348e+01
3.757704387176559635e+01
3.757740471014535188e+01
3.757776095961587259e+01
3.757811265768695108e+01
3.757845984195274269e+01
3.757880255001715142e+01
3.757914081944655038e+01
3.757947468778289846e+01
3.757980419261232896e+01
3.758012937164260592e+01
3.758045026277272171e+01
3.758076690415376930e+01
3.758107933420400570e+01
3.758138759154604713e+01
3.758169171487973159e+01
3.758199174282284361e+01
3.758228771374508881e+01
3.758257966561561858e+01
3.758286763587887691e+01
3.758315166136842578e+01
3.758343177827239856e+01
3.758370802215936379e+01
3.758398042803633388e+01
3.758424903036975451e+01
3.758451386302957786e+01
3.758477495920310218e+01
3.758503235135364662e+01
3.758528607124450360e+01
3.758553614999505044e+01
3.758578261812123600e+01
3.758602550552937061e+01
3.758626484146019919e+01
3.758650065439988452e+01
3.758673297199295149e+01
3.758696182099223648e+01
3.758718722724293571e+01
3.758740921567152071e+01
3.758762781026495503e+01
3.758784303404597438e+01
3.758805490903769453e+01
3.758826345617949727e+01
3.758846869518642109e+01
3.758867064442221562e+01
3.758886932085810884e+01
3.758906474010656495e+01
3.758925691646384593e+01
3.758944586292628287e+01
3.758963159121336162e+01
3.758981411184823429e+01
3.758999343429383089e+01
3.759016956709383805e+01
3.759034251797076820e+01
3.759051229386857074e+01
3.759067890097085041e+01
3.759084234472693709e+01
3.759100262989152696e+01
3.759115976059167252e+01
3.759131374041319873e+01
3.759146457245405060e+01
3.759161225932309236e+01
3.759175680311450662e+01
3.759189820538812654e+01
3.759203646717111980e+01
3.759217158898799482e+01
3.759230357091295360e+01
3.759243241262427659e+01
3.759255811343523845e+01
3.759268067229005794e+01
3.759280008774127424e+01
3.759291635793882591e+01
3.759302948063087513e+01
3.759313945314119820e+01
3.759324627231446669e+01
3.759334993448683804e+01
3.759345043553742727e+01
3.759354777099238021e+01
3.759364193612017857e+01
3.759373292599578065e+01
3.759382073552481529e+01
3.759390535942395672e+01
3.759398679217989070e+01
3.759406502798487537e+01
3.759414006060709568e+01
3.759421188322975382e+01
3.759428048838378089e+01
3.759434586801591394e+01
3.759440801361422047e+01
3.759446691634244786e+01
3.759452256717531071e+01
3.759457495697439100e+01
3.759462407644908666e+01
3.759466991604742958e+01
3.759471246586443982e+01
3.759475171561964402e+01
3.759478765472228190e+01
3.759482027239592128e+01
3.759484955780894921e+01
3.759487550018264557e+01
3.759489808883299133e+01
3.759491731311417340e+01
3.759493316232598659e+01
3.759494562567970632e+01
3.759495469236042453e+01
3.759496035164293204e+01
3.759496259296769693e+01
3.759496140592721503e+01
3.759495678018320319e+01
3.759494870535164779e+01
3.759493717090347076e+01
3.759492216613140414e+01
3.759490368017145556e+01
3.759488170201461799e+01
3.759485622048546816e+01
3.759482722420808898e+01
3.759479470156620096e+01
3.759475864065839090e+01
3.759471902925334064e+01
3.759467585474021689e+01
3.759462910408293368e+01
3.759457876379099162e+01
3.759452481987673877e+01
3.759446725778915521e+01
3.759440606240811888e+01
3.759434121816917695e+01
3.759427270926528308e+01
3.759420051981638977e+01
3.759412463396596848e+01
3.759404503595032310e+01
3.759396171017660748e+01
3.759387464128533196e+01
3.759378381417088377e+01
3.759368921397296504e+01
3.759359082607375768e+01
3.759348863612051872e+01
3.759338263005295744e+01
3.759327279410928213e+01
3.759315911481954231e+01
3.759304157900677268e+01
3.759292017379492989e+01
3.759279488661299951e+01
3.759266570519132244e+01
3.759253261755100084e+01
3.759239561199149904e+01
3.759225467708398583e+01
3.759210980167159022e+01
3.759196097486765353e+01
3.759180818604622232e+01
3.759165142482763855e+01
3.759149068106322034e+01
3.759132594481407352e+01
3.759115720631140078e+01
3.759098445590804971e+01
3.759080768406611384e+01
3.759062688139811570e+01
3.759044203870527667e+01
3.759025314694955000e+01
3.759006019717011782e+01
3.758986318041745989e+01
3.758966208776439544e+01
3.758945691036088732e+01
3.758924763944413883e+01
3.758903426628043576e+01
3.758881678208465615e+01
3.758859517797964855e+01
3.758836944505214461e+01
3.758813957448067100e+01
3.758790555764308294e+01
3.758766738616266423e+01
3.758742505189782435e+01
3.758717854687814963e+01
3.758692786320348489e+01
3.758667299292936548e+01
3.758641392796221936e+01
3.758615065998376537e+01
3.758588318042513521e+01
3.758561148052570644e+01
3.758533555146407679e+01
3.758505538447536054e+01
3.758477097089058816e+01
3.758448230209037888e+01
3.758418936940118016e+01
3.758389216401483424e+01
3.758359067700755674e+01
3.758328489943294670e+01
3.758297482241888332e+01
3.758266043725568295e+01
3.758234173547547385e+01
3.758201870890821539e+01
3.758169134975134540e+01
3.758135965067842221e+01
3.758102360490295979e+01
3.758068320611462099e+01
3.758033844833463633e+01
3.757998932580136398e+01
3.757963583293576448e+01
3.757927796434878331e+01
3.757891571483116877e+01
3.757854907930629196e+01
3.757817805276059886e+01
3.757780263016914546e+01
3.757742280643874722e+01
3.757703857640753142e+01
3.757664993491962235e+01
3.757625687693478511e+01
3.757585939761870009e+01
3.757545749239419308e+01
3.757505115695550302e+01
3.757464038728060274e+01
3.757422517970000797e+01
3.757380553097243592e+01
3.757338143822892818e+01
3.757295289879138522e+01
3.757251991001150770e+01
3.757208246921106820e+01
3.757164057370109589e+01
3.757119422082348592e+01
3.757074340795847434e+01
3.757028813246594012e+01
3.756982839160232146e+01
3.756936418250282372e+01
3.756889550223959873e+01
3.756842234791795931e+01
3.756794471685240211e+01
3.756746260682454164e+01
3.756697601625822358e+01
3.756648494420467443e+01
3.756598939025266048e+01
3.756548935448543602e+01
3.756498483745424721e+01
3.756447584011283425e+01
3.756396236373156228e+01
3.756344440984462096e+01
3.756292198026447693e+01
3.756239507713818426e+01
3.756186370298035371e+01
3.756132786066424956e+01
3.756078755340894304e+01
3.756024278477823231e+01
3.755969355867173221e+01
3.755913987929648101e+01
3.755858175112887665e+01
3.755801917889405672e+01
3.755745216758727878e+01
3.755688072251371068e+01
3.755630484929616841e+01
3.755572455386527508e+01
3.755513984246913850e+01
3.755455072164890851e+01
3.755395719812865707e+01
3.755335927870036272e+01
3.755275697021122738e+01
3.755215027963762253e+01
3.755153921416594898e+01
3.755092378125591068e+01
3.755030398870963637e+01
3.754967984476225951e+01
3.754905135818811601e+01
3.754841853838642862e+01
3.754778139540666615e+01
3.754713993992906040e+01
3.754649418324028431e+01
3.754584413720227332e+01
3.754518981419288082e+01
3.754453122702502554e+01
3.754386838888053290e+01
3.754320131327901322e+01
3.754253001403404966e+01
3.754185450512277100e+01
3.754117480049303879e+01
3.754049091392911208e+01
3.753980285904390257e+01
3.753911064934925434e+01
3.753841429832028354e+01
3.753771381942669194e+01
3.753700922620105018e+01
3.753630053244737041e+01
3.753558775253053881e+01
3.753487090154887795e+01
3.753414999533132601e+01
3.753342505034411403e+01
3.753269608357398113e+01
3.753196311244165884e+01
3.753122615478353197e+01
3.753048522888489202e+01
3.752974035351326165e+01
3.752899154790979708e+01
3.752823883174758635e+01
3.752748222511041831e+01
3.752672174852708054e+01
3.752595742303194726e+01
3.752518927019343664e+01
3.752441731208696751e+01
3.752364157123281529e+01
3.752286207054670086e+01
3.752207883334487093e+01
3.752129188338232524e+01
3.752050124486669347e+01
3.751970694243709659e+01
3.751890900113318139e+01
3.751810744636231476e+01
3.751730230384623610e+01
3.751649359952688911e+01
3.751568135946340021e+01
3.751486560978173657e+01
3.751404637667012310e+01
3.751322368638128779e+01
3.751239756527854041e+01
3.751156804000267186e+01
3.751073513771771673e+01
3.750989888625935720e+01
3.750905931411087835e+01
3.750821645033921214e+01
3.750737032460794751e+01
3.750652096720685336e+01
3.750566840900164323e+01
3.750481268133975732e+01
3.750395381600010580e+01
3.750309184518076222e+01
3.750222680149933296e+01
3.750135871805954935e+01
3.750048762859775309e+01
3.749961356761187403e+01
3.749873657040663488e+01
3.749785667308317727e+01
3.749697391250639100e+01
3.749608832625558819e+01
3.749519995256744664e+01
3.749430883028089312e+01
3.749341499878784134e+01
3.749251849799852465e+01
3.749161936833122155e+01
3.749071765072532969e+01
3.748981338665737439e+01
3.748890661812780678e+01
3.748799738760980205e+01
3.748708573798445798e+01
3.748617171248666580e+01
3.748525535465588376e+01
3.748433670826450026e+01
3.748341581721114579e+01
3.748249272538476617e+01
3.748156747651801624e+01
3.748064011407468854e+01
3.747971068119371552e+01
3.747877922065553946e+01
3.747784577486115865e+01
3.747691038584331125e+01
3.747597309526696563e+01
3.747503394436160562e+01
3.747409297382820625e+01
3.747315022382610294e+01
3.747220573407768995e+01
3.747125954399457726e+01
3.747031169267518180e+01
3.746936221875424167e+01
3.746841116023282581e+01
3.746745855439704087e+01
3.746650443783411788e+01
3.746554884648940487e+01
3.746459181570100583e+01
3.746363338020027101e+01
3.746267357411914389e+01
3.746171243102866555e+01
3.746074998395508970e+01
3.745978626530246913e+01
3.745882130670803889e+01
3.745785513892390384e+01
3.745688779176790462e+01
3.745591929412412213e+01
3.745494967398339270e+01
3.745397895853729864e+01
3.745300717429467596e+01
3.745203434715614321e+01
3.745106050245558293e+01
3.745008566503276626e+01
3.744910985936247272e+01
3.744813310971380105e+01
3.744715544027056353e+01
3.744617687515127358e+01
3.744519743838051795e+01
3.744421715392453365e+01
3.744323604578334397e+01
3.744225413804099389e+01
3.744127145487000519e+01
3.744028802055726857e+01
3.743930385955130902e+01
3.743831899647361894e+01
3.743733345606851515e+01
3.743634726313751315e+01
3.743536044252619632e+01
3.743437301917548155e+01
3.743338501818156061e+01
3.743239646480136429e+01
3.743140738440248327e+01
3.743041780239551741e+01
3.742942774415088536e+01
3.742843723490197760e+01
3.742744629967364745e+01
3.742645496323601151e+01
3.742546325003002039e+01
3.742447118404629691e+01
3.742347878870096878e+01
3.742248608675249955e+01
3.742149310026719888e+01
3.742049985063243156e+01
3.741950635859909369e+01
3.741851264428902368e+01
3.741751872714294080e+01
3.741652462588597672e+01
3.741553035856819065e+01
3.741453594264012139e+01
3.741354139501085996e+01
3.741254673207978954e+01
3.741155196974593622e+01
3.741055712338805961e+01
3.740956220781754382e+01
3.740856723722440336e+01
3.740757222513108360e+01
3.740657718435799950e+01
3.740558212700558016e+01
3.740458706445291170e+01
3.740359200736610035e+01
3.740259696571639125e+01
3.740160194881483591e+01
3.740060696535181251e+01
3.739961202341224578e+01
3.739861713045766578e+01
3.739762229329559773e+01
3.739662751806749696e+01
3.739563281027950836e+01
3.739463817486539199e+01
3.739364361623872668e+01
3.739264913830711379e+01
3.739165474445426440e+01
3.739066043750062107e+01
3.738966621964353720e+01
3.738867209238577516e+01
3.738767805647665199e+01
3.738668411188244534e+01
3.738569025777135835e+01
3.738469649247709015e+01
3.738370281342731261e+01
3.738270921706828176e+01
3.738171569882935330e+01
3.738072225314305541e+01
3.737972887348071538e+01
3.737873555234525469e+01
3.737774228123767273e+01
3.737674905065760811e+01
3.737575585013215118e+01
3.737476266823398419e+01
3.737376949261505388e+01
3.737277631013574108e+01
3.737178310712062057e+01
3.737078986965615002e+01
3.736979658378803038e+01
3.736880323555975991e+01
3.736780981097619048e+01
3.736681629599825527e+01
3.736582267658931755e+01
3.736482893879759359e+01
3.736383506884730110e+01
3.736284105316455850e+01
3.736184687828444595e+01
3.736085253068502965e+01
3.735985799663400542e+01
3.735886326208601105e+01
3.735786831265013319e+01
3.735687313366738493e+01
3.735587771039832461e+01
3.735488202825936810e+01
3.735388607303475794e+01
3.735288983102032034e+01
3.735189328912243667e+01
3.735089643494531941e+01
3.734989925682955914e+01
3.734890174382058348e+01
3.734790388563025942e+01
3.734690567264333794e+01
3.734590709595404689e+01
3.734490814741443643e+01
3.734390881967973996e+01
3.734290910620799053e+01
3.734190900117977208e+01
3.734090849934486300e+01
3.733990759584264651e+01
3.733890628608189388e+01
3.733790456576179650e+01
3.733690243102355311e+01
3.733589987860483461e+01
3.733489690590179322e+01
3.733389351099005893e+01
3.733288969267017166e+01
3.733188545051002194e+01
3.733088078485131689e+01
3.732987569679944784e+01
3.732887018822894021e+01
3.732786426180353345e+01
3.732685792099140798e+01
3.732585117009595166e+01
3.732484401433525534e+01
3.732383645991382792e+01
3.732282851397741297e+01
3.732182018445380578e+01
3.732081147990445658e+01
3.731980240946755600e+01
3.731879298286060020e+01
3.731778321038292745e+01
3.731677310289587979e+01
3.731576267179220707e+01
3.731475192898401616e+01
3.731374088691603674e+01
3.731272955856135098e+01
3.731171795736257479e+01
3.731070609715356312e+01
3.730969399213076088e+01
3.730868165689280858e+01
3.730766910649762025e+01
3.730665635647761036e+01
3.730564342280618462e+01
3.730463032184869832e+01
3.730361707033283380e+01
3.730260368535602566e+01
3.730159018442214602e+01
3.730057658549272048e+01
3.729956290702455846e+01
3.729854916793333786e+01
3.729753538744520824e+01
3.729652158487038349e+01
3.729550777939240902e+01
3.729449398997230247e+01
3.729348023536473988e+01
3.729246653414499946e+01
3.729145290472122554e+01
3.729043936541781790e+01
3.728942593465824729e+01
3.728841263116922278e+01
3.728739947414005940e+01
3.728638648331291705e+01
3.728537367898729826e+01
3.728436108196123655e+01
3.728334871347345825e+01
3.728233659519519705e+01
3.728132474927562612e+01
3.728031319843599078e+01
3.727930196610945757e+01
3.727829107657133534e+01
3.727728055498833015e+01
3.727627042738801322e+01
3.727526072059218620e+01
3.727425146215220764e+01
3.727324268031552634e+01
3.727223440401556331e+01
3.727122666284110863e+01
3.727021948697072418e+01
3.726921290709730528e+01
3.726820695435371533e+01
3.726720166022958125e+01
3.726619705647839709e+01
3.726519317502263107e+01
3.726419004785887523e+01
3.726318770696197902e+01
3.726218618420187312e+01
3.726118551129448520e+01
3.726018571978772087e+01
3.725918684106203926e+01
3.725818890633005509e+01
3.725719194663518152e+01
3.725619599285123940e+01
3.725520107568011241e+01
3.725420722564746256e+01
3.725321447309744372e+01
3.725222284818062946e+01
3.725123238083315158e+01
3.725024310075583855e+01
3.724925503739821409e+01
3.724826821994253123e+01
3.724728267728094266e+01
3.724629843798685158e+01
3.724531553029208197e+01
3.724433398207478518e+01
3.724335382084634460e+01
3.724237507373150180e+01
3.724139776745622754e+01
3.724042192835995735e+01
3.723944758242831909e+01
3.723847475532480900e+01
3.723750347240596881e+01
3.723653375872289217e+01
3.723556563901885852e+01
3.723459913772597218e+01
3.723363427895984046e+01
3.723267108651327817e+01
3.723170958385200180e+01
3.723074979412096752e+01
3.722979174017121551e+01
3.722883544459641314e+01
3.722788092974800378e+01
3.722692821770844773e+01
3.722597733023329880e+01
3.722502828869711777e+01
3.722408111407261799e+01
3.722313582693988110e+01
3.722219244750442613e+01
3.722125099561620232e+01
3.722031149080125800e+01
3.721937395230997936e+01
3.721843839916430596e+01
3.721750485018552723e+01
3.721657332399669116e+01
3.721564383900556550e+01
3.721471641338269620e+01
3.721379106504826950e+01
3.721286781167256663e+01
3.721194667068616013e+01
3.721102765929013145e+01
3.721011079445361958e+01
3.720919609289381924e+01
3.720828357105888529e+01
3.720737324513717681e+01
3.720646513107814712e+01
3.720555924459862496e+01
3.720465560117646220e+01
3.720375421604413191e+01
3.720285510418721486e+01
3.720195828034677987e+01
3.720106375901690399e+01
3.720017155442753420e+01
3.719928168051571760e+01
3.719839415089870727e+01
3.719750897885980123e+01
3.719662617734871901e+01
3.719574575898982260e+01
3.719486773608250729e+01
3.719399212058699078e+01
3.719311892412082443e+01
3.719224815800211559e+01
3.719137983333855857e+01
3.719051396112429586e+01
3.718965055230454197e+01
3.718878961778473524e+01
3.718793116838612178e+01
3.718707521477013955e+01
3.718622176735498641e+01
3.718537083624783435e+01
3.718452243121395639e+01
3.718367656168200597e+01
3.718283323676476471e+01
3.718199246527706947e+01
3.718115425574295330e+01
3.718031861639693858e+01
3.717948555518636766e+01
3.717865507977069939e+01
3.717782719751309628e+01
3.717700191546709476e+01
3.717617924036329669e+01
3.717535917860675454e+01
3.717454173630455472e+01
3.717372691932358464e+01
3.717291473334734775e+01
3.717210518391229357e+01
3.717129827643633178e+01
3.717049401625034477e+01
3.716969240862570700e+01
3.716889345879405937e+01
3.716809717196121454e+01
3.716730355330841462e+01
3.716651260796920297e+01
3.716572434098294053e+01
3.716493875724538754e+01
3.716415586147778072e+01
3.716337565821734046e+01
3.716259815181850712e+01
3.716182334645315422e+01
3.716105124610696464e+01
3.716028185457573585e+01
3.715951517546173477e+01
3.715875121217097643e+01
3.715798996792224784e+01
3.715723144578041115e+01
3.715647564871314046e+01
3.715572257964758762e+01
3.715497224150082900e+01
3.715422463718394397e+01
3.715347976959441212e+01
3.715273764159876180e+01
3.715199825599966488e+01
3.715126161549225969e+01
3.715052772262343694e+01
3.714979657975887761e+01
3.714906818905497943e+01
3.714834255243662398e+01
3.714761967158077027e+01
3.714689954790199522e+01
3.714618218253804116e+01
3.714546757633730323e+01
3.714475572985215734e+01
3.714404664333616779e+01
3.714334031673742231e+01
3.714263674968694318e+01
3.714193594148910194e+01
3.714123789111783225e+01
3.714054259721577012e+01
3.713985005808851980e+01
3.713916027167848455e+01
3.713847323549774870e+01
3.713778894652295293e+01
3.713710740109704034e+01
3.713642859488647474e+01
3.713575252288522677e+01
3.713507917940803083e+01
3.713440855805539798e+01
3.713374065170298621e+01
3.713307545256302689e+01
3.713241295231007655e+01
3.713175314223786216e+01
3.713109601342596733e+01
3.713044155690545267e+01
3.712978976381281626e+01
3.712914062552543726e+01
3.712849413377949759e+01
3.712785028076743288e+01
3.712720905921197811e+01
3.712657046243634085e+01
3.712593448444994237e+01
3.712530112002541927e+01
3.712467036472490634e+01
3.712404221487182809e+01
3.712341666749536984e+01
3.712279372027397528e+01
3.712217337148568674e+01
3.712155561994577369e+01
3.712094046492007493e+01
3.712032790604604315e+01
3.711971794329281948e+01
3.711911057694268834e+01
3.711850580756280493e+01
3.711790363596524145e+01
3.711730406316798536e+01
3.711670709035690408e+01
3.711611271883896279e+01
3.711552094998177864e+01
3.711493178514539437e+01
3.711434522562084481e+01
3.711376127258528612e+01
3.711317992706982238e+01
3.711260118993605062e+01
3.711202506186526051e+01
3.711145154335933682e+01
3.711088063474460341e+01
3.711031233617367064e+01
3.710974664762536435e+01
3.710918356889975911e+01
3.710862309960542404e+01
3.710806523914373400e+01
3.710750998669708878e+01
3.710695734122491274e+01
3.710640730147327560e+01
3.710585986599721053e+01
3.710531503318296842e+01
3.710477280126056598e+01
3.710423316830367924e+01
3.710369613221491392e+01
3.710316169069348291e+01
3.710262984117957785e+01
3.710210058076753370e+01
3.710157390608097927e+01
3.710104981312949235e+01
3.710052829722275902e+01
3.710000935301421521e+01
3.709949297465578155e+01
3.709897915598961049e+01
3.709846789071544748e+01
3.709795917249662267e+01
3.709745299500275451e+01
3.709694935191541276e+01
3.709644823691720461e+01
3.709594964367016701e+01
3.709545356579123165e+01
3.709495999683736756e+01
3.709446893029375047e+01
3.709398035953067563e+01
3.709349427770592911e+01
3.709301067763307458e+01
3.709252955166630272e+01
3.709205089163882718e+01
3.709157468884708209e+01
3.709110093404854069e+01
3.709062961746246856e+01
3.709016072878723236e+01
3.708969425723118718e+01
3.708923019154170220e+01
3.708876852004873825e+01
3.708830923073567476e+01
3.708785231130241300e+01
3.708739774919238386e+01
3.708694553159225649e+01
3.708649564542099597e+01
3.708604807732275788e+01
3.708560281367730482e+01
3.708515984062510995e+01
3.708471914407872561e+01
3.708428070970499846e+01
3.708384452290526667e+01
3.708341056881118902e+01
3.708297883226983771e+01
3.708254929782295051e+01
3.708212194973874887e+01
3.708169677210615589e+01
3.708127374892992378e+01
3.708085286418392457e+01
3.708043410182542488e+01
3.708001744579282644e+01
3.707960288002871607e+01
3.707919038856137917e+01
3.707877995564765428e+01
3.707837156597231143e+01
3.707796520484055947e+01
3.707756085824106407e+01
3.707715851275203534e+01
3.707675815538606656e+01
3.707635977345434952e+01
3.707596335447087199e+01
3.707556888609654067e+01
3.707517635611544193e+01
3.707478575242667773e+01
3.707439706303430427e+01
3.707401027602841026e+01
3.707362537956529991e+01
3.707324236185736055e+01
3.707286121118146127e+01
3.707248191591170894e+01
3.707210446456579689e+01
3.707172884583777517e+01
3.707135504859762420e+01
3.707098306186657766e+01
3.707061287478937572e+01
3.707024447660860034e+01
3.706987785663795165e+01
3.706951300423848750e+01
3.706914990879580074e+01
3.706878855969040387e+01
3.706842894626419849e+01
3.706807105779765266e+01
3.706771488350938171e+01
3.706736041257327230e+01
3.706700763413657995e+01
3.706665653733801946e+01
3.706630711134238965e+01
3.706595934538692205e+01
3.706561322881200482e+01
3.706526875106563068e+01
3.706492590169710866e+01
3.706458467036930671e+01
3.706424504690104982e+01
3.706390702132029702e+01
3.706357058391817816e+01
3.706323572530315857e+01
3.706290243643270799e+01
3.706257070860701219e+01
3.706224053343439806e+01
3.706191190279001546e+01
3.706158480878901429e+01
3.706125924377834480e+01
3.706093520033530098e+01
3.706061267126411707e+01
3.706029164959357303e+01
3.705997212858329704e+01
3.705965410172920116e+01
3.705933756274640700e+01
3.705902250553466359e+01
3.705870892415646978e+01
3.705839681284825105e+01
3.705808616605984440e+01
3.705777697849683960e+01
3.705746924514834717e+01
3.705716296131571141e+01
3.705685812265784307e+01
3.705655472522868621e+01
3.705625276546990676e+01
3.705595224015973344e+01
3.705565314635595797e+01
3.705535548136231228e+01
3.705505924271724183e+01
3.705476442819144012e+01
3.705447103578539014e+01
3.705417906372594672e+01
3.705388851045898235e+01
3.705359937463327924e+01
3.705331165509028324e+01
3.705302535088695493e+01
3.705274046134977795e+01
3.705245698613074268e+01
3.705217492524580081e+01
3.705189427909181177e+01
3.705161504844704012e+01
3.705133723446472516e+01
3.705106083866090216e+01
3.705078586288459519e+01
3.705051230927055173e+01
3.705024018020651511e+01
3.704996947834926857e+01
3.704970020667179398e+01
3.704943236847247334e+01
3.704916596729564304e+01
3.704890100680242426e+01
3.704863749069128431e+01
3.704837542270331596e+01
3.704811480665089363e+01
3.704785564642099871e+01
3.704759794596785838e+01
3.704734170931916282e+01
3.704708694059596752e+01
3.704683364403548040e+01
3.704658182399830935e+01
3.704633148492109740e+01
3.704608263120002931e+01
3.704583526707141772e+01
3.704558939657115246e+01
3.704534502357211778e+01
3.704510215184499344e+01
3.704486078511119729e+01
3.704462092708225640e+01
3.704438258147867202e+01
3.704414575202542181e+01
3.704391044242898090e+01
3.704367665635331974e+01
3.704344439743390183e+01
3.704321366934234305e+01
3.704298447585301801e+01
3.704275682086583288e+01
3.704253070839486384e+01
3.704230614255509835e+01
3.704208312755498866e+01
3.704186166768121069e+01
3.704164176727564950e+01
3.704142343072501831e+01
3.704120666247288796e+01
3.704099146702685630e+01
3.704077784893450342e+01
3.704056581276720550e+01
3.704035536315844013e+01
3.704014650486451643e+01
3.703993924280969452e+01
3.703973358213524136e+01
3.703952952827573597e+01
3.703932708706845034e+01
3.703912626487255011e+01
3.703892706865217122e+01
3.703872950602159619e+01
3.703853358527376116e+01
3.703833931538837732e+01
3.703814670601957459e+01
3.703795576746600204e+01
3.703776651061561154e+01
3.703757894686704333e+01
3.703739308803739050e+01
3.703720894626410143e+01
3.703702653391076183e+01
3.703684586349534413e+01
3.703666694766317136e+01
3.703648979919794471e+01
3.703631443102785425e+01
3.703614085619469876e+01
3.703596908779566377e+01
3.703579913892814091e+01
3.703563102264998008e+01
3.703546475194963250e+01
3.703530033972590729e+01
3.703513779878241508e+01
3.703497714183265543e+01
3.703481838150810290e+01
3.703466153036426789e+01
3.703450660088388702e+01
3.703435360548887445e+01
3.703420255657754723e+01
3.703405346657846309e+01
3.703390634798277148e+01
3.703376121332986770e+01
3.703361807516863280e+01
3.703347694602844342e+01
3.703333783839701709e+01
3.703320076469623245e+01
3.703306573727361695e+01
3.703293276841617399e+01
3.703280187036423854e+01
3.703267305530583542e+01
3.703254633535937757e+01
3.703242172256895515e+01
3.703229922891626558e+01
3.703217886632172906e+01
3.703206064662038699e+01
3.703194458153767954e+01
3.703183068268869960e+01
3.703171896158322340e+01
3.703160942961029889e+01
3.703150209800823234e+01
3.703139697784624218e+01
3.703129408003536582e+01
3.703119341536461917e+01
3.703109499454211573e+01
3.703099882822150590e+01
3.703090492700894742e+01
3.703081330146228112e+01
3.703072396209702077e+01
3.703063691939430413e+01
3.703055218379319058e+01
3.703046976566554349e+01
3.703038967529370495e+01
3.703031192287551931e+01
3.703023651855951215e+01
3.703016347249175766e+01
3.703009279485890204e+01
3.703002449592426615e+01
3.702995858605914492e+01
3.702989507576826611e+01
3.702983397570447721e+01
3.702977529667175816e+01
3.702971904962632266e+01
3.702966524568740425e+01
3.702961389615487775e+01
3.702956501251812682e+01
3.702951860644635218e+01
3.702947468976628187e+01
3.702943327444174315e+01
3.702939437256598154e+01
3.702935799636851755e+01
3.702932415823079282e+01
3.702929287069986231e+01
3.702926414649433440e+01
3.702923799850533726e+01
3.702921443979657568e+01
3.702919348360051544e+01
3.702917514329887183e+01
3.702915943238082974e+01
3.702914636438845974e+01
3.702913595286614168e+01
3.702912821133228505e+01
3.702912315328521231e+01
3.702912079223143849e+01
3.702912114171777347e+01
3.702912421536256460e+01
3.702913002688778477e+01
3.702913859015121290e+01
3.702914991917075582e+01
3.702916402813418273e+01
3.702918093139131628e+01
3.702920064341503803e+01
3.702922317871456670e+01
3.702924855171756491e+01
3.702927677667660333e+01
3.702930786765254112e+01
3.702934183858170769e+01
3.702937870337812143e+01
3.702941847602500758e+01
3.702946117067217102e+01
3.702950680175086262e+01
3.702955538405844038e+01
3.702960693278171789e+01
3.702966146347930732e+01
3.702971899204067796e+01
3.702977953461882521e+01
3.702984310755127950e+01
3.702990972728890995e+01
3.702997941030329088e+01
3.703005217293755180e+01
3.703012803124651953e+01
3.703020700092060480e+01
3.703028909731688145e+01
3.703037433552714930e+01
3.703046273043136694e+01
3.703055429675110588e+01
3.703064904910882404e+01
3.703074700206671821e+01
3.703084817013625951e+01
3.703095256777321254e+01
3.703106020937941878e+01
3.703117110932797118e+01
3.703128528199417957e+01
3.703140274176323032e+01
3.703152350302414675e+01
3.703164758017544500e+01
3.703177498764640063e+01
3.703190573992115731e+01
3.703203985155612799e+01
3.703217733719922933e+01
3.703231821160333226e+01
3.703246248959485598e+01
3.703261018600731092e+01
3.703276131565283436e+01
3.703291589336970446e+01
3.703307393411558479e+01
3.703323545306473363e+01
3.703340046568858668e+01
3.703356898781003537e+01
3.703374103562756403e+01
3.703391662572956022e+01
3.703409577512719153e+01
3.703427850129018140e+01
3.703446482213968238e+01
3.703465475598858347e+01
3.703484832146621386e+01
3.703504553745862893e+01
3.703524642306251735e+01
3.703545099754107639e+01
3.703565928026816323e+01
3.703587129064420935e+01
3.703608704799456319e+01
3.703630657148542582e+01
3.703652988006601987e+01
3.703675699241076558e+01
3.703698792684299690e+01
3.703722270125954452e+01
3.703746133309046940e+01
3.703770383929480658e+01
3.703795023636698858e+01
3.703820054034330411e+01
3.703845476681125604e+01
3.703871293091694383e+01
3.703897504735981272e+01
3.703924113037861332e+01
3.703951119375100376e+01
3.703978525081064532e+01
3.704006331445458500e+01
3.704034539712529295e+01
3.704063151077711069e+01
3.704092166683782494e+01
3.704121587617024858e+01
3.704151414904249862e+01
3.704181649512075580e+01
3.704212292348145041e+01
3.704243344261762161e+01
3.704274806042478474e+01
3.704306678417999876e+01
3.704338962053650164e+01
3.704371657554174391e+01
3.704404765466607330e+01
3.704438286282660187e+01
3.704472220440422348e+01
3.704506568325670912e+01
3.704541330271916877e+01
3.704576506557820892e+01
3.704612097403335014e+01
3.704648102968775447e+01
3.704684523358271520e+01
3.704721358623316263e+01
3.704758608760857186e+01
3.704796273705054688e+01
3.704834353317290407e+01
3.704872847379094480e+01
3.704911755588481981e+01
3.704951077559405803e+01
3.704990812825593594e+01
3.705030960848665700e+01
3.705071521030058790e+01
3.705112492725572793e+01
3.705153875257286700e+01
3.705195667918469127e+01
3.705237869972241072e+01
3.705280480646059971e+01
3.705323499125027098e+01
3.705366924548608409e+01
3.705410756011344375e+01
3.705454992563272754e+01
3.705499633208788168e+01
3.705544676909297408e+01
3.705590122592894176e+01
3.705635969164224264e+01
3.705682215506069355e+01
3.705728860473139719e+01
3.705775902884016659e+01
3.705823341515813496e+01
3.705871175103913373e+01
3.705919402346471259e+01
3.705968021910475585e+01
3.706017032436448488e+01
3.706066432540119848e+01
3.706116220809237660e+01
3.706166395796767432e+01
3.706216956015652642e+01
3.706267899937274990e+01
3.706319225990889521e+01
3.706370932563153531e+01
3.706423018000678837e+01
3.706475480615598883e+01
3.706528318689873203e+01
3.706581530476957909e+01
3.706635114203574233e+01
3.706689068072644488e+01
3.706743390265451410e+01
3.706798078942037478e+01
3.706853132241514004e+01
3.706908548282458327e+01
3.706964325159715656e+01
3.707020460934958095e+01
3.707076953624326876e+01
3.707133801190546762e+01
3.707191001544403264e+01
3.707248552551273235e+01
3.707306452034738697e+01
3.707364697777958895e+01
3.707423287527767286e+01
3.707482219000914370e+01
3.707541489890110853e+01
3.707601097868614204e+01
3.707661040589061940e+01
3.707721315672178974e+01
3.707781920692266198e+01
3.707842853175742448e+01
3.707904110617027982e+01
3.707965690498609490e+01
3.708027590304195087e+01
3.708089807525630732e+01
3.708152339668065167e+01
3.708215184254721919e+01
3.708278338831380694e+01
3.708341800972417701e+01
3.708405568288009135e+01
3.708469638429590987e+01
3.708534009095402695e+01
3.708598678039742680e+01
3.708663643083875172e+01
3.708728902125279348e+01
3.708794453144075476e+01
3.708860294204774988e+01
3.708926423451889320e+01
3.708992839099893501e+01
3.709059539419096296e+01
3.709126522720339381e+01
3.709193787341356341e+01
3.709261331634779424e+01
3.709329153957128256e+01
3.709397252660229327e+01
3.709465626086044665e+01
3.709534272563252699e+01
3.709603190403733919e+01
3.709672377898956341e+01
3.709741833317139026e+01
3.709811554900907993e+01
3.709881540864066807e+01
3.709951789387494614e+01
3.710022298615533742e+01
3.710093066653148952e+01
3.710164091563188293e+01
3.710235371363742729e+01
3.710306904025984664e+01
3.710378687472697834e+01
3.710450719577871581e+01
3.710522998167466113e+01
3.710595521021054566e+01
3.710668285874240979e+01
3.710741290421373151e+01
3.710814532318156012e+01
3.710888009184851200e+01
3.710961718610352023e+01
3.711035658155670092e+01
3.711109825355284642e+01
3.711184217716733258e+01
3.711258832720010048e+01
3.711333667817741855e+01
3.711408720436434550e+01
3.711483987979378441e+01
3.711559467830134906e+01
3.711635157351735614e+01
3.711711053878285327e+01
3.711787154702668090e+01
3.711863457068442074e+01
3.711939958172447263e+01
3.712016655176573465e+01
3.712093545219519797e+01
3.712170625422329095e+01
3.712247892888268552e+01
3.712325344699003438e+01
3.712402977907760970e+01
3.712480789530437875e+01
3.712558776538275396e+01
3.712636935855882570e+01
3.712715264363359324e+01
3.712793758900166097e+01
3.712872416273282994e+01
3.712951233269458129e+01
3.713030206664142696e+01
3.713109333224875996e+01
3.713188609717397526e+01
3.713268032921107675e+01
3.713347599649694786e+01
3.713427306766789115e+01
3.713507151190906797e+01
3.713587129891038074e+01
3.713667239876098591e+01
3.713747478181949901e+01
3.713827841860264556e+01
3.713908327969247125e+01
3.713988933563179273e+01
3.714069655682168758e+01
3.714150491346173766e+01
3.714231437553129211e+01
3.714312491277549810e+01
3.714393649467094605e+01
3.714474909035815386e+01
3.714556266854777533e+01
3.714637719746185951e+01
3.714719264488321926e+01
3.714800897830320991e+01
3.714882616508899105e+01
3.714964417258548224e+01
3.715046296811022586e+01
3.715128251890534017e+01
3.715210279215571632e+01
3.715292375508514766e+01
3.715374537506417596e+01
3.715456761967501365e+01
3.715539045669959961e+01
3.715621385403451171e+01
3.715703777958837151e+01
3.715786220120849492e+01
3.715868708664063291e+01
3.715951240352963225e+01
3.716033811948245358e+01
3.716116420217307592e+01
3.716199061943564175e+01
3.716281733932653708e+01
3.716364433016888569e+01
3.716447156057851231e+01
3.716529899945390270e+01
3.716612661594178491e+01
3.716695437942804858e+01
3.716778225956469583e+01
3.716861022627928435e+01
3.716943824972687338e+01
3.717026630018548161e+01
3.717109434792814682e+01
3.717192236314178189e+01
3.717275031594341073e+01
3.717357817647042850e+01
3.717440591497672386e+01
3.717523350189082976e+01
3.717606090785456985e+01
3.717688810378992059e+01
3.717771506100881851e+01
3.717854175132970340e+01
3.717936814716195926e+01
3.718019422154457487e+01
3.718101994812633393e+01
3.718184530109829211e+01
3.718267025513696922e+01
3.718349478541182407e+01
3.718431886765898753e+01
3.718514247826958297e+01
3.718596559433518678e+01
3.718678819365047161e+01
3.718761025471093973e+01
3.718843175672720491e+01
3.718925267965686032e+01
3.719007300424213724e+01
3.719089271203399250e+01
3.719171178539662748e+01
3.719253020750134908e+01
3.719334796230876350e+01
3.719416503453043532e+01
3.719498140957214360e+01
3.719579707346827036e+01
3.719661201281724772e+01
3.719742621472475008e+01
3.719823966675274107e+01
3.719905235686949396e+01
3.719986427340450064e+01
3.720067540501214154e+01
3.720148574063630065e+01
3.720229526946628340e+01
3.720310398088192727e+01
3.720391186439686493e+01
3.720471890961532324e+01
3.720552510620461817e+01
3.720633044386757149e+01
3.720713491229644632e+01
3.720793850109473055e+01
3.720874119967750460e+01
3.720954299718447800e+01
3.721034388242318158e+01
3.721114384383562879e+01
3.721194286948044549e+01
3.721274094702484803e+01
3.721353806373755191e+01
3.721433420647678503e+01
3.721512936167639651e+01
3.721592351533877974e+01
3.721671665304141641e+01
3.721750875996193031e+01
3.721829982092752687e+01
3.721908982048192627e+01
3.721987874293674992e+01
3.722066657237124332e+01
3.722145329258918878e+01
3.722223888707770101e+01
3.722302333897388138e+01
3.722380663100513942e+01
3.722458874541395346e+01
3.722536966391375302e+01
3.722614936767800486e+01
3.722692783734090938e+01
3.722770505301958366e+01
3.722848099435862679e+01
3.722925564056491510e+01
3.723002897042009351e+01
3.723080096228224534e+01
3.723157159407301009e+01
3.723234084325009974e+01
3.723310868679048014e+01
3.723387510119502508e+01
3.723464006249609781e+01
3.723540354625925630e+01
3.723616552758501541e+01
3.723692598108816298e+01
3.723768488082253469e+01
3.723844220019506679e+01
3.723919791197827323e+01
3.723995198846395738e+01
3.724070440167338347e+01
3.724145512352073695e+01
3.724220412590645424e+01
3.724295138075888900e+01
3.724369686004681057e+01
3.724444053577724389e+01
3.724518237997386194e+01
3.724592236464855688e+01
3.724666046179635259e+01
3.724739664341085899e+01
3.724813088149574725e+01
3.724886314807530852e+01
3.724959341522740885e+01
3.725032165513493965e+01
3.725104784014119730e+01
3.725177194283247673e+01
3.725249393616069682e+01
3.725321379356010709e+01
3.725393148900269580e+01
3.725464699696487259e+01
3.725536029232022628e+01
3.725607135022536909e+01
3.725678014605845334e+01
3.725748665539954629e+01
3.725819085400714670e+01
3.725889271776248535e+01
3.725959222259150749e+01
3.726028934440827101e+01
3.726098405911672984e+01
3.726167634266326445e+01
3.726236617109207572e+01
3.726305352057820386e+01
3.726373836747419688e+01
3.726442068839765653e+01
3.726510046031689427e+01
3.726577766056252017e+01
3.726645226674357048e+01
3.726712425665102302e+01
3.726779360827033827e+01
3.726846029991585851e+01
3.726912431039240658e+01
3.726978561910920718e+01
3.727044420612951114e+01
3.727110005216368904e+01
3.727175313851368799e+01
3.727240344697264618e+01
3.727305095967968640e+01
3.727369565893871339e+01
3.727433752705960046e+01
3.727497654631431345e+01
3.727561269903623753e+01
3.727624596779065058e+01
3.727687633554028679e+01
3.727750378578947021e+01
3.727812830269226652e+01
3.727874987110020299e+01
3.727936847654275709e+01
3.727998410511635541e+01
3.728059674329050921e+01
3.728120637773251644e+01
3.728181299521880021e+01
3.728241658260964186e+01
3.728301712688523395e+01
3.728361461525675224e+01
3.728420903529500663e+01
3.728480037501226008e+01
3.728538862291494382e+01
3.728597376806988706e+01
3.728655580017551330e+01
3.728713470960282450e+01
3.728771048738861538e+01
3.728828312517811128e+01
3.728885261514124494e+01
3.728941894991721995e+01
3.728998212259902090e+01
3.729054212672277657e+01
3.729109895628150184e+01
3.729165260579436136e+01
3.729220307037887494e+01
3.729275034578800785e+01
3.729329442845121889e+01
3.729383531553204989e+01
3.729437300495651897e+01
3.729490749538009453e+01
3.729543878611188745e+01
3.729596687704270863e+01
3.729649176860816340e+01
3.729701346177032661e+01
3.729753195797795229e+01
3.729804725910526031e+01
3.729855936740923283e+01
3.729906828552397968e+01
3.729957401645796011e+01
3.730007656354350587e+01
3.730057593035520824e+01
3.730107212067306222e+01
3.730156513851484590e+01
3.730205498820347998e+01
3.730254167445398394e+01
3.730302520248565656e+01
3.730350557812268875e+01
3.730398280781185605e+01
3.730445689856920666e+01
3.730492785793838806e+01
3.730539569397238608e+01
3.730586041518115081e+01
3.730632203042663519e+01
3.730678054879837191e+01
3.730723597948516357e+01
3.730768833163696030e+01
3.730813761425122976e+01
3.730858383613614393e+01
3.730902700594303667e+01
3.730946713222024869e+01
3.730990422346989988e+01
3.731033828821152554e+01
3.731076933505634941e+01
3.731119737279335880e+01
3.731162241047528028e+01
3.731204445750074683e+01
3.731246352369738162e+01
3.731287961937083963e+01
3.731329275525835243e+01
3.731370294238782037e+01
3.731411019193009082e+01
3.731451451512718620e+01
3.731491592330142737e+01
3.731531442790544162e+01
3.731571004057121854e+01
3.731610277312413615e+01
3.731649263756181512e+01
3.731687964603020191e+01
3.731726381081318067e+01
3.731764514433392321e+01
3.731802365917671693e+01
3.731839936812822600e+01
3.731877228421002712e+01
3.731914242068095433e+01
3.731950979101023336e+01
3.731987440882621598e+01
3.732023628784083513e+01
3.732059544174379795e+01
3.732095188406178465e+01
3.732130562799909512e+01
3.732165668629194499e+01
3.732200507109004661e+01
3.732235079385574039e+01
3.732269386526994737e+01
3.732303429514686854e+01
3.732337209237402220e+01
3.732370726489420321e+01
3.732403981972148443e+01
3.732436976295924325e+01
3.732469709979082495e+01
3.732502183444012189e+01
3.732534397011453109e+01
3.732566350892066964e+01
3.732598045173433121e+01
3.732629479806264072e+01
3.732660654597243877e+01
3.732691569209661253e+01
3.732722223166966558e+01
3.732752615858859002e+01
3.732782746554877917e+01
3.732812614425685638e+01
3.732842218566499071e+01
3.732871558018180025e+01
3.732900631783261503e+01
3.732929438835644476e+01
3.732957978125614318e+01
3.732986248583016220e+01
3.733014249120908090e+01
3.733041978641263370e+01
3.733069436042236333e+01
3.733096620224252860e+01
3.733123530091722841e+01
3.733150164549196148e+01
3.733176522495188721e+01
3.733202602819992677e+01
3.733228404411288892e+01
3.733253926163843772e+01
3.733279166983952990e+01
3.733304125783264737e+01
3.733328801469776437e+01
3.733353192950524857e+01
3.733377299149277917e+01
3.733401119029774406e+01
3.733424651613805878e+01
3.733447895987513476e+01
3.733470851297354898e+01
3.733493516741594220e+01
3.733515891560426070e+01
3.733537975031170930e+01
3.733559766476517439e+01
3.733581265280852080e+01
3.733602470901040959e+01
3.733623382866881713e+01
3.733644000776099148e+01
3.733664324286819891e+01
3.733684353105550002e+01
3.733704086971369662e+01
3.733723525642844976e+01
3.733742668892544714e+01
3.733761516507201605e+01
3.733780068289244980e+01
3.733798324056963480e+01
3.733816283643211165e+01
3.733833946898006673e+01
3.733851313702244568e+01
3.733868383991140405e+01
3.733885157775342378e+01
3.733901635146847298e+01
3.733917816267478429e+01
3.733933701350354539e+01
3.733949290648660480e+01
3.733964584456792579e+01
3.733979583115981882e+01
3.733994287018753511e+01
3.734008696616597689e+01
3.734022812429201110e+01
3.734036635046761177e+01
3.734050165128310539e+01
3.734063403404127968e+01
3.734076350678351019e+01
3.734089007823594386e+01
3.734101375768658215e+01
3.734113455483502975e+01
3.734125247961409855e+01
3.734136754201035302e+01
3.734147975196749059e+01
3.734158911942611070e+01
3.734169565445697714e+01
3.734179936737290006e+01
3.734190026873827151e+01
3.734199836930756788e+01
3.734209367997257090e+01
3.734218621173884145e+01
3.734227597569536528e+01
3.734236298296281120e+01
3.734244724465341392e+01
3.734252877185431174e+01
3.734260757560109312e+01
3.734268366684455032e+01
3.734275705642718890e+01
3.734282775504414076e+01
3.734289577319727016e+01
3.734296112117461064e+01
3.734302380902197882e+01
3.734308384647668788e+01
3.734314124290992964e+01
3.734319600732571587e+01
3.734324814840757512e+01
3.734329767460026517e+01
3.734334459424508879e+01
3.734338891574349617e+01
3.734343064765049292e+01
3.734346979869601313e+01
3.734350637787740368e+01
3.734354039464246711e+01
3.734357185900925913e+01
3.734360078157283880e+01
3.734362717346135696e+01
3.734365104622889930e+01
3.734367241165377038e+01
3.734369128151151784e+01
3.734370766740441638e+01
3.734372158064553560e+01
3.734373303220123574e+01
3.734374203274860804e+01
3.734374859284009318e+01
3.734375272308366078e+01
3.734375443427430952e+01
3.734375373747103311e+01
3.734375064402307487e+01
3.734374516554272105e+01
3.734373731386529016e+01
3.734372710108524984e+01
3.734371453967697363e+01
3.734369964259218477e+01
3.734368242325024312e+01
3.734366289543489614e+01
3.734364107317158243e+01
3.734361697066510999e+01
3.734359060231040672e+01
3.734356198271398597e+01
3.734353112666477870e+01
3.734349804904260139e+01
3.734346276469936043e+01
3.734342528836754838e+01
3.734338563462424077e+01
3.734334381790577595e+01
3.734329985256821516e+01
3.734325375296825911e+01
3.734320553351784611e+01
3.734315520872906546e+01
3.734310279331842253e+01
3.734304830235893036e+01
3.734299175138046678e+01
3.734293315637088284e+01
3.734287253371370241e+01
3.734280990009765588e+01
3.734274527240375363e+01
3.734267866757392085e+01
3.734261010248246748e+01
3.734253959384075472e+01
3.734246715813981865e+01
3.734239281160472501e+01
3.734231657013911843e+01
3.734223844926302149e+01
3.734215846405353290e+01
3.734207662909039271e+01
3.734199295840739552e+01
3.734190746545551320e+01
3.734182016308646013e+01
3.734173106356647764e+01
3.734164017862025986e+01
3.734154751948278061e+01
3.734145309692668491e+01
3.734135692124780093e+01
3.734125900221367544e+01
3.734115934899750755e+01
3.734105797011786620e+01
3.734095487338726116e+01
3.734085006587133648e+01
3.734074355386764665e+01
3.734063534289800401e+01
3.734052543769891486e+01
3.734041384221783488e+01
3.734030055964453965e+01
3.734018559248531943e+01
3.734006894264884124e+01
3.733995061150678652e+01
3.733983059991540188e+01
3.733970890820404520e+01
3.733958553614123588e+01
3.733946048287837272e+01
3.733933374687200768e+01
3.733920532582263974e+01
3.733907521667493512e+01
3.733894341566564634e+01
3.733880991836960561e+01
3.733867471972039453e+01
3.733853781401345628e+01
3.733839919490339554e+01
3.733825885539931733e+01
3.733811678784165622e+01
3.733797298383033336e+01
3.733782743412658078e+01
3.733768012859959384e+01
3.733753105621894264e+01
3.733738020501975541e+01
3.733722756202016768e+01
3.733707311314164912e+01
3.733691684317710724e+01
3.733675873581743332e+01
3.733659877370337909e+01
3.733643693843065847e+01
3.733627321047617187e+01
3.733610756909598649e+01
3.733593999225153937e+01
3.733577045659334459e+01
3.733559893754210890e+01
3.733542540944582555e+01
3.733524984567843319e+01
3.733507221858943836e+01
3.733489249937167642e+01
3.733471065796032207e+01
3.733452666299417899e+01
3.733434048182181186e+01
3.733415208057100187e+01
3.733396142429709386e+01
3.733376847717519809e+01
3.733357320272745028e+01
3.733337556410189251e+01
3.733317552435040199e+01
3.733297304662092841e+01
3.733276809424251041e+01
3.733256063075775444e+01
3.733235061999914706e+01
3.733213802626274003e+01
3.733192281450138239e+01
3.733170495039708925e+01
3.733148440026695170e+01
3.733126113088614062e+01
3.733103510935286806e+01
3.733080630304490199e+01
3.733057467962380827e+01
3.733034020705380840e+01
3.733010285365574532e+01
3.732986258819508407e+01
3.732961937996218893e+01
3.732937319885936489e+01
3.732912401555809367e+01
3.732887180165720054e+01
3.732861652968421140e+01
3.732835817297110736e+01
3.732809670557185910e+01
3.732783210225313297e+01
3.732756433847229260e+01
3.732729339031738647e+01
3.732701923447836379e+01
3.732674184830303687e+01
3.732646120989194571e+01
3.732617729816119834e+01
3.732589009286233761e+01
3.732559957455846700e+01
3.732530572451945261e+01
3.732500852455487461e+01
3.732470795688588794e+01
3.732440400409988968e+01
3.732409664913932801e+01
3.732378587528459235e+01
3.732347166612727563e+01
3.732315400553554952e+01
3.732283287759815948e+01
3.732250826652654752e+01
3.732218015655893595e+01
3.732184853196176277e+01
3.732151337714419981e+01
3.732117467680964751e+01
3.732083241606534330e+01
3.732048658045699341e+01
3.732013715596832526e+01
3.731978412903526987e+01
3.731942748654358155e+01
3.731906721576315533e+01
3.731870330424434457e+01
3.731833573973573692e+01
3.731796451016229810e+01
3.731758960364545885e+01
3.731721100849000550e+01
3.731682871310678706e+01
3.731644270593631774e+01
3.731605297544840738e+01
3.731565951021680405e+01
3.731526229900552494e+01
3.731486133082300682e+01
3.731445659495687295e+01
3.731404808100472792e+01
3.731363577888939886e+01
3.731321967886054125e+01
3.731279977150309435e+01
3.731237604774083394e+01
3.731194849880781561e+01
3.731151711621201628e+01
3.731108189173599499e+01
3.731064281746681388e+01
3.731019988582491465e+01
3.730975308958723957e+01
3.730930242190642332e+01
3.730884787633391397e+01
3.730838944686642122e+01
3.730792712800803201e+01
3.730746091481375970e+01
3.730699080290293779e+01
3.730651678844824914e+01
3.730603886814724035e+01
3.730555703919969091e+01
3.730507129931321231e+01
3.730458164673323296e+01
3.730408808027591050e+01
3.730359059935321397e+01
3.730308920401073891e+01
3.730258389499666549e+01
3.730207467384825293e+01
3.730156154298029492e+01
3.730104450576678232e+01
3.730052356659330570e+01
3.729999873084911854e+01
3.729947000483927155e+01
3.729893739563934929e+01
3.729840091094432353e+01
3.729786055894274455e+01
3.729731634823088626e+01
3.729676828777169817e+01
3.729621638687423513e+01
3.729566065516721807e+01
3.729510110255800015e+01
3.729453773917016690e+01
3.729397057528589698e+01
3.729339962135565401e+01
3.729282488809355556e+01
3.729224638658929081e+01
3.729166412833822619e+01
3.729107812519949050e+01
3.729048838938515331e+01
3.728989493348356632e+01
3.728929777049339833e+01
3.728869691397456876e+01
3.728809237830828494e+01
3.728748417882656696e+01
3.728687233168655268e+01
3.728625685364252718e+01
3.728563776189592005e+01
3.728501507403873916e+01
3.728438880802049482e+01
3.728375898211503880e+01
3.728312561490499633e+01
3.728248872527495195e+01
3.728184833237347817e+01
3.728120445550406004e+01
3.728055711395268190e+01
3.727990632682227101e+01
3.727925211293143093e+01
3.727859449079107179e+01
3.727793347868049523e+01
3.727726909483734374e+01
3.727660135768560679e+01
3.727593028597890878e+01
3.727525589883948953e+01
3.727457821575344354e+01
3.727389725655616814e+01
3.727321304143927705e+01
3.727252559102274887e+01
3.727183492649045604e+01
3.727114106972366869e+01
3.727044404335865835e+01
3.726974387074199768e+01
3.726904057581473495e+01
3.726833418299369072e+01
3.726762471711506919e+01
3.726691220346187805e+01
3.726619666785364160e+01
3.726547813675957599e+01
3.726475663740097133e+01
3.726403219784684495e+01
3.726330484711827751e+01
3.726257461523924519e+01
3.726184153313449343e+01
3.726110563240271745e+01
3.726036694512778524e+01
3.725962550383701455e+01
3.725888134155586329e+01
3.725813449185007897e+01
3.725738498881897698e+01
3.725663286707619193e+01
3.725587816176253853e+01
3.725512090860269865e+01
3.725436114395022713e+01
3.725359890474393154e+01
3.725283422839508063e+01
3.725206715270579139e+01
3.725129771586342287e+01
3.725052595647096609e+01
3.724975191356870852e+01
3.724897562664423845e+01
3.724819713565013757e+01
3.724741648102961022e+01
3.724663370372449123e+01
3.724584884515891048e+01
3.724506194722691532e+01
3.724427305230047835e+01
3.724348220324438330e+01
3.724268944342522047e+01
3.724189481671751878e+01
3.724109836752347746e+01
3.724030014081024120e+01
3.723950018211798607e+01
3.723869853748416148e+01
3.723789525331716277e+01
3.723709037631284957e+01
3.723628395342165476e+01
3.723547603178654697e+01
3.723466665866152425e+01
3.723385588141572811e+01
3.723304374762534508e+01
3.723223030514400733e+01
3.723141560210117262e+01
3.723059968685755194e+01
3.722978260793922090e+01
3.722896441394435385e+01
3.722814515342376041e+01
3.722732487475450824e+01
3.722650362602433205e+01
3.722568145493743685e+01
3.722485840875928886e+01
3.722403453431303433e+01
3.722320987801387560e+01
3.722238448590934468e+01
3.722155840369810420e+01
3.722073167671860006e+01
3.721990434991425900e+01
3.721907646778807077e+01
3.721824807436973970e+01
3.721741921322480096e+01
3.721658992749778605e+01
3.721576025994469461e+01
3.721493025293619894e+01
3.721409994844924540e+01
3.721326938805955109e+01
3.721243861293704924e+01
3.721160766384916485e+01
3.721077658117668108e+01
3.720994540494038461e+01
3.720911417483157635e+01
3.720828293023967603e+01
3.720745171027202503e+01
3.720662055376394051e+01
3.720578949928292900e+01
3.720495858512998666e+01
3.720412784932823769e+01
3.720329732959014990e+01
3.720246706327398556e+01
3.720163708734614971e+01
3.720080743835421799e+01
3.719997815240780881e+01
3.719914926516232612e+01
3.719832081180076244e+01
3.719749282701258153e+01
3.719666534497262944e+01
3.719583839932681002e+01
3.719501202319341360e+01
3.719418624917897631e+01
3.719336110939809004e+01
3.719253663548930433e+01
3.719171285862323373e+01
3.719088980950287038e+01
3.719006751836680991e+01
3.718924601501391436e+01
3.718842532885522445e+01
3.718760548897081719e+01
3.718678652414025976e+01
3.718596846283806201e+01
3.718515133321352550e+01
3.718433516308324016e+01
3.718351997994503222e+01
3.718270581099675809e+01
3.718189268315123286e+01
3.718108062306961870e+01
3.718026965722602739e+01
3.717945981197111394e+01
3.717865111356160668e+01
3.717784358816059154e+01
3.717703726182900681e+01
3.717623216051622137e+01
3.717542831004568882e+01
3.717462573609674337e+01
3.717382446419020425e+01
3.717302451967898236e+01
3.717222592773858025e+01
3.717142871335957466e+01
3.717063290134788645e+01
3.716983851632894442e+01
3.716904558273821380e+01
3.716825412477275847e+01
3.716746416629312222e+01
3.716667573072322739e+01
3.716588884103022394e+01
3.716510351978118365e+01
3.716431978918821954e+01
3.716353767110870621e+01
3.716275718704162045e+01
3.716197835813266437e+01
3.716120120515212477e+01
3.716042574844053092e+01
3.715965200788652112e+01
3.715888000297866967e+01
3.715810975288756879e+01
3.715734127652447683e+01
3.715657459256398454e+01
3.715580971943349908e+01
3.715504667528424676e+01
3.715428547796715719e+01
3.715352614502525341e+01
3.715276869369876778e+01
3.715201314092629303e+01
3.715125950332260629e+01
3.715050779713501328e+01
3.714975803820268396e+01
3.714901024193438417e+01
3.714826442329704292e+01
3.714752059680225926e+01
3.714677877649871363e+01
3.714603897599474891e+01
3.714530120850825767e+01
3.714456548690775151e+01
3.714383182372812087e+01
3.714310023116400572e+01
3.714237072104364756e+01
3.714164330481543175e+01
3.714091799358308776e+01
3.714019479818480107e+01
3.713947372929267488e+01
3.713875479750060293e+01
3.713803801336432997e+01
3.713732338739184513e+01
3.713661093002309599e+01
3.713590065163792531e+01
3.713519256258343404e+01
3.713448667316541218e+01
3.713378299358606682e+01
3.713308153390424593e+01
3.713238230407937124e+01
3.713168531404465256e+01
3.713099057374223122e+01
3.713029809313988494e+01
3.712960788225839082e+01
3.712891995120571664e+01
3.712823431022975029e+01
3.712755096979240221e+01
3.712686994063402324e+01
3.712619123381242048e+01
3.712551486072636209e+01
3.712484083312440220e+01
3.712416916309424408e+01
3.712349986304334237e+01
3.712283294568633352e+01
3.712216842402850148e+01
3.712150631131717660e+01
3.712084662099989174e+01
3.712018936680041747e+01
3.711953456291170284e+01
3.711888222415664984e+01
3.711823236602710807e+01
3.711758500461866817e+01
3.711694015648749456e+01
3.711629783846238695e+01
3.711565806746651219e+01
3.711502086038693449e+01
3.711438623399180869e+01
3.711375420487780730e+01
3.711312478943215609e+01
3.711249800379270880e+01
3.711187386378949782e+01
3.711125238486972933e+01
3.711063358203156071e+01
3.711001746978899263e+01
3.710940406217092402e+01
3.710879337274351997e+01
3.710818541464039555e+01
3.710758020060252704e+01
3.710697774305033647e+01
3.710637805418298285e+01
3.710578114605722533e+01
3.710518703060496648e+01
3.710459571959225400e+01
3.710400722456856926e+01
3.710342155687365562e+01
3.710283872772115643e+01
3.710225874829700388e+01
3.710168162980119178e+01
3.710110738343313841e+01
3.710053602035940656e+01
3.709996755168153015e+01
3.709940198840376979e+01
3.709883934141159756e+01
3.709827962148037273e+01
3.709772283930542613e+01
3.709716900550879615e+01
3.709661813059722135e+01
3.709607022489580430e+01
3.709552529848942015e+01
3.709498336117881223e+01
3.709444442244533491e+01
3.709390849142167212e+01
3.709337557687119613e+01
3.709284568718200603e+01
3.709231883039210231e+01
3.709179501427593095e+01
3.709127424648646354e+01
3.709075653468748612e+01
3.709024188662556298e+01
3.708973031015811017e+01
3.708922181328339462e+01
3.708871640418713156e+01
3.708821409127542523e+01
3.708771488316482845e+01
3.708721878863930499e+01
3.708672581660130874e+01
3.708623597602679922e+01
3.708574927592898263e+01
3.708526572535127741e+01
3.708478533339243199e+01
3.708430810923552201e+01
3.708383406217013345e+01
3.708336320161941302e+01
3.708289553716026177e+01
3.708243107850853448e+01
3.708196983547198755e+01
3.708151181791011197e+01
3.708105703572120149e+01
3.708060549883238366e+01
3.708015721717886493e+01
3.707971220069490670e+01
3.707927045932621013e+01
3.707883200304912918e+01
3.707839684188692786e+01
3.707796498591924461e+01
3.707753644527496562e+01
3.707711123010660259e+01
3.707668935057731829e+01
3.707627081689569337e+01
3.707585563937872308e+01
3.707544382849824416e+01
3.707503539489523092e+01
3.707463034934536239e+01
3.707422870265835257e+01
3.707383046555875694e+01
3.707343564862428309e+01
3.707304426228833449e+01
3.707265631686792062e+01
3.707227182260709952e+01
3.707189078973702578e+01
3.707151322849895081e+01
3.707113914905616525e+01
3.707076856133388532e+01
3.707040147495159488e+01
3.707003789933278171e+01
3.706967784388179865e+01
3.706932131810129505e+01
3.706896833165322391e+01
3.706861889440320112e+01
3.706827301643955508e+01
3.706793070807098189e+01
3.706759197986017540e+01
3.706725684271497556e+01
3.706692530795899643e+01
3.706659738730783715e+01
3.706627309279456028e+01
3.706595243674198059e+01
3.706563543179724007e+01
3.706532209096057073e+01
3.706501242756726811e+01
3.706470645526092511e+01
3.706440418800460179e+01
3.706410564011348896e+01
3.706381082626216283e+01
3.706351976145194271e+01
3.706323246094510893e+01
3.706294894016794217e+01
3.706266921460694164e+01
3.706239329974597752e+01
3.706212121105792789e+01
3.706185296402166074e+01
3.706158857413127805e+01
3.706132805686626597e+01
3.706107142759650230e+01
3.706081870143750479e+01
3.706056989311539951e+01
3.706032501688065395e+01
3.706008408646073349e+01
3.705984711503123918e+01
3.705961411519195536e+01
3.705938509893994137e+01
3.705916007764648867e+01
3.705893906204580901e+01
3.705872206222954190e+01
3.705850908763928686e+01
3.705830014705430386e+01
3.705809524857624382e+01
3.705789439962267551e+01
3.705769760695367410e+01
3.705750487675593519e+01
3.705731621476288495e+01
3.705713162634459223e+01
3.705695111653729157e+01
3.705677469003685331e+01
3.705660235118055823e+01
3.705643410393081183e+01
3.705626995188124795e+01
3.705610989829207824e+01
3.705595394612149818e+01
3.705580209801620839e+01
3.705565435627170956e+01
3.705551072279943980e+01
3.705537119911431176e+01
3.705523578634082327e+01
3.705510448524536571e+01
3.705497729628226011e+01
3.705485421960855774e+01
3.705473525506182852e+01
3.705462040215745390e+01
3.705450966013749081e+01
3.705440302803320662e+01
3.705430050469448133e+01
3.705420208878508959e+01
3.705410777877798978e+01
3.705401757297592980e+01
3.705393146954181560e+01
3.705384946650855937e+01
3.705377156176658815e+01
3.705369775304055935e+01
3.705362803783983594e+01
3.705356241335822176e+01
3.705350087636112022e+01
3.705344342315347461e+01
3.705339004966654670e+01
3.705334075158173590e+01
3.705329552437545715e+01
3.705325436327441935e+01
3.705321726321088249e+01
3.705318421883831093e+01
3.705315522458597144e+01
3.705313027470672438e+01
3.705310936330044314e+01
3.705309248431797187e+01
3.705307963154552908e+01
3.705307079856775943e+01
3.705306597873850194e+01
3.705306516521881122e+01
3.705306835110454244e+01
3.705307552958907991e+01
3.705308669408698563e+01
3.705310183828567006e+01
3.705312095612487866e+01
3.705314404172461451e+01
3.705317108930228187e+01
3.705320209310934132e+01
3.705323704738745505e+01
3.705327594634308497e+01
3.705331878414354918e+01
3.705336555492085893e+01
3.705341625277458917e+01
3.705347087177956666e+01
3.705352940599166089e+01
3.705359184943891648e+01
3.705365819610102562e+01
3.705372843988874365e+01
3.705380257463312432e+01
3.705388059407755463e+01
3.705396249184551749e+01
3.705404826137522178e+01
3.705413789585030315e+01
3.705423138815780959e+01
3.705432873088413714e+01
3.705442991634511429e+01
3.705453493662967190e+01
3.705464378362695754e+01
3.705475644902519861e+01
3.705487292430179735e+01
3.705499320073289482e+01
3.705511726942727080e+01
3.705524512136319970e+01
3.705537674740867971e+01
3.705551213832320911e+01
3.705565128474977854e+01
3.705579417721562407e+01
3.705594080617099451e+01
3.705609116207562437e+01
3.705624523548807758e+01
3.705640301709772189e+01
3.705656449769131910e+01
3.705672966809144953e+01
3.705689851910167931e+01
3.705707104148002173e+01
3.705724722595425646e+01
3.705742706326743985e+01
3.705761054421170542e+01
3.705779765962996919e+01
3.705798840040978348e+01
3.705818275748888624e+01
3.705838072186269727e+01
3.705858228458010473e+01
3.705878743672760578e+01
3.705899616940946828e+01
3.705920847372602367e+01
3.705942434074700742e+01
3.705964376148590134e+01
3.705986672688990069e+01
3.706009322784633753e+01
3.706032325518916792e+01
3.706055679970059913e+01
3.706079385211749866e+01
3.706103440314567621e+01
3.706127844348093703e+01
3.706152596383596887e+01
3.706177695495946267e+01
3.706203140763181381e+01
3.706228931264624293e+01
3.706255066079474148e+01
3.706281544285988616e+01
3.706308364960565882e+01
3.706335527177900957e+01
3.706363030015030802e+01
3.706390872560061922e+01
3.706419053921963069e+01
3.706447573237539928e+01
3.706476429675284123e+01
3.706505622436790759e+01
3.706535150755447461e+01
3.706565013893465732e+01
3.706595211139400448e+01
3.706625741806252705e+01
3.706656605228986479e+01
3.706687800762144747e+01
3.706719327779020290e+01
3.706751185671900828e+01
3.706783373852310604e+01
3.706815891751156755e+01
3.706848738818776923e+01
3.706881914525082067e+01
3.706915418359893977e+01
3.706949249832605631e+01
3.706983408470176045e+01
3.707017893813964093e+01
3.707052705417433458e+01
3.707087842845901093e+01
3.707123305677266245e+01
3.707159093501955738e+01
3.707195205921015457e+01
3.707231642542840433e+01
3.707268402980099609e+01
3.707305486847730691e+01
3.707342893762104552e+01
3.707380623340966252e+01
3.707418675202987401e+01
3.707457048965758162e+01
3.707495744242223168e+01
3.707534760636917071e+01
3.707574097743572139e+01
3.707613755144466694e+01
3.707653732411533554e+01
3.707694029109809009e+01
3.707734644802724944e+01
3.707775579056528414e+01
3.707816831440996452e+01
3.707858401526549841e+01
3.707900288880578898e+01
3.707942493065046108e+01
3.707985013634959870e+01
3.708027850138110182e+01
3.708071002118316528e+01
3.708114469119941248e+01
3.708158250687331048e+01
3.708202346359492196e+01
3.708246755666124272e+01
3.708291478126968599e+01
3.708336513252417888e+01
3.708381860544130859e+01
3.708427519495450753e+01
3.708473489591817440e+01
3.708519770311381336e+01
3.708566361125905786e+01
3.708613261502640768e+01
3.708660470907856421e+01
3.708707988810859746e+01
3.708755814685676455e+01
3.708803948008637263e+01
3.708852388253045973e+01
3.708901134883643635e+01
3.708950187352741068e+01
3.708999545098968298e+01
3.709049207548956417e+01
3.709099174119788245e+01
3.709149444219412572e+01
3.709200017245977676e+01
3.709250892588925552e+01
3.709302069631053911e+01
3.709353547748145274e+01
3.709405326305574846e+01
3.709457404655114487e+01
3.709509782134266942e+01
3.709562458067254909e+01
3.709615431766499682e+01
3.709668702534973761e+01
3.709722269668649375e+01
3.709776132456320852e+01
3.709830290177374934e+01
3.709884742102392607e+01
3.709939487498418487e+01
3.709994525635113405e+01
3.710049855787978856e+01
3.710105477238368366e+01
3.710161389271648602e+01
3.710217591174485818e+01
3.710274082232024995e+01
3.710330861725954321e+01
3.710387928933641177e+01
3.710445283128330374e+01
3.710502923581494628e+01
3.710560849565858632e+01
3.710619060354046184e+01
3.710677555212254219e+01
3.710736333394998354e+01
3.710795394144342652e+01
3.710854736691072731e+01
3.710914360255284805e+01
3.710974264046195970e+01
3.711034447261175018e+01
3.711094909083507787e+01
3.711155648677333119e+01
3.711216665178294249e+01
3.711277957684288964e+01
3.711339525255473148e+01
3.711401366925947798e+01
3.711463481720422664e+01
3.711525868669505712e+01
3.711588526820519718e+01
3.711651455241106135e+01
3.711714653014939103e+01
3.711778119232760531e+01
3.711841852984102275e+01
3.711905853351827744e+01
3.711970119405797419e+01
3.712034650193227492e+01
3.712099444728843167e+01
3.712164501989325061e+01
3.712229820916521561e+01
3.712295400430496528e+01
3.712361239445111494e+01
3.712427336877662754e+01
3.712493691651897620e+01
3.712560302698494752e+01
3.712627168955058465e+01
3.712694289364749523e+01
3.712761662872964763e+01
3.712829288421778529e+01
3.712897164942530992e+01
3.712965291352021779e+01
3.713033666558640533e+01
3.713102289476381657e+01
3.713171159039252700e+01
3.713240274211397463e+01
3.713309633991858050e+01
3.713379237414367395e+01
3.713449083545394558e+01
3.713519171484813342e+01
3.713589500368424723e+01
3.713660069367650607e+01
3.713730877684943010e+01
3.713801924546859823e+01
3.713873209196352576e+01
3.713944730885641832e+01
3.714016488871238408e+01
3.714088482410517855e+01
3.714160710757712280e+01
3.714233173159220058e+01
3.714305868850182435e+01
3.714378797053004888e+01
3.714451956976564873e+01
3.714525347814925738e+01
3.714598968745763585e+01
3.714672818929862075e+01
3.714746897512460322e+01
3.714821203625475476e+01
3.714895736389237157e+01
3.714970494913247023e+01
3.715045478296457304e+01
3.715120685628512831e+01
3.715196115993239800e+01
3.715271768473107983e+01
3.715347642151839125e+01
3.715423736114873776e+01
3.715500049450034936e+01
3.715576581249646182e+01
3.715653330612752114e+01
3.715730296645095621e+01
3.715807478455786850e+01
3.715884875151530764e+01
3.715962485829200546e+01
3.716040309565781996e+01
3.716118345406564316e+01
3.716196592356153161e+01
3.716275049375621364e+01
3.716353715385408663e+01
3.716432589271722264e+01
3.716511669893627356e+01
3.716590956088570152e+01
3.716670446674887529e+01
3.716750140450512419e+01
3.716830036189342934e+01
3.716910132638295039e+01
3.716990428516592004e+01
3.717070922516519005e+01
3.717151613303973789e+01
3.717232499519614208e+01
3.717313579784281785e+01
3.717394852709395536e+01
3.717476316907836775e+01
3.717557971001706107e+01
3.717639813627267387e+01
3.717721843438422269e+01
3.717804059109115400e+01
3.717886459333888638e+01
3.717969042825609449e+01
3.718051808311545869e+01
3.718134754530993291e+01
3.718217880235832240e+01
3.718301184192050357e+01
3.718384665180199988e+01
3.718468321994780013e+01
3.718552153443035735e+01
3.718636158342684439e+01
3.718720335517986797e+01
3.718804683794255794e+01
3.718889201992564608e+01
3.718973888928641713e+01
3.719058743417315327e+01
3.719143764277740871e+01
3.719228950334243677e+01
3.719314300412481344e+01
3.719399813334348437e+01
3.719485487915304134e+01
3.719571322965217774e+01
3.719657317291156318e+01
3.719743469700075167e+01
3.719829779000242809e+01
3.719916244001105810e+01
3.720002863511696489e+01
3.720089636337959860e+01
3.720176561279605210e+01
3.720263637126848977e+01
3.720350862657165436e+01
3.720438236632224260e+01
3.720525757795714838e+01
3.720613424872521335e+01
3.720701236568398684e+01
3.720789191568466947e+01
3.720877288533763760e+01
3.720965526096433962e+01
3.721053902854329465e+01
3.721142417365222599e+01
3.721231068143161025e+01
3.721319853661643862e+01
3.721408772361566264e+01
3.721497822655174303e+01
3.721587002922709075e+01
3.721676311505742518e+01
3.721765746701780841e+01
3.721855306762564197e+01
3.721944989894998912e+01
3.722034794261602997e+01
3.722124717979197328e+01
3.722214759116816651e+01
3.722304915694109440e+01
3.722395185680516505e+01
3.722485566994932782e+01
3.722576057506346814e+01
3.722666655035845196e+01
3.722757357358710095e+01
3.722848162205837497e+01
3.722939067266030833e+01
3.723030070190436902e+01
3.723121168598247976e+01
3.723212360081724626e+01
3.723303642207905284e+01
3.723395012514175306e+01
3.723486468497510060e+01
3.723578007603127560e+01
3.723669627220548506e+01
3.723761324688422292e+01
3.723853097304999693e+01
3.723944942343187137e+01
3.724036857065988215e+01
3.724128838734934988e+01
3.724220884611210636e+01
3.724312991954822394e+01
3.724405158023387941e+01
3.724497380067704455e+01
3.724589655322547799e+01
3.724681980995909214e+01
3.724774354260961928e+01
3.724866772251242253e+01
3.724959232058167657e+01
3.725051730730793054e+01
3.725144265277423727e+01
3.725236832668878861e+01
3.725329429842339835e+01
3.725422053703155711e+01
3.725514701123140782e+01
3.725607368936628916e+01
3.725700053937020328e+01
3.725792752875659630e+01
3.725885462462961328e+01
3.725978179371477239e+01
3.726070900242277872e+01
3.726163621695430805e+01
3.726256340341342366e+01
3.726349052788998506e+01
3.726441755651659093e+01
3.726534445551880026e+01
3.726627119124775334e+01
3.726719773019921433e+01
3.726812403904520465e+01
3.726905008466570735e+01
3.726997583414527782e+01
3.727090125474236260e+01
3.727182631386546063e+01
3.727275097906484547e+01
3.727367521800875494e+01
3.727459899840691548e+01
3.727552228791266486e+01
3.727644505408353126e+01
3.727736726442169157e+01
3.727828888645919392e+01
3.727920988786468826e+01
3.728013023655787350e+01
3.728104990079576453e+01
3.728196884919168497e+01
3.728288705068268172e+01
3.728380447449494284e+01
3.728472109011124047e+01
3.728563686721491877e+01
3.728655177561832801e+01
3.728746578520103583e+01
3.728837886588011230e+01
3.728929098763212124e+01
3.729020212055984729e+01
3.729111223497271510e+01
3.729202130145065297e+01
3.729292929088063602e+01
3.729383617447378185e+01
3.729474192376590480e+01
3.729564651060537273e+01
3.729654990714097096e+01
3.729745208580880700e+01
3.729835301931241531e+01
3.729925268059698595e+01
3.730015104280411720e+01
3.730104807919735777e+01
3.730194376310529236e+01
3.730283806794351165e+01
3.730373096728531834e+01
3.730462243490217844e+01
3.730551244477116057e+01
3.730640097109589703e+01
3.730728798835684046e+01
3.730817347138001594e+01
3.730905739540480681e+01
3.730993973613028203e+01
3.731082046973625665e+01
3.731169957288092576e+01
3.731257702267512855e+01
3.731345279665373482e+01
3.731432687276643634e+01
3.731519922937739864e+01
3.731606984526290205e+01
3.731693869963044818e+01
3.731780577217487860e+01
3.731867104313057837e+01
3.731953449325848027e+01
3.732039610376086358e+01
3.732125585617001207e+01
3.732211373225526785e+01
3.732296971395643226e+01
3.732382378330937200e+01
3.732467592234436182e+01
3.732552611298147127e+01
3.732637433694161189e+01
3.732722057567988827e+01
3.732806481035024149e+01
3.732890702178751496e+01
3.732974719048671375e+01
3.733058529657924396e+01
3.733142131981701795e+01
3.733225523958670067e+01
3.733308703497274905e+01
3.733391668484374293e+01
3.733474416791635520e+01
3.733556946278523014e+01
3.733639254794412210e+01
3.733721340182549397e+01
3.733803200285088053e+01
3.733884832946662158e+01
3.733966236017471374e+01
3.734047407359682325e+01
3.734128344860744164e+01
3.734209046453619152e+01
3.734289510136629531e+01
3.734369733985599993e+01
3.734449716159288357e+01
3.734529454901987577e+01
3.734608948544764218e+01
3.734688195505626851e+01
3.734767194288426850e+01
3.734845943479132302e+01
3.734924441737618395e+01
3.735002687787026332e+01
3.735080680407698139e+01
3.735158418439390005e+01
3.735235900787584740e+01
3.735313126428528108e+01
3.735390094411645379e+01
3.735466803860002472e+01
3.735543253969503752e+01
3.735619444006729140e+01
3.735695373304917410e+01
3.735771041258295355e+01
3.735846447315138619e+01
3.735921590972981932e+01
3.735996471781616890e+01
3.736071089350961216e+01
3.736145443353865403e+01
3.736219533520834801e+01
3.736293359630852251e+01
3.736366921501911520e+01
3.736440218984282069e+01
3.736513251960388970e+01
3.736586020350645043e+01
3.736658524117912350e+01
3.736730763265735078e+01
3.736802737832575616e+01
3.736874447884103034e+01
3.736945893501587790e+01
3.737017074767763347e+01
3.737087991758726702e+01
3.737158644548988207e+01
3.737229033226365971e+01
3.737299157905802360e+01
3.737369018734612069e+01
3.737438615891205984e+01
3.737507949583323352e+01
3.737577020047732645e+01
3.737645827550020527e+01
3.737714372384488826e+01
3.737782654874825994e+01
3.737850675375558041e+01
3.737918434275447055e+01
3.737985932003036993e+01
3.738053169028204792e+01
3.738120145852214904e+01
3.738186862989789461e+01
3.738253320954684256e+01
3.738319520252961325e+01
3.738385461380350705e+01
3.738451144822540329e+01
3.738516571058965354e+01
3.738581740567969547e+01
3.738646653831183642e+01
3.738711311336832921e+01
3.738775713582069216e+01
3.738839861074625048e+01
3.738903754334079110e+01
3.738967393892727387e+01
3.739030780296361200e+01
3.739093914104459060e+01
3.739156795887948448e+01
3.739219426223940701e+01
3.739281805688914773e+01
3.739343934851701334e+01
3.739405814266274319e+01
3.739467444462792400e+01
3.739528825935519052e+01
3.739589959128795726e+01
3.739650844423896103e+01
3.739711482129285258e+01
3.739771872475947134e+01
3.739832015617777472e+01
3.739891911634702382e+01
3.739951560535314457e+01
3.740010962257751004e+01
3.740070116669992473e+01
3.740129023570550260e+01
3.740187682689052906e+01
3.740246093686255335e+01
3.740304256153945772e+01
3.740362169616314958e+01
3.740419833534151905e+01
3.740477247311184783e+01
3.740534410300808332e+01
3.740591321812131298e+01
3.740647981115050413e+01
3.740704387443764034e+01
3.740760539996978196e+01
3.740816437933921179e+01
3.740872080368121289e+01
3.740927466361471687e+01
3.740982594919274362e+01
3.741037464986356298e+01
3.741092075444937137e+01
3.741146425113861795e+01
3.741200512747734308e+01
3.741254337034595778e+01
3.741307896589798787e+01
3.741361189945889976e+01
3.741414215545318456e+01
3.741466971742887182e+01
3.741519456816480727e+01
3.741571668980718357e+01
3.741623606399048185e+01
3.741675267190973386e+01
3.741726649434697549e+01
3.741777751168018540e+01
3.741828570390097042e+01
3.741879105067030054e+01
3.741929353141706116e+01
3.741979312544635405e+01
3.742028981203615245e+01
3.742078357051733661e+01
3.742127438032749609e+01
3.742176222104523475e+01
3.742224707241957304e+01
3.742272891438283722e+01
3.742320772702752407e+01
3.742368349056167887e+01
3.742415618528770693e+01
3.742462579164254777e+01
3.742509229029531781e+01
3.742555566226347707e+01
3.742601588902510912e+01
3.742647295261753015e+01
3.742692683570380296e+01
3.742737752160903142e+01
3.742782499433425869e+01
3.742826923853825605e+01
3.742871023948616482e+01
3.742914798297474732e+01
3.742958245524404504e+01
3.743001364289683863e+01
3.743044153285801201e+01
3.743086611239239403e+01
3.743128736916448673e+01
3.743170529130306079e+01
3.743211986745211561e+01
3.743253108681312824e+01
3.743293893918040993e+01
3.743334341495705075e+01
3.743374450512408202e+01
3.743414220114728863e+01
3.743453649487823753e+01
3.743492737855555674e+01
3.743531484492903161e+01
3.743569888741679108e+01
3.743607950021090858e+01
3.743645667829917301e+01
3.743683041739730299e+01
3.743720071381977021e+01
3.743756756434770949e+01
3.743793096613775617e+01
3.743829091668057174e+01
3.743864741379537264e+01
3.743900045563331247e+01
3.743935004065935601e+01
3.743969616758941044e+01
3.744003883528259990e+01
3.744037804262680424e+01
3.744071378846012976e+01
3.744104607154511655e+01
3.744137489060422297e+01
3.744170024441573474e+01
3.744202213193115369e+01
3.744234055236720593e+01
3.744265550526866804e+01
3.744296699055561106e+01
3.744327500855697366e+01
3.744357956004711241e+01
3.744388064629889357e+01
3.744417826916505021e+01
3.744447243123160263e+01
3.744476313600250705e+01
3.744505038795954022e+01
3.744533419244694272e+01
3.744561455550342544e+01
3.744589148376137899e+01
3.744616498440942820e+01
3.744643506514133691e+01
3.744670173404162483e+01
3.744696499941954926e+01
3.744722486964406016e+01
3.744748135302746306e+01
3.744773445776755239e+01
3.744798419193650574e+01
3.744823056350676893e+01
3.744847358038866503e+01
3.744871325045730259e+01
3.744894958160183762e+01
3.744918258182158155e+01
3.744941225931425066e+01
3.744963862251260878e+01
3.744986168008802707e+01
3.745008144092772540e+01
3.745029791407888808e+01
3.745051110869086131e+01
3.745072103398655372e+01
3.745092769925432208e+01
3.745113111384082316e+01
3.745133128713511184e+01
3.745152822854687713e+01
3.745172194748082006e+01
3.745191245328859964e+01
3.745209975519257029e+01
3.745228386221045724e+01
3.745246478310345850e+01
3.745264252636718538e+01
3.745281710031319022e+01
3.745298851322651501e+01
3.745315677349008610e+01
3.745332188962927233e+01
3.745348387032816362e+01
3.745364272445466014e+01
3.745379846109332078e+01
3.745395108957434616e+01
3.745410061946849112e+01
3.745424706051371544e+01
3.745439042250005457e+01
3.745453071518364396e+01
3.745466794825046009e+01
3.745480213130541358e+01
3.745493327387013949e+01
3.745506138538183194e+01
3.745518647520084698e+01
3.745530855264556180e+01
3.745542762705744622e+01
3.745554370787586151e+01
3.745565680469733394e+01
3.745576692732694113e+01
3.745587408584444944e+01
3.745597829065180662e+01
3.745607955246035203e+01
3.745617788226141442e+01
3.745627329133980510e+01
3.745636579131553390e+01
3.745645539415926351e+01
3.745654211213952323e+01
3.745662595773301717e+01
3.745670694359130692e+01
3.745678508257091721e+01
3.745686038772151960e+01
3.745693287217377332e+01
3.745700254897460013e+01
3.745706943095456865e+01
3.745713353068493490e+01
3.745719486051652325e+01
3.745725343264291496e+01
3.745730925913542819e+01
3.745736235194304697e+01
3.745741272290203483e+01
3.745746038378945997e+01
3.745750534637085849e+01
3.745754762237382351e+01
3.745758722342853986e+01
3.745762416105893777e+01
3.745765844669723776e+01
3.745769009163716134e+01
3.745771910692183582e+01
3.745774550323368146e+01
3.745776929083688600e+01
3.745779047957345398e+01
3.745780907888853761e+01
3.745782509785957615e+01
3.745783854520605161e+01
3.745784942926410110e+01
3.745785775793197558e+01
3.745786353860669493e+01
3.745786677812753140e+01
3.745786748273410893e+01
3.745786565804306179e+01
3.745786130904602373e+01
3.745785444014084220e+01
3.745784505521242380e+01
3.745783315775256739e+01
3.745781875097295455e+01
3.745780183786558126e+01
3.745778242119498458e+01
3.745776050344664299e+01
3.745773608677147593e+01
3.745770917294886715e+01
3.745767976337891270e+01
3.745764785911068628e+01
3.745761346089199861e+01
3.745757656919865042e+01
3.745753718420917266e+01
3.745749530574060060e+01
3.745745093319589358e+01
3.745740406556598856e+01
3.745735470150876267e+01
3.745730283949812645e+01
3.745724847800139656e+01
3.745719161565668287e+01
3.745713225145802028e+01
3.745707038490454011e+01
3.745700601600537283e+01
3.745693914511419109e+01
3.745686977269941309e+01
3.745679789916702163e+01
3.745672352478077727e+01
3.745664664967500812e+01
3.745656727393654961e+01
3.745648539773832653e+01
3.745640102151869399e+01
3.745631414618126342e+01
3.745622477326649147e+01
3.745613290503846571e+01
3.745603854444321001e+01
3.745594169496950343e+01
3.745584236052239646e+01
3.745574054537856057e+01
3.745563625418545683e+01
3.745552949194592429e+01
3.745542026397838953e+01
3.745530857586638263e+01
3.745519443341975574e+01
3.745507784267386597e+01
3.745495880992582016e+01
3.745483734178917246e+01
3.745471344526524859e+01
3.745458712783000976e+01
3.745445839752483863e+01
3.745432726303663173e+01
3.745419373373791672e+01
3.745405781966564973e+01
3.745391953145710318e+01
3.745377888027218205e+01
3.745363587770594194e+01
3.745349053568264708e+01
3.745334286634591336e+01
3.745319288198393792e+01
3.745304059502191762e+01
3.745288601809535578e+01
3.745272916418471709e+01
3.745257004674814993e+01
3.745240867979966737e+01
3.745224507793569302e+01
3.745207925632846724e+01
3.745191123069225370e+01
3.745174101723777937e+01
3.745156863264427471e+01
3.745139409406555586e+01
3.745121741915175306e+01
3.745103862605150624e+01
3.745085773339470592e+01
3.745067476029473852e+01
3.745048972637020057e+01
3.745030265171884309e+01
3.745011355681661058e+01
3.744992246241267253e+01
3.744972938948398422e+01
3.744953435922679574e+01
3.744933739303649389e+01
3.744913851245237879e+01
3.744893773907032397e+01
3.744873509448071047e+01
3.744853060029993230e+01
3.744832427825839005e+01
3.744811615024462270e+01
3.744790623827155684e+01
3.744769456439887989e+01
3.744748115065351612e+01
3.744726601896466178e+01
3.744704919110179731e+01
3.744683068860681630e+01
3.744661053273010509e+01
3.744638874437629994e+01
3.744616534405593455e+01
3.744594035184488945e+01
3.744571378735160749e+01
3.744548566968140335e+01
3.744525601739785969e+01
3.744502484849878954e+01
3.744479218041472279e+01
3.744455803001797989e+01
3.744432241363372782e+01
3.744408534705697633e+01
3.744384684557430631e+01
3.744360692397306423e+01
3.744336559652317931e+01
3.744312287693470154e+01
3.744287877829388123e+01
3.744263331299536901e+01
3.744238649272016062e+01
3.744213832847498225e+01
3.744188883063550577e+01
3.744163800893700511e+01
3.744138587241729255e+01
3.744113242934499652e+01
3.744087768714886266e+01
3.744062165234898032e+01
3.744036433049679147e+01
3.744010572613845511e+01
3.743984584280553207e+01
3.743958468302511733e+01
3.743932224834753697e+01
3.743905853938177586e+01
3.743879355581151458e+01
3.743852729638091859e+01
3.743825975886877444e+01
3.743799094006448058e+01
3.743772083573934140e+01
3.743744944060401991e+01
3.743717674826132225e+01
3.743690275118902377e+01
3.743662744077246174e+01
3.743635080734782150e+01
3.743607284022009196e+01
3.743579352767034152e+01
3.743551285696489117e+01
3.743523081437231070e+01
3.743494738522719700e+01
3.743466255406207921e+01
3.743437630476180544e+01
3.743408862069060916e+01
3.743379948479968533e+01
3.743350887975137908e+01
3.743321678807061659e+01
3.743292319230120313e+01
3.743262807512999046e+01
3.743233141944286757e+01
3.743203320830476599e+01
3.743173342488315569e+01
3.743143205232869519e+01
3.743112907363056507e+01
3.743082447149323855e+01
3.743051822827848696e+01
3.743021032600487530e+01
3.742990074635606135e+01
3.742958947067054254e+01
3.742927647995478679e+01
3.742896175498115952e+01
3.742864527645595274e+01
3.742832702518153809e+01
3.742800698215821598e+01
3.742768512863631258e+01
3.742736144618193350e+01
3.742703591678660047e+01
3.742670852296708262e+01
3.742637924778540537e+01
3.742604807476948281e+01
3.742571498776749195e+01
3.742537997078282075e+01
3.742504300781384075e+01
3.742470408273462823e+01
3.742436317928185474e+01
3.742402028112640266e+01
3.742367537190312987e+01
3.742332843518023111e+01
3.742297945447927532e+01
3.742262841336923884e+01
3.742227529556349452e+01
3.742192008497296740e+01
3.742156276569691897e+01
3.742120332194171084e+01
3.742084173787327472e+01
3.742047799744234027e+01
3.742011208425739710e+01
3.741974398157161374e+01
3.741937367238958245e+01
3.741900113964032926e+01
3.741862636635612205e+01
3.741824933582113744e+01
3.741787003166555081e+01
3.741748843790023216e+01
3.741710453891439414e+01
3.741671831945672011e+01
3.741632976461353621e+01
3.741593885980164913e+01
3.741554559077185615e+01
3.741514994359398116e+01
3.741475190461363809e+01
3.741435146041194315e+01
3.741394859780515958e+01
3.741354330388038818e+01
3.741313556602541013e+01
3.741272537191669301e+01
3.741231270946347109e+01
3.741189756674415179e+01
3.741147993199521693e+01
3.741105979369470447e+01
3.741063714071481172e+01
3.741021196247253755e+01
3.740978424903169497e+01
3.740935399114835036e+01
3.740892118027147717e+01
3.740848580851249494e+01
3.740804786857090392e+01
3.740760735360152722e+01
3.740716425706713721e+01
3.740671857263781419e+01
3.740627029415172444e+01
3.740581941565085344e+01
3.740536593150055467e+01
3.740490983653053547e+01
3.740445112611543976e+01
3.740398979618041864e+01
3.740352584317359685e+01
3.740305926402782433e+01
3.740259005611368792e+01
3.740211821724898300e+01
3.740164374583000040e+01
3.740116664101925892e+01
3.740068690286899056e+01
3.740020453235209175e+01
3.739971953136482341e+01
3.739923190274509324e+01
3.739874165027417519e+01
3.739824877862973551e+01
3.739775329332036335e+01
3.739725520063472430e+01
3.739675450758095110e+01
3.739625122178612315e+01
3.739574535137916200e+01
3.739523690489032504e+01
3.739472589117016810e+01
3.739421231934356626e+01
3.739369619881441764e+01
3.739317753928592936e+01
3.739265635077116912e+01
3.739213264360846267e+01
3.739160642844664295e+01
3.739107771612213327e+01
3.739054651743379054e+01
3.739001284291676797e+01
3.738947670271669921e+01
3.738893810661878803e+01
3.738839706421033071e+01
3.738785358509196044e+01
3.738730767906942987e+01
3.738675935630056557e+01
3.738620862739646356e+01
3.738565550350221400e+01
3.738509999640101000e+01
3.738454211865819588e+01
3.738398188374682007e+01
3.738341930606995334e+01
3.738285440088653644e+01
3.738228718422655561e+01
3.738171767283638047e+01
3.738114588413776573e+01
3.738057183619854129e+01
3.737999554773837474e+01
3.737941703817545402e+01
3.737883632768096476e+01
3.737825343720239601e+01
3.737766838844493833e+01
3.737708120383052801e+01
3.737649190647344000e+01
3.737590052019969278e+01
3.737530706960057358e+01
3.737471158009686434e+01
3.737411407800311736e+01
3.737351459056946368e+01
3.737291314596794933e+01
3.737230977323989123e+01
3.737170450225882234e+01
3.737109736372071467e+01
3.737048838913518267e+01
3.736987761081573467e+01
3.736926506187774777e+01
3.736865077621025932e+01
3.736803478837067871e+01
3.736741713341827165e+01
3.736679784678258187e+01
3.736617696425956581e+01
3.736555452212355988e+01
3.736493055725103574e+01
3.736430510719167586e+01
3.736367821022000868e+01
3.736304990540747895e+01
3.736242023268382439e+01
3.736178923282834319e+01
3.736115694740167470e+01
3.736052341869518045e+01
3.735988868973871746e+01
3.735925280434355500e+01
3.735861580714229291e+01
3.735797774359864576e+01
3.735733865997917746e+01
3.735669860329979031e+01
3.735605762125655360e+01
3.735541576213222470e+01
3.735477307467061081e+01
3.735412960793632919e+01
3.735348541118429466e+01
3.735284053373214874e+01
3.735219502481418630e+01
3.735154893342842541e+01
3.735090230821099766e+01
3.735025519735533095e+01
3.734960764857515159e+01
3.734895970909771279e+01
3.734831142566286388e+01
3.734766284450650886e+01
3.734701401132363685e+01
3.734636497122451715e+01
3.734571576870162346e+01
3.734506644761017924e+01
3.734441705115457211e+01
3.734376762188448140e+01
3.734311820171150487e+01
3.734246883193740274e+01
3.734181955327169078e+01
3.734117040582973601e+01
3.734052142912597105e+01
3.733987266207003586e+01
3.733922414294050895e+01
3.733857590933233439e+01
3.733792799812961505e+01
3.733728044553094350e+01
3.733663328708744444e+01
3.733598655771060493e+01
3.733534029165183199e+01
3.733469452248108666e+01
3.733404928308005566e+01
3.733340460564126317e+01
3.733276052165832226e+01
3.733211706190552093e+01
3.733147425640668615e+01
3.733083213438553116e+01
3.733019072420429296e+01
3.732955005332969733e+01
3.732891014836219057e+01
3.732827103510513211e+01
3.732763273861546338e+01
3.732699528321834492e+01
3.732635869250523797e+01
3.732572298933002486e+01
3.732508819581192228e+01
3.732445433335600171e+01
3.732382142269699443e+01
3.732318948394802050e+01
3.732255853662108080e+01
3.732192859961925535e+01
3.732129969123574398e+01
3.732067182917629111e+01
3.732004503058351474e+01
3.731941931203985519e+01
3.731879468955588663e+01
3.731817117857224986e+01
3.731754879398500435e+01
3.731692755017384400e+01
3.731630746101771479e+01
3.731568853990258106e+01
3.731507079973309970e+01
3.731445425295600415e+01
3.731383891159320143e+01
3.731322478727393133e+01
3.731261189125612532e+01
3.731200023443814473e+01
3.731138982736650433e+01
3.731078068024076799e+01
3.731017280291152360e+01
3.730956620486481512e+01
3.730896089519678327e+01
3.730835688259606542e+01
3.730775417534187000e+01
3.730715278131462753e+01
3.730655270801446477e+01
3.730595396257287177e+01
3.730535655174582388e+01
3.730476048189817817e+01
3.730416575900459719e+01
3.730357238868650427e+01
3.730298037627635921e+01
3.730238972688769650e+01
3.730180044549305762e+01
3.730121253702226625e+01
3.730062600647542581e+01
3.730004085903678401e+01
3.729945710018379401e+01
3.729887473577959156e+01
3.729829377211384411e+01
3.729771421585006408e+01
3.729713607388725194e+01
3.729655935321758164e+01
3.729598406084936357e+01
3.729541020376512250e+01
3.729483778885036571e+01
3.729426682279905236e+01
3.729369731204139526e+01
3.729312926270386441e+01
3.729256268059739909e+01
3.729199757124460035e+01
3.729143393993223299e+01
3.729087179176472233e+01
3.729031113173903123e+01
3.728975196486538835e+01
3.728919429629380744e+01
3.728863813139189887e+01
3.728808347577304971e+01
3.728753033529920202e+01
3.728697871608270731e+01
3.728642862451739148e+01
3.728588006733882310e+01
3.728533305166610035e+01
3.728478758499586121e+01
3.728424367518950788e+01
3.728370133050525226e+01
3.728316055965153453e+01
3.728262137178884217e+01
3.728208377645849936e+01
3.728154778347145992e+01
3.728101340276497666e+01
3.728048064424758934e+01
3.727994951772789278e+01
3.727942003298253582e+01
3.727889219988859537e+01
3.727836602851984082e+01
3.727784152917188720e+01
3.727731871231534910e+01
3.727679758848847769e+01
3.727627816817135908e+01
3.727576046169419044e+01
3.727524447920009720e+01
3.727473023064008828e+01
3.727421772576217762e+01
3.727370697408102274e+01
3.727319798484364100e+01
3.727269076700780204e+01
3.727218532923502892e+01
3.727168167988750724e+01
3.727117982702105792e+01
3.727067977837914015e+01
3.727018154139260275e+01
3.726968512318342874e+01
3.726919053056646902e+01
3.726869777004633022e+01
3.726820684781716153e+01
3.726771776977025041e+01
3.726723054150354386e+01
3.726674516833313788e+01
3.726626165530962709e+01
3.726578000722761175e+01
3.726530022861086167e+01
3.726482232367606429e+01
3.726434629629948603e+01
3.726387215000308117e+01
3.726339988796303970e+01
3.726292951304462520e+01
3.726246102784771352e+01
3.726199443472799544e+01
3.726152973579281280e+01
3.726106693289995775e+01
3.726060602766519736e+01
3.726014702147372049e+01
3.725968991551008713e+01
3.725923471081348026e+01
3.725878140833005858e+01
3.725833000893312175e+01
3.725788051341118035e+01
3.725743292243652149e+01
3.725698723652886457e+01
3.725654345602977457e+01
3.725610158110625747e+01
3.725566161180701386e+01
3.725522354815660719e+01
3.725478739022436514e+01
3.725435313813283500e+01
3.725392079202730855e+01
3.725349035203750248e+01
3.725306181824710450e+01
3.725263519067299001e+01
3.725221046925028645e+01
3.725178765382430157e+01
3.725136674415410454e+01
3.725094773992390174e+01
3.725053064075046905e+01
3.725011544618289605e+01
3.724970215570125731e+01
3.724929076872308542e+01
3.724888128462742287e+01
3.724847370280221526e+01
3.724806802270141759e+01
3.724766424388560893e+01
3.724726236603234497e+01
3.724686238891925427e+01
3.724646431238764421e+01
3.724606813629054614e+01
3.724567386042706829e+01
3.724528148447776488e+01
3.724489100795849339e+01
3.724450243018593909e+01
3.724411575023733434e+01
3.724373096690624863e+01
3.724334807867201391e+01
3.724296708369644904e+01
3.724258797984293778e+01
3.724221076470039549e+01
3.724183543560727117e+01
3.724146198967354593e+01
3.724109042378911738e+01
3.724072073462828314e+01
3.724035291867366482e+01
3.723998697225967902e+01
3.723962289161986661e+01
3.723926067291861131e+01
3.723890031224686936e+01
3.723854180558082305e+01
3.723818514872983343e+01
3.723783033730683201e+01
3.723747736674931019e+01
3.723712623240073327e+01
3.723677692960265517e+01
3.723642945372154855e+01
3.723608380010457353e+01
3.723573996401677277e+01
3.723539794059777819e+01
3.723505772484679710e+01
3.723471931162504234e+01
3.723438269565824044e+01
3.723404787152839646e+01
3.723371483365383483e+01
3.723338357626735018e+01
3.723305409340502337e+01
3.723272637890674019e+01
3.723240042641960201e+01
3.723207622939846573e+01
3.723175378110060763e+01
3.723143307457160489e+01
3.723111410262537646e+01
3.723079685782715842e+01
3.723048133249498903e+01
3.723016751874011732e+01
3.722985540853861153e+01
3.722954499379128634e+01
3.722923626636117689e+01
3.722892921813346589e+01
3.722862384111628131e+01
3.722832012754540187e+01
3.722801806996269391e+01
3.722771766124576232e+01
3.722741889454805886e+01
3.722712176314054489e+01
3.722682626021543939e+01
3.722653237871906384e+01
3.722624011123060939e+01
3.722594944990799348e+01
3.722566038654484544e+01
3.722537291270633375e+01
3.722508701984847335e+01
3.722480269938677111e+01
3.722451994274534570e+01
3.722423874138565481e+01
3.722395908677767551e+01
3.722368097033998424e+01
3.722340438343042024e+01
3.722312931740500375e+01
3.722285576368262383e+01
3.722258371376496200e+01
3.722231315923010442e+01
3.722204409173781414e+01
3.722177650303972030e+01
3.722151038498362396e+01
3.722124572952073152e+01
3.722098252870802781e+01
3.722072077471159446e+01
3.722046045984696860e+01
3.722020157665748030e+01
3.721994411798380753e+01
3.721968807699458637e+01
3.721943344718779656e+01
3.721918022237750279e+01
3.721892839666698194e+01
3.721867796440822218e+01
3.721842892015262549e+01
3.721818125859586956e+01
3.721793497451887589e+01
3.721769006273949998e+01
3.721744651809439119e+01
3.721720433544425077e+01
3.721696350967421552e+01
3.721672403567573895e+01
3.721648590832452896e+01
3.721624912247707329e+01
3.721601367298363527e+01
3.721577955468958976e+01
3.721554676241635207e+01
3.721531529095585000e+01
3.721508513509918004e+01
3.721485628967101889e+01
3.721462874954074351e+01
3.721440250960910845e+01
3.721417756478037120e+01
3.721395390993341579e+01
3.721373153990652582e+01
3.721351044949674503e+01
3.721329063346317412e+01
3.721307208652824272e+01
3.721285480337908069e+01
3.721263877867073688e+01
3.721242400702944764e+01
3.721221048305496737e+01
3.721199820132277125e+01
3.721178715638349388e+01
3.721157734275637807e+01
3.721136875491795593e+01
3.721116138728872613e+01
3.721095523421983842e+01
3.721075028997685763e+01
3.721054654871963407e+01
3.721034400448313306e+01
3.721014265116313169e+01
3.720994248251170688e+01
3.720974349214625931e+01
3.720954567356350395e+01
3.720934902014267465e+01
3.720915352513610941e+01
3.720895918166566219e+01
3.720876598274149671e+01
3.720857392129359198e+01
3.720838299019831652e+01
3.720819318229529671e+01
3.720800449037992053e+01
3.720781690714420620e+01
3.720763042507192608e+01
3.720744503634241340e+01
3.720726073278704860e+01
3.720707750588369578e+01
3.720689534676381527e+01
3.720671424624488566e+01
3.720653419488817093e+01
3.720635518304378309e+01
3.720617720086950442e+01
3.720600023834275305e+01
3.720582428527545460e+01
3.720564933132893515e+01
3.720547536602394700e+01
3.720530237874091739e+01
3.720513035871050533e+01
3.720495929499924159e+01
3.720478917649909079e+01
3.720461999193940983e+01
3.720445172993493799e+01
3.720428437904938335e+01
3.720411792784047122e+01
3.720395236488263890e+01
3.720378767877896564e+01
3.720362385815951001e+01
3.720346089166106651e+01
3.720329876789336510e+01
3.720313747540131999e+01
3.720297700263799356e+01
3.720281733795611245e+01
3.720265846961023470e+01
3.720250038576287466e+01
3.720234307449445055e+01
3.720218652381331736e+01
3.720203072165987379e+01
3.720187565590098444e+01
3.720172131431170470e+01
3.720156768455214547e+01
3.720141475415795895e+01
3.720126251054644939e+01
3.720111094101774540e+01
3.720096003274437635e+01
3.720080977276465006e+01
3.720066014798679532e+01
3.720051114519991842e+01
3.720036275109273305e+01
3.720021495227521058e+01
3.720006773529443933e+01
3.719992108665820751e+01
3.719977499289073819e+01
3.719962944061185794e+01
3.719948441660537242e+01
3.719933990785732902e+01
3.719919590155522116e+01
3.719905238504539113e+01
3.719890934577188091e+01
3.719876677123376396e+01
3.719862464897565957e+01
3.719848296659474585e+01
3.719834171174002790e+01
3.719820087209892989e+01
3.719806043538385154e+01
3.719792038932752831e+01
3.719778072168617911e+01
3.719764142024654774e+01
3.719750247283584343e+01
3.719736386733658406e+01
3.719722559170044462e+01
3.719708763394749695e+01
3.719694998214887249e+01
3.719681262440754921e+01
3.719667554884877347e+01
3.719653874361737422e+01
3.719640219687408944e+01
3.719626589678991735e+01
3.719612983154340924e+01
3.719599398932282242e+01
3.719585835832147325e+01
3.719572292670288505e+01
3.719558768253184411e+01
3.719545261370736711e+01
3.719531770794444014e+01
3.719518295281706344e+01
3.719504833582470127e+01
3.719491384442953574e+01
3.719477946605176299e+01
3.719464518805037301e+01
3.719451099771844582e+01
3.719437688230090799e+01
3.719424282901909606e+01
3.719410882508265104e+01
3.719397485768000422e+01
3.719384091394446301e+01
3.719370698090671112e+01
3.719357304545994936e+01
3.719343909434643791e+01
3.719330511414605667e+01
3.719317109125601917e+01
3.719303701187359223e+01
3.719290286198943818e+01
3.719276862738785638e+01
3.719263429364892914e+01
3.719249984614386051e+01
3.719236527001376658e+01
3.719223055013772239e+01
3.719209567110765136e+01
3.719196061721684288e+01
3.719182537245335851e+01
3.719168992049341682e+01
3.719155424470742588e+01
3.719141832819043003e+01
3.719128215380612801e+01
3.719114570422215849e+01
3.719100896191713446e+01
3.719087190915748664e+01
3.719073452798792090e+01
3.719059680028813375e+01
3.719045870786557373e+01
3.719032023251602936e+01
3.719018135606673070e+01
3.719004206044085237e+01
3.718990232771906790e+01
3.718976214017975224e+01
3.718962148032936454e+01
3.718948033090853045e+01
3.718933867485814204e+01
3.718919649527380500e+01
3.718905377538074220e+01
3.718891049852331321e+01
3.718876664815547173e+01
3.718862220785266715e+01
3.718847716137737791e+01
3.718833149278157180e+01
3.718818518649170102e+01
3.718803822734204090e+01
3.718789060054376705e+01
3.718774229159944156e+01
3.718759328621655413e+01
3.718744357026585590e+01
3.718729312977188073e+01
3.718714195091605745e+01
3.718699002006621157e+01
3.718683732382547191e+01
3.718668384905300428e+01
3.718652958285056798e+01
3.718637451257932014e+01
3.718621862593315086e+01
3.718606191100513314e+01
3.718590435628482993e+01
3.718574595058940702e+01
3.718558668296744685e+01
3.718542654260564717e+01
3.718526551874435171e+01
3.718510360059692488e+01
3.718494077727990543e+01
3.718477703777230658e+01
3.718461237091102589e+01
3.718444676541057703e+01
3.718428020988864802e+01
3.718411269287808096e+01
3.718394420281543233e+01
3.718377472802076511e+01
3.718360425669597902e+01
3.718343277694162197e+01
3.718326027676106804e+01
3.718308674403935044e+01
3.718291216651515896e+01
3.718273653176363069e+01
3.718255982719655606e+01
3.718238204007827363e+01
3.718220315754834360e+01
3.718202316664228135e+01
3.718184205430060985e+01
3.718165980735841458e+01
3.718147641251835722e+01
3.718129185632563605e+01
3.718110612517214264e+01
3.718091920533574779e+01
3.718073108301759788e+01
3.718054174433166992e+01
3.718035117526320477e+01
3.718015936166802504e+01
3.717996628932444025e+01
3.717977194396961238e+01
3.717957631128621898e+01
3.717937937685791638e+01
3.717918112610634296e+01
3.717898154423103563e+01
3.717878061620390184e+01
3.717857832685329811e+01
3.717837466100265686e+01
3.717816960357016143e+01
3.717796313955740573e+01
3.717775525396199043e+01
3.717754593173989974e+01
3.717733515789932142e+01
3.717712291768116728e+01
3.717690919672406835e+01
3.717669398116206025e+01
3.717647725767951528e+01
3.717625901356989715e+01
3.717603923681404154e+01
3.717581791614573916e+01
3.717559504106379364e+01
3.717537060181091846e+01
3.717514458936240374e+01
3.717491699540990879e+01
3.717468781232673081e+01
3.717445703314383110e+01
3.717422465154140809e+01
3.717399066182976952e+01
3.717375505891659060e+01
3.717351783828875966e+01
3.717327899603223074e+01
3.717303852887427951e+01
3.717279643420435065e+01
3.717255271005198125e+01
3.717230735503854078e+01
3.717206036832786253e+01
3.717181174959939227e+01
3.717156149906220719e+01
3.717130961750312679e+01
3.717105610632702906e+01
3.717080096754558127e+01
3.717054420373669643e+01
3.717028581804982679e+01
3.717002581427842500e+01
3.716976419694607614e+01
3.716950097135075026e+01
3.716923614355740568e+01
3.716896972037013569e+01
3.716870170931116490e+01
3.716843211860668106e+01
3.716816095718719737e+01
3.716788823470943015e+01
3.716761396156160657e+01
3.716733814882977072e+01
3.716706080827096059e+01
3.716678195232336179e+01
3.716650159411453558e+01
3.716621974742776047e+01
3.716593642665181818e+01
3.716565164677071209e+01
3.716536542340502081e+01
3.716507777286690839e+01
3.716478871217906033e+01
3.716449825902740400e+01
3.716420643167779048e+01
3.716391324892872916e+01
3.716361873012154859e+01
3.716332289516231668e+01
3.716302576451935380e+01
3.716272735920035331e+01
3.716242770072160795e+01
3.716212681107249693e+01
3.716182471267208598e+01
3.716152142830920013e+01
3.716121698105623494e+01
3.716091139417508060e+01
3.716060469105919850e+01
3.716029689522239465e+01
3.715998803029734887e+01
3.715967812001076709e+01
3.715936718813711082e+01
3.715905525845035839e+01
3.715874235467871500e+01
3.715842850045348911e+01
3.715811371925791917e+01
3.715779803438775986e+01
3.715748146891765202e+01
3.715716404566755671e+01
3.715684578717688424e+01
3.715652671568850707e+01
3.715620685313943738e+01
3.715588622118087159e+01
3.715556484125559678e+01
3.715524273470956729e+01
3.715491992288494316e+01
3.715459642717706146e+01
3.715427226907102209e+01
3.715394747017527521e+01
3.715362205225626013e+01
3.715329603726322460e+01
3.715296944733264439e+01
3.715264230476826413e+01
3.715231463199487649e+01
3.715198645149353496e+01
3.715165778574657196e+01
3.715132865721665922e+01
3.715099908834732645e+01
3.715066910155762514e+01
3.715033871923097308e+01
3.715000796371563041e+01
3.714967685734277580e+01
3.714934542245624982e+01
3.714901368144033000e+01
3.714868165672609024e+01
3.714834937077341692e+01
3.714801684605010479e+01
3.714768410502359330e+01
3.714735117015855792e+01
3.714701806391355632e+01
3.714668480874154000e+01
3.714635142709521887e+01
3.714601794143150926e+01
3.714568437421009151e+01
3.714535074787931279e+01
3.714501708484358034e+01
3.714468340741618846e+01
3.714434973776623394e+01
3.714401609786457925e+01
3.714368250943178396e+01
3.714334899389867672e+01
3.714301557240104756e+01
3.714268226582205301e+01
3.714234909486673786e+01
3.714201608013174649e+01
3.714168324214188743e+01
3.714135060135355104e+01
3.714101817814061945e+01
3.714068599277259608e+01
3.714035406539368722e+01
3.714002241601357213e+01
3.713969106450598900e+01
3.713936003060144486e+01
3.713902933386824401e+01
3.713869899368379635e+01
3.713836902920201766e+01
3.713803945932263417e+01
3.713771030267031392e+01
3.713738157759321012e+01
3.713705330216931344e+01
3.713672549418847524e+01
3.713639817109931585e+01
3.713607134994156667e+01
3.713574504728717329e+01
3.713541927920474706e+01
3.713509406125227486e+01
3.713476940848737229e+01
3.713444533548142346e+01
3.713412185634153673e+01
3.713379898475195517e+01
3.713347673402714122e+01
3.713315511715321549e+01
3.713283414680208239e+01
3.713251383531051886e+01
3.713219419462804183e+01
3.713187523626094588e+01
3.713155697124356180e+01
3.713123941014069374e+01
3.713092256305591832e+01
3.713060643962428031e+01
3.713029104898844679e+01
3.712997639976995146e+01
3.712966250006289215e+01
3.712934935745975906e+01
3.712903697908110701e+01
3.712872537159749697e+01
3.712841454125628360e+01
3.712810449391034240e+01
3.712779523504097057e+01
3.712748676977977880e+01
3.712717910293354606e+01
3.712687223900321243e+01
3.712656618217557991e+01
3.712626093626241897e+01
3.712595650459282837e+01
3.712565288991435608e+01
3.712535009435058697e+01
3.712504811940554816e+01
3.712474696598560087e+01
3.712444663443592674e+01
3.712414712459460731e+01
3.712384843583982530e+01
3.712355056709911594e+01
3.712325351681768382e+01
3.712295728290624908e+01
3.712266186269086887e+01
3.712236725288223482e+01
3.712207344957903388e+01
3.712178044831032508e+01
3.712148824410709125e+01
3.712119683159230732e+01
3.712090620507976979e+01
3.712061635866030684e+01
3.712032728624993894e+01
3.712003898159521498e+01
3.711975143825902990e+01
3.711946464960549719e+01
3.711917860877119324e+01
3.711889330861102820e+01
3.711860874163343027e+01
3.711832489994431938e+01
3.711804177521437964e+01
3.711775935867760268e+01
3.711747764114437587e+01
3.711719661300482898e+01
3.711691626422249612e+01
3.711663658433080570e+01
3.711635756243646256e+01
3.711607918722379651e+01
3.711580144694835326e+01
3.711552432941006430e+01
3.711524782190107885e+01
3.711497191113507910e+01
3.711469658319123965e+01
3.711442182350099017e+01
3.711414761686403097e+01
3.711387394747117696e+01
3.711360079893107411e+01
3.711332815431058663e+01
3.711305599620827422e+01
3.711278430685025143e+01
3.711251306813448281e+01
3.711224226156397066e+01
3.711197186815464732e+01
3.711170186851859398e+01
3.711143224318492884e+01
3.711116297296068467e+01
3.711089403911724105e+01
3.711062542339173831e+01
3.711035710789787601e+01
3.711008907502209553e+01
3.710982130737433238e+01
3.710955378781666525e+01
3.710928649951051739e+01
3.710901942591119251e+01
3.710875255069039724e+01
3.710848585762850860e+01
3.710821933055852639e+01
3.710795295342293088e+01
3.710768671040855793e+01
3.710742058604639482e+01
3.710715456523143274e+01
3.710688863324648423e+01
3.710662277586974511e+01
3.710635697954275258e+01
3.710609123154516453e+01
3.710582552014518853e+01
3.710555983467500596e+01
3.710529416547662152e+01
3.710502850373669759e+01
3.710476284133695657e+01
3.710449717085068500e+01
3.710423148566684404e+01
3.710396578011033597e+01
3.710370004945505684e+01
3.710343428980646507e+01
3.710316849792954486e+01
3.710290267116938168e+01
3.710263680752070314e+01
3.710237090574327112e+01
3.710210496541194658e+01
3.710183898688107718e+01
3.710157297119725683e+01
3.710130692001690278e+01
3.710104083558235288e+01
3.710077472078167915e+01
3.710050857926795231e+01
3.710024241556583746e+01
3.709997623511583953e+01
3.709971004428055608e+01
3.709944385035095138e+01
3.709917766152043583e+01
3.709891148676064176e+01
3.709864533563089140e+01
3.709837921817147333e+01
3.709811314497903822e+01
3.709784712739016044e+01
3.709758117762689267e+01
3.709731530883713191e+01
3.709704953505507774e+01
3.709678387113052622e+01
3.709651833265822063e+01
3.709625293592073092e+01
3.709598769783630701e+01
3.709572263587746477e+01
3.709545776795938821e+01
3.709519311237405503e+01
3.709492868783551245e+01
3.709466451359423189e+01
3.709440060952810825e+01
3.709413699616823124e+01
3.709387369466418249e+01
3.709361072670169079e+01
3.709334811439488533e+01
3.709308588017859876e+01
3.709282404671135680e+01
3.709256263679104393e+01
3.709230167328225036e+01
3.709204117904752707e+01
3.709178117688348664e+01
3.709152168948711648e+01
3.709126273946789354e+01
3.709100434937836610e+01
3.709074654172723484e+01
3.709048933896804812e+01
3.709023276347625853e+01
3.708997683753202779e+01
3.708972158332264257e+01
3.708946702295846620e+01
3.708921317848698607e+01
3.708896007190099198e+01
3.708870772513214575e+01
3.708845616000172640e+01
3.708820539811481609e+01
3.708795546073015714e+01
3.708770636864954184e+01
3.708745814213535397e+01
3.708721080084961130e+01
3.708696436382121675e+01
3.708671884944735098e+01
3.708647427551915143e+01
3.708623065925134199e+01
3.708598801729036154e+01
3.708574636568364014e+01
3.708550571983414557e+01
3.708526609450076705e+01
3.708502750386104907e+01
3.708478996158167007e+01
3.708455348085002612e+01
3.708431807437749939e+01
3.708408375440274796e+01
3.708385053271156551e+01
3.708361842070640080e+01
3.708338742955574929e+01
3.708315757037962612e+01
3.708292885438333997e+01
3.708270129288610661e+01
3.708247489722501200e+01
3.708224967857022847e+01
3.708202564776370735e+01
3.708180281527764777e+01
3.708158119128980701e+01
3.708136078578517925e+01
3.708114160858947628e+01
3.708092366931879980e+01
3.708070697728550158e+01
3.708049154141766479e+01
3.708027737026042558e+01
3.708006447205520573e+01
3.707985285481115767e+01
3.707964252633179569e+01
3.707943349421629620e+01
3.707922576584036278e+01
3.707901934835164326e+01
3.707881424873439613e+01
3.707861047390814235e+01
3.707840803076991421e+01
3.707820692616239455e+01
3.707800716682069009e+01
3.707780875934436438e+01
3.707761171022601587e+01
3.707741602594704489e+01
3.707722171310071246e+01
3.707702877848593914e+01
3.707683722916410574e+01
3.707664707250512492e+01
3.707645831621894672e+01
3.707627096833929414e+01
3.707608503715865567e+01
3.707590053116041418e+01
3.707571745898796678e+01
3.707553582944500903e+01
3.707535565150458012e+01
3.707517693433078421e+01
3.707499968731803364e+01
3.707482392012930461e+01
3.707464964273638230e+01
3.707447686548828614e+01
3.707430559919144031e+01
3.707413585514695598e+01
3.707396764512167664e+01
3.707380098129193158e+01
3.707363587623601120e+01
3.707347234301141015e+01
3.707331039526022920e+01
3.707315004726304863e+01
3.707299131393625657e+01
3.707283421081962871e+01
3.707267875407559643e+01
3.707252496048169377e+01
3.707237284738992145e+01
3.707222243267335671e+01
3.707207373471375433e+01
3.707192677240961132e+01
3.707178156511690759e+01
3.707163813250910778e+01
3.707149649445172201e+01
3.707135667097233522e+01
3.707121868228710326e+01
3.707108254877957876e+01
3.707094829089960086e+01
3.707081592905245060e+01
3.707068548355426429e+01
3.707055697466633859e+01
3.707043042268492172e+01
3.707030584805833939e+01
3.707018327148556835e+01
3.707006271393589714e+01
3.706994419656242457e+01
3.706982774055615693e+01
3.706971336702149245e+01
3.706960109691404170e+01
3.706949095105350267e+01
3.706938295022998631e+01
3.706927711538928349e+01
3.706917346783758660e+01
3.706907202939751755e+01
3.706897282246477943e+01
3.706887586995864581e+01
3.706878119518376025e+01
3.706868882163746548e+01
3.706859877284919946e+01
3.706851107232608200e+01
3.706842574357450104e+01
3.706834281013627219e+01
3.706826229564627084e+01
3.706818422391727097e+01
3.706810861899757725e+01
3.706803550516722368e+01
3.706796490689428936e+01
3.706789684877751512e+01
3.706783135549964214e+01
3.706776845183244262e+01
3.706770816269227709e+01
3.706765051318214432e+01
3.706759552859951157e+01
3.706754323445105825e+01
3.706749365649073269e+01
3.706744682076852371e+01
3.706740275367732806e+01
3.706736148198321956e+01
3.706732303282255714e+01
3.706728743365727041e+01
3.706725471219503731e+01
3.706722489629584061e+01
3.706719801388626223e+01
3.706717409288649634e+01
3.706715316114803471e+01
3.706713524640210267e+01
3.706712037620413724e+01
3.706710857785105162e+01
3.706709987826139496e+01
3.706709430382833403e+01
3.706709188028713697e+01
3.706709263265678089e+01
3.706709658525551276e+01
3.706710376173300148e+01
3.706711418511125800e+01
3.706712787786057106e+01
3.706714486197842007e+01
3.706716515902549958e+01
3.706718879012859702e+01
3.706721577597862449e+01
3.706724613682473546e+01
3.706727989244895838e+01
3.706731706211937905e+01
3.706735766454040970e+01
3.706740171780112547e+01
3.706744923929237956e+01
3.706750024560057000e+01
3.706755475243937781e+01
3.706761277465648874e+01
3.706767432629587233e+01
3.706773942067757588e+01
3.706780807047551463e+01
3.706788028779340749e+01
3.706795608423669819e+01
3.706803547098260765e+01
3.706811845885502521e+01
3.706820505838769719e+01
3.706829527986695183e+01
3.706838913340169483e+01
3.706848662906257630e+01
3.706858777705036090e+01
3.706869258781656384e+01
3.706880107209448028e+01
3.706891324082593542e+01
3.706902910499553627e+01
3.706914867545808079e+01
3.706927196284778603e+01
3.706939897754983804e+01
3.706952972970410798e+01
3.706966422927997229e+01
3.706980248621049157e+01
3.706994451051499340e+01
3.707009031239427799e+01
3.707023990230446486e+01
3.707039329097912628e+01
3.707055048939207609e+01
3.707071150869380460e+01
3.707087636014691867e+01
3.707104505505481740e+01
3.707121760466302618e+01
3.707139402003327433e+01
3.707157431191563290e+01
3.707175849062840456e+01
3.707194656592051984e+01
3.707213854679881848e+01
3.707233444134268296e+01
3.707253425653034640e+01
3.707273799807785508e+01
3.707294567030530175e+01
3.707315727606930977e+01
3.707337281678704954e+01
3.707359229253624733e+01
3.707381570217562228e+01
3.707404304343906887e+01
3.707427431301513820e+01
3.707450950664218681e+01
3.707474861921807019e+01
3.707499164490986487e+01
3.707523857725185223e+01
3.707548940923479108e+01
3.707574413340874742e+01
3.707600274199378987e+01
3.707626522694970106e+01
3.707653157998145588e+01
3.707680179251440222e+01
3.707707585570560127e+01
3.707735376054563403e+01
3.707763549800040437e+01
3.707792105903410373e+01
3.707821043443827591e+01
3.707850361458108068e+01
3.707880058920513733e+01
3.707910134728196994e+01
3.707940587692774415e+01
3.707971416542620346e+01
3.708002619931779975e+01
3.708034196444206998e+01
3.708066144587868962e+01
3.708098462784573002e+01
3.708131149371369162e+01
3.708164202625734873e+01
3.708197620804293138e+01
3.708231402168475910e+01
3.708265544983301254e+01
3.708300047502810770e+01
3.708334907961634741e+01
3.708370124574552307e+01
3.708405695534876401e+01
3.708441619005243695e+01
3.708477893102557488e+01
3.708514515887799234e+01
3.708551485370163903e+01
3.708588799522001977e+01
3.708626456293665541e+01
3.708664453623387658e+01
3.708702789442968850e+01
3.708741461680836693e+01
3.708780468266173358e+01
3.708819807136162439e+01
3.708859476243133457e+01
3.708899473558693671e+01
3.708939797075417033e+01
3.708980444806392995e+01
3.709021414781851433e+01
3.709062705044618014e+01
3.709104313647226547e+01
3.709146238649709915e+01
3.709188478114275966e+01
3.709231030097254234e+01
3.709273892645524739e+01
3.709317063800249059e+01
3.709360541600116079e+01
3.709404324080495741e+01
3.709448409277267444e+01
3.709492795240778662e+01
3.709537480050678937e+01
3.709582461821503330e+01
3.709627738700944377e+01
3.709673308865205144e+01
3.709719170510940955e+01
3.709765321845834052e+01
3.709811761082292492e+01
3.709858486434258396e+01
3.709905496115674595e+01
3.709952788340606133e+01
3.710000361323753282e+01
3.710048213280764173e+01
3.710096342429138616e+01
3.710144746989028164e+01
3.710193425182577442e+01
3.710242375230731682e+01
3.710291595345853466e+01
3.710341083719081468e+01
3.710390838506033617e+01
3.710440857818056770e+01
3.710491139721469978e+01
3.710541682240214101e+01
3.710592483357524429e+01
3.710643541017608982e+01
3.710694853129852788e+01
3.710746417575068534e+01
3.710798232212630410e+01
3.710850294887303846e+01
3.710902603432771940e+01
3.710955155667561201e+01
3.711007949379469295e+01
3.711060982302204536e+01
3.711114252096403732e+01
3.711167756340881851e+01
3.711221492529724486e+01
3.711275458072298505e+01
3.711329650297165728e+01
3.711384066461152997e+01
3.711438703765148972e+01
3.711493559374471118e+01
3.711548630437388852e+01
3.711603914098186863e+01
3.711659407504582475e+01
3.711715107810168490e+01
3.711771012174037310e+01
3.711827117759233374e+01
3.711883421729836385e+01
3.711939921247176954e+01
3.711996613468482309e+01
3.712053495551364790e+01
3.712110564663572632e+01
3.712167817994588859e+01
3.712225252764800132e+01
3.712282866228034095e+01
3.712340655666113776e+01
3.712398618377566351e+01
3.712456751666816501e+01
3.712515052844096886e+01
3.712573519241039577e+01
3.712632148231529783e+01
3.712690937242035716e+01
3.712749883750838364e+01
3.712808985285307273e+01
3.712868239417815630e+01
3.712927643756199103e+01
3.712987195931195572e+01
3.713046893587389263e+01
3.713106734380101415e+01
3.713166715975975762e+01
3.713226836056394831e+01
3.713287092324104322e+01
3.713347482510428677e+01
3.713408004378779026e+01
3.713468655721833045e+01
3.713529434352965097e+01
3.713590338095728072e+01
3.713651364775479635e+01
3.713712512214029715e+01
3.713773778224960864e+01
3.713835160609058050e+01
3.713896657153432557e+01
3.713958265636001954e+01
3.714019983832604765e+01
3.714081809524600430e+01
3.714143740505492275e+01
3.714205774584728204e+01
3.714267909589067074e+01
3.714330143363161341e+01
3.714392473769756009e+01
3.714454898689393048e+01
3.714517416020511575e+01
3.714580023680711207e+01
3.714642719606853660e+01
3.714705501750384542e+01
3.714768368068956050e+01
3.714831316517951620e+01
3.714894345042693402e+01
3.714957451573179270e+01
3.715020634025545121e+01
3.715083890310052794e+01
3.715147218341019908e+01
3.715210616044713987e+01
3.715274081363732961e+01
3.715337612258660016e+01
3.715401206707280579e+01
3.715464862700688542e+01
3.715528578237629631e+01
3.715592351319634190e+01
3.715656179947698945e+01
3.715720062120828260e+01
3.715783995837684017e+01
3.715847979101650367e+01
3.715912009927649962e+01
3.715976086350227803e+01
3.716040206434263382e+01
3.716104368285876802e+01
3.716168570058565734e+01
3.716232809954075833e+01
3.716297086217436174e+01
3.716361397123507260e+01
3.716425740962079516e+01
3.716490116034845670e+01
3.716554520663976291e+01
3.716618953198929631e+01
3.716683412014796062e+01
3.716747895506742339e+01
3.716812402085623290e+01
3.716876930174767324e+01
3.716941478206172178e+01
3.717006044615630600e+01
3.717070627837176744e+01
3.717135226298990602e+01
3.717199838424563296e+01
3.717264462640681444e+01
3.717329097389504255e+01
3.717393741139955665e+01
3.717458392395904809e+01
3.717523049702298010e+01
3.717587711650318738e+01
3.717652376881086695e+01
3.717717044087016376e+01
3.717781712009186634e+01
3.717846379431392734e+01
3.717911045174590612e+01
3.717975708092999554e+01
3.718040367071172625e+01
3.718105021022730483e+01
3.718169668891232504e+01
3.718234309652510916e+01
3.718298942317398570e+01
3.718363565934058812e+01
3.718428179588277516e+01
3.718492782399368224e+01
3.718557373514224906e+01
3.718621952104495421e+01
3.718686517367162736e+01
3.718751068528631265e+01
3.718815604853396195e+01
3.718880125653778634e+01
3.718944630295766984e+01
3.719009118199502950e+01
3.719073588837231625e+01
3.719138041733299360e+01
3.719202476466876561e+01
3.719266892674292535e+01
3.719331290049423444e+01
3.719395668342518491e+01
3.719460027356985421e+01
3.719524366943442573e+01
3.719588686991925641e+01
3.719652987423798152e+01
3.719717268184052728e+01
3.719781529233712547e+01
3.719845770541934371e+01
3.719909992077828065e+01
3.719974193802561047e+01
3.720038375662439023e+01
3.720102537582671687e+01
3.720166679459768488e+01
3.720230801148485256e+01
3.720294902442825702e+01
3.720358983059772839e+01
3.720423042633829880e+01
3.720487080719843220e+01
3.720551096798163826e+01
3.720615090280487891e+01
3.720679060516283698e+01
3.720743006798732466e+01
3.720806928369108846e+01
3.720870824418823730e+01
3.720934694088936112e+01
3.720998536468787421e+01
3.721062350596289292e+01
3.721126135459773820e+01
3.721189889999258327e+01
3.721253613107028002e+01
3.721317303628996598e+01
3.721380960367140744e+01
3.721444582082418862e+01
3.721508167497886177e+01
3.721571715302300731e+01
3.721635224154599797e+01
3.721698692688767807e+01
3.721762119517734391e+01
3.721825503235415056e+01
3.721888842417297383e+01
3.721952135620436763e+01
3.722015381383361188e+01
3.722078578225969636e+01
3.722141724649434025e+01
3.722204819136003806e+01
3.722267860148906493e+01
3.722330846134004645e+01
3.722393775525151938e+01
3.722456646751886211e+01
3.722519458245373869e+01
3.722582208439867202e+01
3.722644895769294493e+01
3.722707518660249804e+01
3.722770075524099553e+01
3.722832564751041673e+01
3.722894984707765076e+01
3.722957333738720820e+01
3.723019610169136939e+01
3.723081812306580218e+01
3.723143938438033018e+01
3.723205986823074198e+01
3.723267955687745712e+01
3.723329843222213498e+01
3.723391647580962172e+01
3.723453366883091320e+01
3.723514999212410004e+01
3.723576542618805263e+01
3.723637995121649880e+01
3.723699354713801313e+01
3.723760619363840618e+01
3.723821787016562723e+01
3.723882855593853236e+01
3.723943822996835706e+01
3.724004687108503475e+01
3.724065445796838958e+01
3.724126096919199114e+01
3.724186638326703047e+01
3.724247067865012184e+01
3.724307383369855273e+01
3.724367582660502052e+01
3.724427663536164346e+01
3.724487623776094836e+01
3.724547461139205495e+01
3.724607173360462298e+01
3.724666758146023682e+01
3.724726213169148537e+01
3.724785536066698199e+01
3.724844724436996302e+01
3.724903775842367537e+01
3.724962687817810547e+01
3.725021457880648512e+01
3.725080083534723485e+01
3.725138562269523845e+01
3.725196891558047696e+01
3.725255068855447149e+01
3.725313091600008875e+01
3.725370957216079404e+01
3.725428663115246053e+01
3.725486206694586855e+01
3.725543585336193786e+01
3.725600796409808169e+01
3.725657837273318052e+01
3.725714705267115079e+01
3.725771397705920407e+01
3.725827911872365661e+01
3.725884245011350515e+01
3.725940394323137639e+01
3.725996356955860733e+01
3.726052129999104778e+01
3.726107710481091573e+01
3.726163095373367895e+01
3.726218281603089366e+01
3.726273266066567658e+01
3.726328045638151565e+01
3.726382617174618872e+01
3.726436977518794436e+01
3.726491123504041525e+01
3.726545051957882038e+01
3.726598759702978469e+01
3.726652243555788147e+01
3.726705500324042930e+01
3.726758526804131577e+01
3.726811319779459097e+01
3.726863876020851762e+01
3.726916192288325647e+01
3.726968265330615537e+01
3.727020091879636254e+01
3.727071668641929136e+01
3.727122992290689041e+01
3.727174059457991007e+01
3.727224866725746466e+01
3.727275410617831142e+01
3.727325687596790260e+01
3.727375694065809597e+01
3.727425426374769302e+01
3.727474880827767123e+01
3.727524053688102157e+01
3.727572941179665378e+01
3.727621539489192770e+01
3.727669844775937236e+01
3.727717853191852981e+01
3.727765560903726083e+01
3.727812964101285331e+01
3.727860058988360237e+01
3.727906841767901369e+01
3.727953308627979823e+01
3.727999455728953393e+01
3.728045279192871675e+01
3.728090775098927878e+01
3.728135939486985251e+01
3.728180768367545994e+01
3.728225257734824538e+01
3.728269403579834318e+01
3.728313201902196994e+01
3.728356648721183575e+01
3.728399740085091452e+01
3.728442472077120584e+01
3.728484840819006507e+01
3.728526842475532277e+01
3.728568473260211391e+01
3.728609729440285037e+01
3.728650607339971401e+01
3.728691103341568436e+01
3.728731213885293272e+01
3.728770935469804471e+01
3.728810264652432949e+01
3.728849198047264935e+01
3.728887732325183180e+01
3.728925864220133235e+01
3.728963590537541251e+01
3.729000908158442229e+01
3.729037814037376108e+01
3.729074305196581207e+01
3.729110378721357932e+01
3.729146031757191793e+01
3.729181261504137979e+01
3.729216065208589015e+01
3.729250440159318458e+01
3.729284383692495908e+01
3.729317893202151879e+01
3.729350966148991375e+01
3.729383600065112603e+01
3.729415792557362863e+01
3.729447541311773051e+01
3.729478844098180446e+01
3.729509698772519499e+01
3.729540103276380592e+01
3.729570055634722792e+01
3.729599553949881852e+01
3.729628596389547113e+01
3.729657181171321412e+01
3.729685306549527013e+01
3.729712970807072736e+01
3.729740172252590469e+01
3.729766909223212679e+01
3.729793180092323723e+01
3.729818983279064781e+01
3.729844317256671360e+01
3.729869180559152397e+01
3.729893571786511330e+01
3.729917489608312309e+01
3.729940932765784822e+01
3.729963900072955596e+01
3.729986390416807041e+01
3.730008402756657659e+01
3.730029936124223156e+01
3.730050989624457713e+01
3.730071562434450527e+01
3.730091653799691898e+01
3.730111263030143931e+01
3.730130389497188759e+01
3.730149032631944550e+01
3.730167191926889814e+01
3.730184866939633537e+01
3.730202057293175955e+01
3.730218762671113808e+01
3.730234982813617250e+01
3.730250717518669745e+01
3.730265966647887410e+01
3.730280730135552147e+01
3.730295007998429924e+01
3.730308800342076836e+01
3.730322107362082562e+01
3.730334929342104289e+01
3.730347266650333893e+01
3.730359119734807649e+01
3.730370489117733257e+01
3.730381375389336540e+01
3.730391779201706726e+01
3.730401701263128444e+01
3.730411142333196040e+01
3.730420103218123273e+01
3.730428584765466127e+01
3.730436587858070396e+01
3.730444113405974349e+01
3.730451162334414050e+01
3.730457735570466582e+01
3.730463834036803661e+01
3.730469458659379001e+01
3.730474610384365519e+01
3.730479290192858599e+01
3.730483499109632106e+01
3.730487238209465772e+01
3.730490508622395396e+01
3.730493311537314582e+01
3.730495648203622494e+01
3.730497519930053585e+01
3.730498928079995125e+01
3.730499874064959442e+01
3.730500359339418992e+01
3.730500385398857333e+01
3.730499953781226452e+01
3.730499066070652958e+01
3.730497723900942475e+01
3.730495928957336105e+01
3.730493682976411662e+01
3.730490987744143183e+01
3.730487845092296340e+01
3.730484256893173978e+01
3.730480225051341137e+01
3.730475751492429737e+01
3.730470838153108559e+01
3.730465486976027734e+01
3.730459699909726368e+01
3.730453478911566378e+01
3.730446825951440104e+01
3.730439743014413523e+01
3.730432232101803436e+01
3.730424295231386367e+01
3.730415934437312586e+01
3.730407151769436069e+01
3.730397949291380399e+01
3.730388329077433696e+01
3.730378293209251694e+01
3.730367843773144898e+01
3.730356982858049975e+01
3.730345712553695137e+01
3.730334034948178612e+01
3.730321952125070339e+01
3.730309466161376264e+01
3.730296579127466572e+01
3.730283293089233609e+01
3.730269610112305401e+01
3.730255532266737362e+01
3.730241061629958921e+01
3.730226200286696070e+01
3.730210950325876951e+01
3.730195313836565418e+01
3.730179292906523614e+01
3.730162889624669020e+01
3.730146106085096136e+01
3.730128944390315837e+01
3.730111406653421824e+01
3.730093494999582759e+01
3.730075211566651916e+01
3.730056558504611530e+01
3.730037537974038742e+01
3.730018152143804144e+01
3.729998403188367462e+01
3.729978293285668656e+01
3.729957824617156348e+01
3.729936999371814466e+01
3.729915819753303907e+01
3.729894287985743517e+01
3.729872406315201516e+01
3.729850177008077594e+01
3.729827602348893834e+01
3.729804684639159973e+01
3.729781426197408223e+01
3.729757829358842969e+01
3.729733896471963561e+01
3.729709629891199540e+01
3.729685031968569575e+01
3.729660105047682350e+01
3.729634851459389466e+01
3.729609273517148438e+01
3.729583373512777911e+01
3.729557153714254270e+01
3.729530616365364182e+01
3.729503763686232531e+01
3.729476597874337074e+01
3.729449121105526643e+01
3.729421335534838278e+01
3.729393243298200389e+01
3.729364846515882448e+01
3.729336147296437787e+01
3.729307147739376660e+01
3.729277849936768519e+01
3.729248255974555093e+01
3.729218367934252143e+01
3.729188187897864282e+01
3.729157717958355533e+01
3.729126960232652266e+01
3.729095916872309147e+01
3.729064590069008744e+01
3.729032982050232192e+01
3.729001095061183690e+01
3.728968931339225179e+01
3.728936493092103177e+01
3.728903782484167095e+01
3.728870801628337972e+01
3.728837552581283887e+01
3.728804037340650268e+01
3.728770257842381852e+01
3.728736215955711941e+01
3.728701913478829510e+01
3.728667352141954439e+01
3.728632533618588241e+01
3.728597459539795977e+01
3.728562131506627964e+01
3.728526551097966291e+01
3.728490719873605741e+01
3.728454639373812540e+01
3.728418311116467265e+01
3.728381736593997431e+01
3.728344917273145853e+01
3.728307854598629945e+01
3.728270550000017636e+01
3.728233004900454972e+01
3.728195220725491765e+01
3.728157198911517156e+01
3.728118940914293233e+01
3.728080448215637688e+01
3.728041722324750396e+01
3.728002764775058608e+01
3.727963577121744976e+01
3.727924160941807941e+01
3.727884517833635414e+01
3.727844649414339528e+01
3.727804557316407852e+01
3.727764243184942217e+01
3.727723708674602676e+01
3.727682955445482094e+01
3.727641985158689408e+01
3.727600799472417492e+01
3.727559400039085347e+01
3.727517788504624718e+01
3.727475966509321381e+01
3.727433935687687239e+01
3.727391697666575965e+01
3.727349254063009454e+01
3.727306606482390094e+01
3.727263756516524751e+01
3.727220705741155626e+01
3.727177455713690790e+01
3.727134007972200180e+01
3.727090364036553183e+01
3.727046525412286115e+01
3.727002493595735899e+01
3.726958270077029312e+01
3.726913856340152620e+01
3.726869253861949716e+01
3.726824464109949275e+01
3.726779488537663099e+01
3.726734328578322675e+01
3.726688985639883356e+01
3.726643461102565169e+01
3.726597756317946164e+01
3.726551872608741434e+01
3.726505811269363733e+01
3.726459573568037342e+01
3.726413160751938847e+01
3.726366574055838754e+01
3.726319814712207545e+01
3.726272883960055538e+01
3.726225783050948337e+01
3.726178513251610980e+01
3.726131075843710505e+01
3.726083472122077467e+01
3.726035703392152953e+01
3.725987770966845147e+01
3.725939676162318648e+01
3.725891420292127520e+01
3.725843004661054181e+01
3.725794430561388282e+01
3.725745699271832478e+01
3.725696812056895624e+01
3.725647770166676764e+01
3.725598574838498678e+01
3.725549227299712385e+01
3.725499728769528929e+01
3.725450080458900004e+01
3.725400283569134530e+01
3.725350339290710622e+01
3.725300248803155512e+01
3.725250013275611849e+01
3.725199633867306659e+01
3.725149111727725426e+01
3.725098447996690965e+01
3.725047643804247599e+01
3.724996700269669248e+01
3.724945618499102551e+01
3.724894399582820625e+01
3.724843044593844610e+01
3.724791554588115616e+01
3.724739930605261407e+01
3.724688173670622859e+01
3.724636284799620967e+01
3.724584265002805950e+01
3.724532115288761247e+01
3.724479836663600452e+01
3.724427430127836658e+01
3.724374896672273394e+01
3.724322237273799630e+01
3.724269452891770982e+01
3.724216544466435863e+01
3.724163512920866026e+01
3.724110359166985518e+01
3.724057084114319593e+01
3.724003688680112134e+01
3.723950173801682695e+01
3.723896540448686210e+01
3.723842789629136263e+01
3.723788922387249301e+01
3.723734939794079679e+01
3.723680842932312629e+01
3.723626632882218956e+01
3.723572310717165124e+01
3.723517877508761842e+01
3.723463334336982200e+01
3.723408682302225259e+01
3.723353922535147120e+01
3.723299056199179091e+01
3.723244084488078443e+01
3.723189008627186070e+01
3.723133829881008694e+01
3.723078549561491712e+01
3.723023169031706914e+01
3.722967689703406080e+01
3.722912113029996561e+01
3.722856440498541986e+01
3.722800673622933942e+01
3.722744813938329855e+01
3.722688862997048176e+01
3.722632822366027483e+01
3.722576693625062205e+01
3.722520478364747731e+01
3.722464178183742689e+01
3.722407794686322546e+01
3.722351329481593041e+01
3.722294784184161642e+01
3.722238160414809016e+01
3.722181459800479075e+01
3.722124683974174530e+01
3.722067834575142342e+01
3.722010913248376340e+01
3.721953921642077745e+01
3.721896861403553203e+01
3.721839734176870707e+01
3.721782541605964667e+01
3.721725285342132139e+01
3.721667967050547077e+01
3.721610588412983844e+01
3.721553151128099302e+01
3.721495656911813654e+01
3.721438107499055548e+01
3.721380504645512133e+01
3.721322850127614856e+01
3.721265145740879632e+01
3.721207393297758159e+01
3.721149594626845669e+01
3.721091751574729756e+01
3.721033866008315982e+01
3.720975939813461508e+01
3.720917974889508884e+01
3.720859973144120403e+01
3.720801936491317008e+01
3.720743866851380943e+01
3.720685766150842966e+01
3.720627636322869591e+01
3.720569479308518623e+01
3.720511297058097000e+01
3.720453091531838652e+01
3.720394864699893844e+01
3.720336618541644214e+01
3.720278355044523977e+01
3.720220076202652848e+01
3.720161784014682382e+01
3.720103480481067493e+01
3.720045167603468173e+01
3.719986847387964701e+01
3.719928521849721648e+01
3.719870193016588189e+01
3.719811862931526036e+01
3.719753533654063915e+01
3.719695207260681258e+01
3.719636885844995788e+01
3.719578571518926680e+01
3.719520266414635756e+01
3.719461972685883921e+01
3.719403692507734860e+01
3.719345428074598203e+01
3.719287181597398018e+01
3.719228955300257411e+01
3.719170751415518339e+01
3.719112572175849607e+01
3.719054419805859624e+01
3.718996296518195521e+01
3.718938204515094270e+01
3.718880145991102637e+01
3.718822123133072211e+01
3.718764138117714424e+01
3.718706193109354530e+01
3.718648290259243794e+01
3.718590431705452914e+01
3.718532619571989528e+01
3.718474855967426862e+01
3.718417142983922474e+01
3.718359482696138940e+01
3.718301877159093038e+01
3.718244328404740884e+01
3.718186838437486585e+01
3.718129409229695170e+01
3.718072042719933279e+01
3.718014740815781494e+01
3.717957505399285623e+01
3.717900338331620702e+01
3.717843241455425130e+01
3.717786216594593895e+01
3.717729265552517148e+01
3.717672390111487601e+01
3.717615592035421912e+01
3.717558873074035830e+01
3.717502234964786823e+01
3.717445679432572803e+01
3.717389208188845373e+01
3.717332822929651570e+01
3.717276525334165171e+01
3.717220317067695134e+01
3.717164199788786760e+01
3.717108175154670135e+01
3.717052244820564511e+01
3.716996410434799714e+01
3.716940673635006220e+01
3.716885036047714408e+01
3.716829499290587790e+01
3.716774064976205949e+01
3.716718734716149442e+01
3.716663510123908765e+01
3.716608392816822004e+01
3.716553384417818506e+01
3.716498486556084657e+01
3.716443700866570765e+01
3.716389028989780030e+01
3.716334472570785863e+01
3.716280033254735571e+01
3.716225712680898852e+01
3.716171512480705275e+01
3.716117434279971832e+01
3.716063479700059702e+01
3.716009650354353511e+01
3.715955947841430884e+01
3.715902373739982778e+01
3.715848929609189355e+01
3.715795616992309647e+01
3.715742437418128219e+01
3.715689392399384161e+01
3.715636483432950143e+01
3.715583712003031991e+01
3.715531079582712692e+01
3.715478587632671292e+01
3.715426237599900361e+01
3.715374030916328252e+01
3.715321968995976931e+01
3.715270053231730429e+01
3.715218284993178344e+01
3.715166665625038434e+01
3.715115196445485424e+01
3.715063878745450410e+01
3.715012713789385401e+01
3.714961702816216871e+01
3.714910847040499675e+01
3.714860147654640343e+01
3.714809605831115391e+01
3.714759222723138521e+01
3.714708999464055239e+01
3.714658937167032349e+01
3.714609036926208319e+01
3.714559299819011784e+01
3.714509726907700582e+01
3.714460319237490182e+01
3.714411077830688868e+01
3.714362003679468671e+01
3.714313097740002689e+01
3.714264360928544306e+01
3.714215794118877056e+01
3.714167398140242682e+01
3.714119173775375771e+01
3.714071121758823324e+01
3.714023242775266453e+01
3.713975537458330933e+01
3.713928006392218606e+01
3.713880650116848159e+01
3.713833469133869869e+01
3.713786463911124969e+01
3.713739634885249075e+01
3.713692982463013692e+01
3.713646507022275500e+01
3.713600208915459433e+01
3.713554088479174453e+01
3.713508146047145431e+01
3.713462381958664338e+01
3.713416796559438637e+01
3.713371390196402899e+01
3.713326163209316633e+01
3.713281115922942632e+01
3.713236248640981785e+01
3.713191561639909111e+01
3.713147055162711752e+01
3.713102729414379866e+01
3.713058584559151143e+01
3.713014620719218328e+01
3.712970837975768745e+01
3.712927236370711626e+01
3.712883815905964724e+01
3.712840576540600779e+01
3.712797518188384771e+01
3.712754640716667609e+01
3.712711943945777904e+01
3.712669427648108211e+01
3.712627091547210512e+01
3.712584935317571677e+01
3.712542958586721653e+01
3.712501160942217382e+01
3.712459541941936436e+01
3.712418101123102332e+01
3.712376838011022073e+01
3.712335752131128430e+01
3.712294843023462931e+01
3.712254110257449469e+01
3.712213553444716752e+01
3.712173172246371422e+01
3.712132966373159348e+01
3.712092935579781283e+01
3.712053079655700571e+01
3.712013398414197241e+01
3.711973891679964765e+01
3.711934559278162737e+01
3.711895401030481878e+01
3.711856416757841259e+01
3.711817606283951676e+01
3.711778969439369291e+01
3.711740506069451584e+01
3.711702216041620517e+01
3.711664099243479598e+01
3.711626155574685981e+01
3.711588384943700447e+01
3.711550787272522456e+01
3.711513362503859526e+01
3.711476110607029000e+01
3.711439031582791159e+01
3.711402125467986934e+01
3.711365392340462677e+01
3.711328832323999904e+01
3.711292445592659561e+01
3.711256232374149278e+01
3.711220192951635966e+01
3.711184327663993798e+01
3.711148636905669207e+01
3.711113121126246028e+01
3.711077780828749439e+01
3.711042616568143160e+01
3.711007628952553716e+01
3.710972818647025662e+01
3.710938186376984760e+01
3.710903732927709342e+01
3.710869459138832838e+01
3.710835365895628257e+01
3.710801454116010234e+01
3.710767724732369999e+01
3.710734178674391615e+01
3.710700816859258566e+01
3.710667640187915595e+01
3.710634649543651875e+01
3.710601845792839271e+01
3.710569229790146295e+01
3.710536802391347067e+01
3.710504564472272904e+01
3.710472516946004617e+01
3.710440660772861321e+01
3.710408996962689088e+01
3.710377526569259743e+01
3.710346250681458002e+01
3.710315170421185371e+01
3.710284286949645605e+01
3.710253601473528562e+01
3.710223115245545955e+01
3.710192829561069061e+01
3.710162745756034752e+01
3.710132865210204045e+01
3.710103189353835518e+01
3.710073719672212178e+01
3.710044457706371190e+01
3.710015405052171644e+01
3.709986563358104661e+01
3.709957934319393758e+01
3.709929519668005327e+01
3.709901321162175947e+01
3.709873340577979661e+01
3.709845579702651008e+01
3.709818040329566458e+01
3.709790724254288108e+01
3.709763633270228667e+01
3.709736769163819048e+01
3.709710133709391755e+01
3.709683728663860336e+01
3.709657555762773029e+01
3.709631616718402114e+01
3.709605913218518225e+01
3.709580446924970687e+01
3.709555219471680942e+01
3.709530232460885202e+01
3.709505487457520445e+01
3.709480985984398416e+01
3.709456729520776719e+01
3.709432719504445686e+01
3.709408957336735568e+01
3.709385444390247244e+01
3.709362182017657261e+01
3.709339171558669790e+01
3.709316414343462043e+01
3.709293911693109180e+01
3.709271664918260569e+01
3.709249675317221318e+01
3.709227944174722325e+01
3.709206472762246420e+01
3.709185262340108835e+01
3.709164314161192522e+01
3.709143629474291259e+01
3.709123209523073683e+01
3.709103055540657579e+01
3.709083168745259940e+01
3.709063550340423632e+01
3.709044201517772876e+01
3.709025123458119566e+01
3.709006317328568514e+01
3.708987784277579181e+01
3.708969525431975711e+01
3.708951541897269522e+01
3.708933834760900083e+01
3.708916405098497648e+01
3.708899253981508792e+01
3.708882382482487117e+01
3.708865791674335810e+01
3.708849482620790639e+01
3.708833456360759584e+01
3.708817713895007984e+01
3.708802256180042889e+01
3.708787084126385025e+01
3.708772198596938097e+01
3.708757600404673127e+01
3.708743290311581120e+01
3.708729269030253306e+01
3.708715537226924397e+01
3.708702095523636189e+01
3.708688944498551621e+01
3.708676084685587426e+01
3.708663516575796137e+01
3.708651240621578182e+01
3.708639257241664211e+01
3.708627566824255695e+01
3.708616169727919498e+01
3.708605066281701568e+01
3.708594256785634968e+01
3.708583741511240817e+01
3.708573520701351356e+01
3.708563594569544364e+01
3.708553963299960543e+01
3.708544627047906062e+01
3.708535585940645518e+01
3.708526840077418285e+01
3.708518389527889525e+01
3.708510234328273469e+01
3.708502374476374541e+01
3.708494809929167246e+01
3.708487540603584165e+01
3.708480566377507159e+01
3.708473887089579790e+01
3.708467502539218685e+01
3.708461412488767905e+01
3.708455616668184263e+01
3.708450114778358397e+01
3.708444906488299608e+01
3.708439991427935922e+01
3.708435369183251140e+01
3.708431039297170884e+01
3.708427001273754087e+01
3.708423254581615680e+01
3.708419798654706057e+01
3.708416632891444209e+01
3.708413756653942528e+01
3.708411169268011065e+01
3.708408870024332060e+01
3.708406858181190557e+01
3.708405132967594398e+01
3.708403693584643435e+01
3.708402539204069370e+01
3.708401668964927467e+01
3.708401081971160096e+01
3.708400777291797112e+01
3.708400753962998664e+01
3.708401010990784386e+01
3.708401547353957284e+01
3.708402362006633979e+01
3.708403453879608946e+01
3.708404821880061064e+01
3.708406464890185816e+01
3.708408381766516015e+01
3.708410571340984774e+01
3.708413032422387801e+01
3.708415763796574538e+01
3.708418764226929909e+01
3.708422032458267381e+01
3.708425567224420405e+01
3.708429367256616871e+01
3.708433431288929683e+01
3.708437758057878852e+01
3.708442346295996828e+01
3.708447194723637352e+01
3.708452302043224336e+01
3.708457666933495034e+01
3.708463288039947514e+01
3.708469163965285276e+01
3.708475293265315997e+01
3.708481674448846377e+01
3.708488305978060851e+01
3.708495186269000499e+01
3.708502313693012553e+01
3.708509686579859022e+01
3.708517303221696437e+01
3.708525161875208198e+01
3.708533260760620465e+01
3.708541598060032385e+01
3.708550171918279403e+01
3.708558980446525766e+01
3.708568021725270825e+01
3.708577293803651997e+01
3.708586794698847910e+01
3.708596522405901652e+01
3.708606474919526619e+01
3.708616650253571834e+01
3.708627046444807718e+01
3.708637661541997943e+01
3.708648493590104778e+01
3.708659540618192096e+01
3.708670800634538267e+01
3.708682271628762805e+01
3.708693951577457426e+01
3.708705838448943837e+01
3.708717930206271518e+01
3.708730224810221898e+01
3.708742720223379052e+01
3.708755414414299167e+01
3.708768305359537720e+01
3.708781391042071363e+01
3.708794669445918402e+01
3.708808138548035060e+01
3.708821796309918284e+01
3.708835640670373124e+01
3.708849669538382443e+01
3.708863880785974487e+01
3.708878272244404428e+01
3.708892841704029308e+01
3.708907586910783039e+01
3.708922505555241855e+01
3.708937595263835618e+01
3.708952853603498312e+01
3.708968278096259041e+01
3.708983866232659921e+01
3.708999615479815759e+01
3.709015523285187754e+01
3.709031587077438985e+01
3.709047804266408122e+01
3.709064172242595703e+01
3.709080688373050805e+01
3.709097349991505865e+01
3.709114154386367801e+01
3.709131098794946979e+01
3.709148180410637963e+01
3.709165396400524628e+01
3.709182743923863512e+01
3.709200220146663440e+01
3.709217822253157948e+01
3.709235547451718418e+01
3.709253392974535046e+01
3.709271356078756554e+01
3.709289434054257129e+01
3.709307624233153433e+01
3.709325923995231733e+01
3.709344330771037335e+01
3.709362842048078335e+01
3.709381455380441395e+01
3.709400168397142750e+01
3.709418978806576206e+01
3.709437884397753038e+01
3.709456883039005248e+01
3.709475972673669020e+01
3.709495151311289618e+01
3.709514417014051446e+01
3.709533767882429345e+01
3.709553202044635611e+01
3.709572717649191276e+01
3.709592312857683538e+01
3.709611985837138803e+01
3.709631734752782961e+01
3.709651557761973351e+01
3.709671453009877240e+01
3.709691418626525206e+01
3.709711452723657743e+01
3.709731553390508907e+01
3.709751718689389577e+01
3.709771946652053032e+01
3.709792235277128469e+01
3.709812582529508518e+01
3.709832986343822370e+01
3.709853444633559150e+01
3.709873955303607573e+01
3.709894516261127251e+01
3.709915125421559878e+01
3.709935780709961506e+01
3.709956480059311446e+01
3.709977221407462622e+01
3.709998002694771913e+01
3.710018821863580740e+01
3.710039676857984858e+01
3.710060565622149653e+01
3.710081486096767378e+01
3.710102436213573185e+01
3.710123413889367328e+01
3.710144417022675611e+01
3.710165443494878446e+01
3.710186491174274437e+01
3.710207557919162014e+01
3.710228641577225517e+01
3.710249739981602346e+01
3.710270850946272958e+01
3.710291972263205196e+01
3.710313101701051153e+01
3.710334237003463187e+01
3.710355375886621232e+01
3.710376516037447203e+01
3.710397655113283832e+01
3.710418790742342310e+01
3.710439920524356694e+01
3.710461042031913337e+01
3.710482152812169687e+01
3.710503250386627627e+01
3.710524332247982926e+01
3.710545395857268147e+01
3.710566438644794829e+01
3.710587458013527851e+01
3.710608451340904423e+01
3.710629415977826540e+01
3.710650349246098045e+01
3.710671248435759395e+01
3.710692110803788069e+01
3.710712933574655636e+01
3.710733713941262124e+01
3.710754449064226890e+01
3.710775136068640023e+01
3.710795772039350737e+01
3.710816354016851193e+01
3.710836878994803811e+01
3.710857343919523288e+01
3.710877745692283725e+01
3.710898081174838126e+01
3.710918347196498246e+01
3.710938540561016907e+01
3.710958658052889092e+01
3.710978696442388269e+01
3.710998652489135452e+01
3.711018522946259424e+01
3.711038304567573221e+01
3.711057994118160508e+01
3.711077588385838055e+01
3.711097084190868856e+01
3.711116478393429219e+01
3.711135767895433446e+01
3.711154949632997102e+01
3.711174020566964060e+01
3.711192977682580363e+01
3.711211817995798157e+01
3.711230538554705305e+01
3.711249136432775941e+01
3.711267608720952182e+01
3.711285952523716958e+01
3.711304164955657114e+01
3.711322243132277521e+01
3.711340184155847055e+01
3.711357985106216972e+01
3.711375643044978290e+01
3.711393155028976309e+01
3.711410518122556113e+01
3.711427729403575171e+01
3.711444785963471560e+01
3.711461684901005498e+01
3.711478423312294694e+01
3.711494998285238012e+01
3.711511406902897647e+01
3.711527646253117041e+01
3.711543713439598946e+01
3.711559605589478394e+01
3.711575319854079424e+01
3.711590853404504742e+01
3.711606203424889827e+01
3.711621367103125380e+01
3.711636341624208058e+01
3.711651124178597172e+01
3.711665711985372695e+01
3.711680102314225138e+01
3.711694292496056136e+01
3.711708279922852682e+01
3.711722062038804637e+01
3.711735636323624732e+01
3.711749000272751431e+01
3.711762151385931219e+01
3.711775087173337795e+01
3.711787805173567989e+01
3.711800302969111698e+01
3.711812578192274259e+01
3.711824628524963288e+01
3.711836451697790551e+01
3.711848045489567482e+01
3.711859407724752913e+01
3.711870536268860832e+01
3.711881429025999779e+01
3.711892083941201292e+01
3.711902499004293787e+01
3.711912672250278433e+01
3.711922601756000262e+01
3.711932285637891482e+01
3.711941722054196902e+01
3.711950909209343052e+01
3.711959845355772813e+01
3.711968528792274213e+01
3.711976957861729431e+01
3.711985130950611733e+01
3.711993046489362058e+01
3.712000702952379072e+01
3.712008098858390781e+01
3.712015232771130968e+01
3.712022103299126741e+01
3.712028709096667711e+01
3.712035048869829978e+01
3.712041121387085241e+01
3.712046925490005833e+01
3.712052460100462525e+01
3.712057724221690336e+01
3.712062716931067996e+01
3.712067437365598721e+01
3.712071884705144953e+01
3.712076058159659908e+01
3.712079956964119987e+01
3.712083580381824532e+01
3.712086927713746576e+01
3.712089998306996108e+01
3.712092791555208748e+01
3.712095306891428237e+01
3.712097543779920983e+01
3.712099501710910232e+01
3.712101180199112349e+01
3.712102578786559093e+01
3.712103697049120399e+01
3.712104534606048389e+01
3.712105091132445978e+01
3.712105366372706072e+01
3.712105360152298772e+01
3.712105072385465121e+01
3.712104503074927209e+01
3.712103652302825907e+01
3.712102520218842017e+01
3.712101107032303560e+01
3.712099413009752169e+01
3.712097438475144173e+01
3.712095183810920673e+01
3.712092649460643656e+01
3.712089835932989956e+01
3.712086743805460287e+01
3.712083373726915170e+01
3.712079726419330683e+01
3.712075802679269287e+01
3.712071603378855400e+01
3.712067129465589943e+01
3.712062381960407009e+01
3.712057361954074963e+01
3.712052070602728548e+01
3.712046509122998827e+01
3.712040678786670611e+01
3.712034580915133830e+01
3.712028216873842013e+01
3.712021588065699973e+01
3.712014695922790253e+01
3.712007541898494623e+01
3.712000127462831500e+01
3.711992454101098105e+01
3.711984523313400075e+01
3.711976336613004435e+01
3.711967895522555949e+01
3.711959201567557898e+01
3.711950256267721215e+01
3.711941061128013786e+01
3.711931617630590807e+01
3.711921927227890450e+01
3.711911991339144379e+01
3.711901811353022396e+01
3.711891388633587496e+01
3.711880724522554686e+01
3.711869820334144521e+01
3.711858677344871182e+01
3.711847296783621886e+01
3.711835679825930612e+01
3.711823827594480463e+01
3.711811741166037848e+01
3.711799421580042946e+01
3.711786869843597714e+01
3.711774086933433381e+01
3.711761073796414934e+01
3.711747831347518911e+01
3.711734360466828520e+01
3.711720662000730186e+01
3.711706736769428971e+01
3.711692585577102932e+01
3.711678209219719093e+01
3.711663608488268551e+01
3.711648784167230986e+01
3.711633737029336544e+01
3.711618467829743651e+01
3.711602977302266027e+01
3.711587266156666232e+01
3.711571335075271350e+01
3.711555184710076105e+01
3.711538815682572334e+01
3.711522228584844640e+01
3.711505423978137230e+01
3.711488402391122321e+01
3.711471164325970307e+01
3.711453710274251705e+01
3.711436040733718045e+01
3.711418156217098385e+01
3.711400057254169838e+01
3.711381744391397319e+01
3.711363218189526236e+01
3.711344479221858705e+01
3.711325528077981772e+01
3.711306365371103766e+01
3.711286991743148889e+01
3.711267407864981038e+01
3.711247614430396169e+01
3.711227612143489551e+01
3.711207401704365338e+01
3.711186983799428418e+01
3.711166359096739598e+01
3.711145528243222458e+01
3.711124491860993402e+01
3.711103250540090670e+01
3.711081804824964081e+01
3.711060155196391719e+01
3.711038302055536775e+01
3.711016245714925077e+01
3.710993986396818656e+01
3.710971524239390362e+01
3.710948859307861625e+01
3.710925991603694030e+01
3.710902921071347293e+01
3.710879647610975951e+01
3.710856171103115031e+01
3.710832491440173442e+01
3.710808608553361410e+01
3.710784522431035981e+01
3.710760233131794195e+01
3.710735740790839543e+01
3.710711045617006221e+01
3.710686147885775199e+01
3.710661047934644330e+01
3.710635746161992898e+01
3.710610243027222310e+01
3.710584539047479780e+01
3.710558634789714461e+01
3.710532530863797263e+01
3.710506227921493405e+01
3.710479726658643074e+01
3.710453027814328664e+01
3.710426132164094781e+01
3.710399040509374657e+01
3.710371753667981665e+01
3.710344272470747029e+01
3.710316597765260838e+01
3.710288730422053050e+01
3.710260671336389038e+01
3.710232421422566773e+01
3.710203981607920554e+01
3.710175352836665041e+01
3.710146536080360136e+01
3.710117532343706870e+01
3.710088342663417649e+01
3.710058968106611132e+01
3.710029409772315745e+01
3.709999668793657435e+01
3.709969746337814200e+01
3.709939643604690218e+01
3.709909361828236740e+01
3.709878902282239466e+01
3.709848266287579577e+01
3.709817455216758475e+01
3.709786470493558141e+01
3.709755313585586833e+01
3.709723985989229789e+01
3.709692489215183997e+01
3.709660824783343003e+01
3.709628994222848775e+01
3.709596999069701440e+01
3.709564840860090840e+01
3.709532521118170934e+01
3.709500041342376164e+01
3.709467403001087149e+01
3.709434607541449225e+01
3.709401656402965131e+01
3.709368551025724514e+01
3.709335292850946075e+01
3.709301883316740600e+01
3.709268323852124638e+01
3.709234615871715590e+01
3.709200760771690142e+01
3.709166759925359003e+01
3.709132614677276507e+01
3.709098326338811802e+01
3.709063896190442478e+01
3.709029325491161444e+01
3.708994615489729085e+01
3.708959767434181032e+01
3.708924782579672552e+01
3.708889662195348080e+01
3.708854407570246536e+01
3.708819020018612633e+01
3.708783500886966067e+01
3.708747851563995823e+01
3.708712073490550409e+01
3.708676168165926157e+01
3.708640137148024962e+01
3.708603982050191661e+01
3.708567704540881493e+01
3.708531306347224188e+01
3.708494789259949442e+01
3.708458155137439860e+01
3.708421405906467783e+01
3.708384543560402591e+01
3.708347570156345796e+01
3.708310487808368094e+01
3.708273298678509633e+01
3.708236004973133504e+01
3.708198608943084906e+01
3.708161112878974564e+01
3.708123519102956323e+01
3.708085829963720670e+01
3.708048047830905602e+01
3.708010175081221149e+01
3.707972214079712359e+01
3.707934167165593209e+01
3.707896036645684035e+01
3.707857824793301660e+01
3.707819533851728266e+01
3.707781166041866783e+01
3.707742723570291332e+01
3.707704208632325305e+01
3.707665623409177869e+01
3.707626970063817140e+01
3.707588250742101366e+01
3.707549467581607416e+01
3.707510622724349503e+01
3.707471718328535104e+01
3.707432756577193089e+01
3.707393739683205069e+01
3.707354669890047916e+01
3.707315549468246729e+01
3.707276380712323061e+01
3.707237165945527835e+01
3.707197907531012504e+01
3.707158607879092926e+01
3.707119269444196874e+01
3.707079894712455115e+01
3.707040486185104555e+01
3.707001046365694208e+01
3.706961577757710558e+01
3.706922082873013835e+01
3.706882564241741562e+01
3.706843024413343102e+01
3.706803465952645382e+01
3.706763891440891712e+01
3.706724303480475413e+01
3.706684704694616528e+01
3.706645097717385084e+01
3.706605485177401249e+01
3.706565869682214043e+01
3.706526253806282512e+01
3.706486640081687511e+01
3.706447030992445946e+01
3.706407428973304974e+01
3.706367836411169492e+01
3.706328255647207470e+01
3.706288688979835655e+01
3.706249138670234089e+01
3.706209606951275504e+01
3.706170096038104589e+01
3.706130608137161175e+01
3.706091145452575120e+01
3.706051710192460291e+01
3.706012304578815986e+01
3.705972930861128845e+01
3.705933591327342924e+01
3.705894288305382389e+01
3.705855024155519573e+01
3.705815801261957176e+01
3.705776622035230616e+01
3.705737488924347645e+01
3.705698404422789594e+01
3.705659371062439789e+01
3.705620391403703451e+01
3.705581468025050640e+01
3.705542603508758503e+01
3.705503800424312288e+01
3.705465061315416619e+01
3.705426388692942652e+01
3.705387785031869896e+01
3.705349252771446089e+01
3.705310794318364032e+01
3.705272412050815944e+01
3.705234108324494002e+01
3.705195885486191543e+01
3.705157745893149723e+01
3.705119691925195724e+01
3.705081725981294483e+01
3.705043850465388289e+01
3.705006067771939371e+01
3.704968380278977946e+01
3.704930790349717995e+01
3.704893300338265760e+01
3.704855912595132850e+01
3.704818629468466185e+01
3.704781453295434090e+01
3.704744386384457755e+01
3.704707430999589945e+01
3.704670589356379651e+01
3.704633863623491408e+01
3.704597255918280752e+01
3.704560768296233420e+01
3.704524402742256228e+01
3.704488161166057836e+01
3.704452045400354621e+01
3.704416057203751933e+01
3.704380198268886204e+01
3.704344470230466158e+01
3.704308874664845774e+01
3.704273413076925436e+01
3.704238086880044989e+01
3.704202897380942971e+01
3.704167845777566015e+01
3.704132933167310426e+01
3.704098160558084629e+01
3.704063528878490530e+01
3.704029038989862244e+01
3.703994691704728837e+01
3.703960487811222890e+01
3.703926428093489420e+01
3.703892513337878967e+01
3.703858744328323382e+01
3.703825121840935708e+01
3.703791646642014257e+01
3.703758319492090578e+01
3.703725141157183742e+01
3.703692112419663829e+01
3.703659234079182738e+01
3.703626506945223440e+01
3.703593931830916119e+01
3.703561509550362985e+01
3.703529240914694753e+01
3.703497126728419175e+01
3.703465167788399981e+01
3.703433364881571777e+01
3.703401718784107999e+01
3.703370230269366203e+01
3.703338900119425148e+01
3.703307729130013115e+01
3.703276718109573551e+01
3.703245867880295350e+01
3.703215179285462000e+01
3.703184653199340914e+01
3.703154290531710302e+01
3.703124092225471742e+01
3.703094059252120474e+01
3.703064192608088945e+01
3.703034493312167541e+01
3.703004962405155709e+01
3.702975600954489721e+01
3.702946410063737659e+01
3.702917390882677751e+01
3.702888544614261690e+01
3.702859872517969109e+01
3.702831375911316059e+01
3.702803056169118179e+01
3.702774914715645593e+01
3.702746953009668118e+01
3.702719172532514591e+01
3.702691574788021001e+01
3.702664161312507929e+01
3.702636933685539589e+01
3.702609893534545193e+01
3.702583042534764246e+01
3.702556382408897662e+01
3.702529914926567045e+01
3.702503641901334674e+01
3.702477565185290587e+01
3.702451686663054176e+01
3.702426008246165168e+01
3.702400531867669287e+01
3.702375259476603020e+01
3.702350193032193459e+01
3.702325334497854925e+01
3.702300685835579230e+01
3.702276249001201336e+01
3.702252025940150304e+01
3.702228018582912483e+01
3.702204228840486167e+01
3.702180658600819640e+01
3.702157309726117518e+01
3.702134184050053989e+01
3.702111283374594564e+01
3.702088609467401170e+01
3.702066164060992293e+01
3.702043948853556543e+01
3.702021965510645174e+01
3.702000215667541738e+01
3.701978700931931598e+01
3.701957422885779181e+01
3.701936383085952542e+01
3.701915583063864545e+01
3.701895024324140593e+01
3.701874708340366027e+01
3.701854636544696575e+01
3.701834810313665969e+01
3.701815230958770542e+01
3.701795899725425443e+01
3.701776817795725805e+01
3.701757986290620295e+01
3.701739406271008193e+01
3.701721078738552251e+01
3.701703004636387107e+01
3.701685184849441157e+01
3.701667620204171527e+01
3.701650311467813026e+01
3.701633259347336491e+01
3.701616464488595426e+01
3.701599927476255658e+01
3.701583648834310480e+01
3.701567629026494899e+01
3.701551868457089967e+01
3.701536367473871536e+01
3.701521126373295090e+01
3.701506145405685544e+01
3.701491424779057837e+01
3.701476964661965496e+01
3.701462765185863191e+01
3.701448826447659002e+01
3.701435148513928652e+01
3.701421731426681561e+01
3.701408575207962315e+01
3.701395679861622057e+01
3.701383045373148661e+01
3.701370671708513527e+01
3.701358558812148658e+01
3.701346706603946046e+01
3.701335114975962171e+01
3.701323783790198263e+01
3.701312712877252409e+01
3.701301902033809199e+01
3.701291351018559794e+01
3.701281059548131225e+01
3.701271027292914084e+01
3.701261253871719248e+01
3.701251738846146111e+01
3.701242481716601418e+01
3.701233481920757384e+01
3.701224738833468564e+01
3.701216251767563392e+01
3.701208019976392194e+01
3.701200042656956413e+01
3.701192318950410254e+01
3.701184847940610467e+01
3.701177628655686647e+01
3.701170660074679830e+01
3.701163941136120883e+01
3.701157470745643252e+01
3.701151247782810572e+01
3.701145271108725154e+01
3.701139539573831172e+01
3.701134052022892007e+01
3.701128807296553447e+01
3.701123804231553294e+01
3.701119041659849529e+01
3.701114518405512399e+01
3.701110233279567296e+01
3.701106185075521182e+01
3.701102372568593069e+01
3.701098794516980917e+01
3.701095449660218151e+01
3.701092336713720243e+01
3.701089454363041398e+01
3.701086801260085224e+01
3.701084376021157851e+01
3.701082177227068826e+01
3.701080203426059256e+01
3.701078453138772062e+01
3.701076924862833550e+01
3.701075617074707225e+01
3.701074528227748317e+01
3.701073656748209117e+01
3.701073001032809628e+01
3.701072559449320210e+01
3.701072330338610072e+01
3.701072312014647991e+01
3.701072502758557903e+01
3.701072900806739341e+01
3.701073504337419706e+01
3.701074311460235577e+01
3.701075320212136432e+01
3.701076528560599854e+01
3.701077934410059100e+01
3.701079535605700244e+01
3.701081329935504982e+01
3.701083315135312546e+01
3.701085488894860731e+01
3.701087848861380536e+01
3.701090392645929228e+01
3.701093117834879109e+01
3.701096021998485242e+01
3.701099102693221710e+01
3.701102357463819459e+01
3.701105783846187336e+01
3.701109379365650653e+01
3.701113141529153694e+01
3.701117067816876727e+01
3.701121155677068231e+01
3.701125402522238517e+01
3.701129805723894606e+01
3.701134362605228745e+01
3.701139070434288669e+01
3.701143926420955665e+01
3.701148927716445769e+01
3.701154071411846047e+01
3.701159354536640933e+01
3.701164774062212359e+01
3.701170326913522501e+01
3.701176009986345150e+01
3.701181820162746305e+01
3.701187754317893308e+01
3.701193809316929162e+01
3.701199982007852185e+01
3.701206269217804135e+01
3.701212667754425922e+01
3.701219174408184642e+01
3.701225785950805403e+01
3.701232499129221054e+01
3.701239310659426707e+01
3.701246217224910140e+01
3.701253215482775971e+01
3.701260302079614206e+01
3.701267473674479902e+01
3.701274726961185735e+01
3.701282058683197107e+01
3.701289465639368359e+01
3.701296944683246437e+01
3.701304492721113348e+01
3.701312106713145056e+01
3.701319783678363962e+01
3.701327520699402385e+01
3.701335314923075970e+01
3.701343163559394611e+01
3.701351063884962400e+01
3.701359013248614360e+01
3.701367009069259950e+01
3.701375048823013714e+01
3.701383130025843826e+01
3.701391250215731787e+01
3.701399406935908587e+01
3.701407597721980380e+01
3.701415820095780163e+01
3.701424071568083463e+01
3.701432349649115849e+01
3.701440651861298647e+01
3.701448975749757864e+01
3.701457318890396664e+01
3.701465678894753353e+01
3.701474053409791765e+01
3.701482440115356098e+01
3.701490836724939015e+01
3.701499240990147399e+01
3.701507650702441765e+01
3.701516063688450942e+01
3.701524477803526025e+01
3.701532890927931874e+01
3.701541300964299808e+01
3.701549705835957838e+01
3.701558103489742280e+01
3.701566491906017831e+01
3.701574869112888422e+01
3.701583233196897993e+01
3.701591582306230066e+01
3.701599914649627010e+01
3.701608228494720265e+01
3.701616522165090828e+01
3.701624794034807309e+01
3.701633042523732797e+01
3.701641266098683047e+01
3.701649463280134711e+01
3.701657632647862073e+01
3.701665772839852053e+01
3.701673882546155170e+01
3.701681960502347124e+01
3.701690005482987544e+01
3.701698016293914861e+01
3.701705991766387172e+01
3.701713930756973525e+01
3.701721832152411196e+01
3.701729694875340471e+01
3.701737517887897866e+01
3.701745300192967392e+01
3.701753040834073971e+01
3.701760738893420921e+01
3.701768393486814546e+01
3.701776003759168532e+01
3.701783568889170795e+01
3.701791088102127247e+01
3.701798560677354999e+01
3.701805985944663036e+01
3.701813363279274682e+01
3.701820692102986499e+01
3.701827971891168545e+01
3.701835202182689954e+01
3.701842382591207326e+01
3.701849512817621246e+01
3.701856592661074075e+01
3.701863622021760847e+01
3.701870600891960095e+01
3.701877529342380058e+01
3.701884407514166497e+01
3.701891235617912912e+01
3.701898013935797138e+01
3.701904742824586947e+01
3.701911422717871147e+01
3.701918054127705204e+01
3.701924637648009764e+01
3.701931173959528110e+01
3.701937663833516723e+01
3.701944108132420297e+01
3.701950507806449764e+01
3.701956863885389737e+01
3.701963177467774813e+01
3.701969449710848181e+01
3.701975681822274566e+01
3.701981875052135962e+01
3.701988030683577335e+01
3.701994150022467522e+01
3.702000234388624733e+01
3.702006285109958839e+01
3.702012303517888370e+01
3.702018290942262979e+01
3.702024248706386089e+01
3.702030178123305149e+01
3.702036080493171255e+01
3.702041957101087633e+01
3.702047809215932261e+01
3.702053638090929155e+01
3.702059444965301083e+01
3.702065231065423490e+01
3.702070997605113689e+01
3.702076745785617362e+01
3.702082476795698796e+01
3.702088191811923679e+01
3.702093891998553232e+01
3.702099578506171440e+01
3.702105252469628738e+01
3.702110915006769432e+01
3.702116567218226351e+01
3.702122210187705775e+01
3.702127844981879434e+01
3.702133472648721124e+01
3.702139094213990234e+01
3.702144710677035278e+01
3.702150323007862198e+01
3.702155932146736461e+01
3.702161539005147262e+01
3.702167144465800419e+01
3.702172749380951444e+01
3.702178354569476681e+01
3.702183960812674712e+01
3.702189568849193080e+01
3.702195179370244915e+01
3.702200793016778135e+01
3.702206410379853452e+01
3.702212032002975661e+01
3.702217658383835897e+01
3.702223289975083986e+01
3.702228927184903284e+01
3.702234570377489575e+01
3.702240219873626614e+01
3.702245875951846443e+01
3.702251538850172352e+01
3.702257208767768049e+01
3.702262885865803810e+01
3.702268570267838754e+01
3.702274262060689836e+01
3.702279961295881350e+01
3.702285667990513929e+01
3.702291382126963981e+01
3.702297103652581001e+01
3.702302832480752670e+01
3.702308568493133833e+01
3.702314311542267689e+01
3.702320061454891231e+01
3.702325818035625105e+01
3.702331581069402944e+01
3.702337350322238763e+01
3.702343125541025159e+01
3.702348906453132571e+01
3.702354692767182343e+01
3.702360484174107569e+01
3.702366280345293603e+01
3.702372080928573439e+01
3.702377885546859915e+01
3.702383693800274500e+01
3.702389505268281766e+01
3.702395319510561222e+01
3.702401136067869913e+01
3.702406954462524169e+01
3.702412774197901513e+01
3.702418594759016202e+01
3.702424415614847675e+01
3.702430236219599635e+01
3.702436056011616472e+01
3.702441874411429978e+01
3.702447690819506931e+01
3.702453504613416158e+01
3.702459315145188157e+01
3.702465121739945175e+01
3.702470923695497618e+01
3.702476720282339784e+01
3.702482510744806632e+01
3.702488294303601890e+01
3.702494070157634098e+01
3.702499837484010214e+01
3.702505595437636998e+01
3.702511343152088585e+01
3.702517079742227679e+01
3.702522804308092930e+01
3.702528515939273746e+01
3.702534213720062439e+01
3.702539896736656999e+01
3.702545564087084529e+01
3.702551214893079390e+01
3.702556848311274251e+01
3.702562463538259152e+01
3.702568059803849110e+01
3.702573636354711084e+01
3.702579192438185629e+01
3.702584727292633460e+01
3.702590240141681477e+01
3.702595730184663836e+01
3.702601196579768583e+01
3.702606638428728303e+01
3.702612054774867545e+01
3.702617444612931052e+01
3.702622806899695007e+01
3.702628140559799874e+01
3.702633444490812309e+01
3.702638717573343285e+01
3.702643958685165160e+01
3.702649166713282369e+01
3.702654340561231550e+01
3.702659479152967492e+01
3.702664581435777791e+01
3.702669646384559599e+01
3.702674673007171435e+01
3.702679660347053670e+01
3.702684607479326928e+01
3.702689513500843788e+01
3.702694377519080859e+01
3.702699198643948364e+01
3.702703975983395424e+01
3.702708708642917657e+01
3.702713395728959256e+01
3.702718036356115761e+01
3.702722629656375375e+01
3.702727174784573805e+01
3.702731670913900075e+01
3.702736117222450929e+01
3.702740512881630508e+01
3.702744857057310668e+01
3.702749148921613909e+01
3.702753387664202478e+01
3.702757572497244354e+01
3.702761702656766118e+01
3.702765777404304970e+01
3.702769796028947269e+01
3.702773757847710101e+01
3.702777662203102693e+01
3.702781508458442516e+01
3.702785295991908754e+01
3.702789024189519296e+01
3.702792692437434852e+01
3.702796300115615935e+01
3.702799846595484468e+01
3.702803331241374707e+01
3.702806753413062779e+01
3.702810112467905412e+01
3.702813407762388920e+01
3.702816638652519998e+01
3.702819804492936839e+01
3.702822904635836920e+01
3.702825938431264774e+01
3.702828905228953715e+01
3.702831804379592739e+01
3.702834635234233929e+01
3.702837397143802889e+01
3.702840089460260486e+01
3.702842711538257703e+01
3.702845262736493481e+01
3.702847742419658772e+01
3.702850149960869430e+01
3.702852484743121408e+01
3.702854746159386679e+01
3.702856933612314094e+01
3.702859046513935937e+01
3.702861084284689497e+01
3.702863046351370002e+01
3.702864932144787247e+01
3.702866741097718517e+01
3.702868472641885234e+01
3.702870126202787304e+01
3.702871701193953413e+01
3.702873197012848294e+01
3.702874613038529361e+01
3.702875948629991854e+01
3.702877203124409533e+01
3.702878375835092584e+01
3.702879466050602986e+01
3.702880473036900355e+01
3.702881396040550044e+01
3.702882234289116070e+01
3.702882986989305891e+01
3.702883653326581026e+01
3.702884232466809777e+01
3.702884723557536262e+01
3.702885125727682691e+01
3.702885438086966730e+01
3.702885659726875645e+01
3.702885789723487875e+01
3.702885827140495678e+01
3.702885771031053963e+01
3.702885620438559044e+01
3.702885374396358742e+01
3.702885031925703885e+01
3.702884592031951883e+01
3.702884053701548339e+01
3.702883415903679776e+01
3.702882677596123528e+01
3.702881837730215153e+01
3.702880895252697968e+01
3.702879849106605548e+01
3.702878698233205768e+01
3.702877441575321882e+01
3.702876078081222744e+01
3.702874606707261762e+01
3.702873026417191227e+01
3.702871336177687311e+01
3.702869534950363573e+01
3.702867621681935617e+01
3.702865595298282386e+01
3.702863454707760837e+01
3.702861198810852272e+01
3.702858826508347079e+01
3.702856336705929863e+01
3.702853728318075355e+01
3.702851000271270721e+01
3.702848151504016982e+01
3.702845180962743399e+01
3.702842087592556908e+01
3.702838870319420295e+01
3.702835528025319434e+01
3.702832059527422359e+01
3.702828463569411355e+01
3.702824738822661033e+01
3.702820883893939197e+01
3.702816897340897384e+01
3.702812777693998925e+01
3.702808523476588931e+01
3.702804133216297799e+01
3.702799605449335019e+01
3.702794938723026519e+01
3.702790131600499279e+01
3.702785182668385744e+01
3.702780090545594049e+01
3.702774853891890672e+01
3.702769471416966951e+01
3.702763941888142796e+01
3.702758264133296251e+01
3.702752437041360167e+01
3.702746459565059922e+01
3.702740330723160156e+01
3.702734049596481469e+01
3.702727615320215193e+01
3.702721027079255833e+01
3.702714284106264842e+01
3.702707385678466068e+01
3.702700331114147758e+01
3.702693119772578711e+01
3.702685751057327224e+01
3.702678224419782538e+01
3.702670539360919122e+01
3.702662695431502016e+01
3.702654692231515554e+01
3.702646529409784648e+01
3.702638206665061205e+01
3.702629723748371049e+01
3.702621080463615044e+01
3.702612276664073931e+01
3.702603312246282741e+01
3.702594187144009652e+01
3.702584901323589861e+01
3.702575454780436104e+01
3.702565847535446864e+01
3.702556079630348052e+01
3.702546151122835028e+01
3.702536062082983648e+01
3.702525812591221666e+01
3.702515402737857642e+01
3.702504832624457975e+01
3.702494102366495099e+01
3.702483212096188936e+01
3.702472161965348363e+01
3.702460952148407358e+01
3.702449582845462572e+01
3.702438054284822755e+01
3.702426366724586160e+01
3.702414520453631752e+01
3.702402515793976079e+01
3.702390353106051180e+01
3.702378032795053997e+01
3.702365555314961654e+01
3.702352921169814692e+01
3.702340130914127769e+01
3.702327185152808653e+01
3.702314084539334260e+01
3.702300829771380108e+01
3.702287421584513538e+01
3.702273860745294343e+01
3.702260148045650823e+01
3.702246284299682344e+01
3.702232270342025799e+01
3.702218107026710925e+01
3.702203795226689209e+01
3.702189335833472938e+01
3.702174729755497395e+01
3.702159977916197420e+01
3.702145081254222703e+01
3.702130040725508309e+01
3.702114857304368201e+01
3.702099531982251790e+01
3.702084065766212717e+01
3.702068459679122725e+01
3.702052714759796004e+01
3.702036832061259730e+01
3.702020812649316639e+01
3.702004657602862636e+01
3.701988368014497155e+01
3.701971944990155805e+01
3.701955389647483941e+01
3.701938703112934803e+01
3.701921886518196914e+01
3.701904940997195581e+01
3.701887867685245936e+01
3.701870667720634600e+01
3.701853342246693757e+01
3.701835892412413642e+01
3.701818319371687238e+01
3.701800624282171981e+01
3.701782808303657646e+01
3.701764872595075673e+01
3.701746818310632392e+01
3.701728646596814087e+01
3.701710358590762695e+01
3.701691955419033775e+01
3.701673438195972210e+01
3.701654808021595500e+01
3.701636065980359547e+01
3.701617213143132545e+01
3.701598250572679660e+01
3.701579179330806113e+01
3.701560000485006441e+01
3.701540715112784596e+01
3.701521324303531912e+01
3.701501829158947743e+01
3.701482230792093731e+01
3.701462530326745792e+01
3.701442728900441637e+01
3.701422827670745619e+01
3.701402827819860875e+01
3.701382730554169598e+01
3.701362537099298322e+01
3.701342248693038783e+01
3.701321866577975328e+01
3.701301391996059920e+01
3.701280826187283424e+01
3.701260170391166326e+01
3.701239425847960263e+01
3.701218593798292034e+01
3.701197675481244431e+01
3.701176672131079926e+01
3.701155584973081858e+01
3.701134415219304685e+01
3.701113164065780126e+01
3.701091832693133199e+01
3.701070422270220917e+01
3.701048933956600706e+01
3.701027368899838166e+01
3.701005728228911806e+01
3.700984013049379939e+01
3.700962224443804161e+01
3.700940363475191219e+01
3.700918431189851532e+01
3.700896428619382306e+01
3.700874356783624819e+01
3.700852216694396901e+01
3.700830009356020156e+01
3.700807735759114792e+01
3.700785396869822819e+01
3.700762993619910191e+01
3.700740526900467131e+01
3.700717997558631112e+01
3.700695406397038312e+01
3.700672754176976298e+01
3.700650041624842856e+01
3.700627269439107181e+01
3.700604438294720921e+01
3.700581548844034785e+01
3.700558601715369633e+01
3.700535597510521768e+01
3.700512536801778651e+01
3.700489420129713380e+01
3.700466248001662706e+01
3.700443020888157974e+01
3.700419739217607429e+01
3.700396403374183052e+01
3.700373013702829184e+01
3.700349570520208431e+01
3.700326074125745635e+01
3.700302524807895566e+01
3.700278922845741647e+01
3.700255268507474682e+01
3.700231562047989797e+01
3.700207803709414378e+01
3.700183993723385356e+01
3.700160132307285465e+01
3.700136219650738667e+01
3.700112255898312696e+01
3.700088241137282097e+01
3.700064175395226584e+01
3.700040058645525676e+01
3.700015890816845143e+01
3.699991671806714777e+01
3.699967401497541886e+01
3.699943079771258425e+01
3.699918706524167078e+01
3.699894281682954045e+01
3.699869805216999907e+01
3.699845277143874256e+01
3.699820697530150682e+01
3.699796066489304991e+01
3.699771384175906519e+01
3.699746650778352830e+01
3.699721866516470925e+01
3.699697031645941081e+01
3.699672146462619082e+01
3.699647211300140981e+01
3.699622226523144519e+01
3.699597192522046640e+01
3.699572109711328949e+01
3.699546978529478736e+01
3.699521799440001502e+01
3.699496572937113825e+01
3.699471299556201842e+01
3.699445979881458868e+01
3.699420614546416175e+01
3.699395204232318690e+01
3.699369749671774343e+01
3.699344251659605476e+01
3.699318711065161125e+01
3.699293128838591116e+01
3.699267506009718431e+01
3.699241843684668396e+01
3.699216143045030947e+01
3.699190405349167321e+01
3.699164631932643488e+01
3.699138824205926568e+01
3.699112983649169450e+01
3.699087111805529560e+01
3.699061210275944234e+01
3.699035280716253737e+01
3.699009324833537704e+01
3.698983344379434612e+01
3.698957341142682509e+01
3.698931316943897230e+01
3.698905273632986024e+01
3.698879213088113715e+01
3.698853137215063214e+01
3.698827047946299729e+01
3.698800947240041381e+01
3.698774837079808009e+01
3.698748719474075841e+01
3.698722596454951628e+01
3.698696470075488918e+01
3.698670342406316536e+01
3.698644215532370794e+01
3.698618091550594045e+01
3.698591972569199271e+01
3.698565860707709163e+01
3.698539758096512031e+01
3.698513666875243189e+01
3.698487589190199287e+01
3.698461527192620224e+01
3.698435483040197624e+01
3.698409458901298308e+01
3.698383456958516291e+01
3.698357479409099113e+01
3.698331528463042872e+01
3.698305606340988305e+01
3.698279715273093871e+01
3.698253857499074115e+01
3.698228035269116276e+01
3.698202250844411054e+01
3.698176506494655769e+01
3.698150804490889243e+01
3.698125147096766341e+01
3.698099536562943968e+01
3.698073975124103896e+01
3.698048464995387263e+01
3.698023008368150499e+01
3.697997607406984599e+01
3.697972264248681284e+01
3.697946981002662881e+01
3.697921759752583881e+01
3.697896602558799373e+01
3.697871511460748906e+01
3.697846488477964755e+01
3.697821535609334376e+01
3.697796654831871166e+01
3.697771848100755676e+01
3.697747117350931489e+01
3.697722464499383221e+01
3.697697891447614893e+01
3.697673400084701001e+01
3.697648992292591430e+01
3.697624669955497012e+01
3.697600434971229788e+01
3.697576289259323801e+01
3.697552234764580703e+01
3.697528273458373604e+01
3.697504407339270216e+01
3.697480638433652445e+01
3.697456968796631571e+01
3.697433400512182544e+01
3.697409935691036509e+01
3.697386576466824692e+01
3.697363324992019074e+01
3.697340183433977501e+01
3.697317153970986681e+01
3.697294238788791176e+01
3.697271440077802396e+01
3.697248760030702641e+01
3.697226200840236743e+01
3.697203764697300699e+01
3.697181453789321637e+01
3.697159270298926970e+01
3.697137216403688598e+01
3.697115294277909925e+01
3.697093506095387738e+01
3.697071854030324545e+01
3.697050340255609058e+01
3.697028966940703754e+01
3.697007736251000409e+01
3.696986650348630121e+01
3.696965711394835097e+01
3.696944921554092645e+01
3.696924282998531197e+01
3.696903797910886169e+01
3.696883468485894042e+01
3.696863296930813902e+01
3.696843285465551787e+01
3.696823436322796397e+01
3.696803751748237943e+01
3.696784234000116953e+01
3.696764885347305096e+01
3.696745708066900704e+01
3.696726704442992428e+01
3.696707876766785716e+01
3.696689227336925399e+01
3.696670758458356687e+01
3.696652472438749015e+01
3.696634371583265022e+01
3.696616458189815546e+01
3.696598734547239218e+01
3.696581202937274924e+01
3.696563865637710222e+01
3.696546724922892935e+01
3.696529783061227192e+01
3.696513042311400454e+01
3.696496504917440973e+01
3.696480173102219169e+01
3.696464049061141566e+01
3.696448134959641862e+01
3.696432432936130397e+01
3.696416945107277741e+01
3.696401673572715652e+01
3.696386620420419433e+01
3.696371787733353642e+01
3.696357177594756394e+01
3.696342792089723162e+01
3.696328633302887567e+01
3.696314703313674244e+01
3.696301004191646200e+01
3.696287537994182770e+01
3.696274306766508033e+01
3.696261312542388566e+01
3.696248557345031571e+01
3.696236043188667253e+01
3.696223772079441261e+01
3.696211746013487698e+01
3.696199966973247086e+01
3.696188436925339715e+01
3.696177157821269788e+01
3.696166131599778737e+01
3.696155360189296601e+01
3.696144845509521559e+01
3.696134589472017495e+01
3.696124593980623274e+01
3.696114860932733848e+01
3.696105392221359409e+01
3.696096189736604032e+01
3.696087255366168023e+01
3.696078590995262658e+01
3.696070198505164228e+01
3.696062079770012332e+01
3.696054236653121450e+01
3.696046671003587392e+01
3.696039384653176540e+01
3.696032379415074587e+01
3.696025657086821070e+01
3.696019219456553628e+01
3.696013068308472072e+01
3.696007205424799480e+01
3.696001632585009133e+01
3.695996351564571114e+01
3.695991364134371793e+01
3.695986672060433875e+01
3.695982277102852009e+01
3.695978181012971930e+01
3.695974385528531769e+01
3.695970892367918026e+01
3.695967703226081369e+01
3.695964819773176657e+01
3.695962243654473411e+01
3.695959976491722188e+01
3.695958019887931556e+01
3.695956375434091967e+01
3.695955044715221050e+01
3.695954029316987999e+01
3.695953330833705763e+01
3.695952950873784459e+01
3.695952891059440049e+01
3.695953153022412607e+01
3.695953738399579436e+01
3.695954648830813483e+01
3.695955885958982634e+01
3.695957451431017660e+01
3.695959346898789732e+01
3.695961574018132012e+01
3.695964134445914340e+01
3.695967029837409967e+01
3.695970261845513249e+01
3.695973832121416081e+01
3.695977742316551229e+01
3.695981994085703093e+01
3.695986589087880958e+01
3.695991528980270147e+01
3.695996815407705327e+01
3.696002449995843619e+01
3.696008434351158911e+01
3.696014770064436306e+01
3.696021458714466945e+01
3.696028501870861049e+01
3.696035901094720089e+01
3.696043657934244919e+01
3.696051773915952054e+01
3.696060250538335623e+01
3.696069089271851027e+01
3.696078291561338602e+01
3.696087858826104622e+01
3.696097792457280207e+01
3.696108093814883233e+01
3.696118764226049080e+01
3.696129804982675182e+01
3.696141217335465257e+01
3.696153002484655303e+01
3.696165161571912705e+01
3.696177695677103259e+01
3.696190605819536756e+01
3.696203892961457171e+01
3.696217558012305915e+01
3.696231601833474656e+01
3.696246025243254252e+01
3.696260829022070737e+01
3.696276013919670334e+01
3.696291580662795440e+01
3.696307529957300630e+01
3.696323862483063039e+01
3.696340578887434702e+01
3.696357679783166361e+01
3.696375165752088776e+01
3.696393037351607092e+01
3.696411295119741425e+01
3.696429939575976675e+01
3.696448971217042612e+01
3.696468390507535418e+01
3.696488197868880832e+01
3.696508393673556014e+01
3.696528978245351027e+01
3.696549951858460759e+01
3.696571314730731217e+01
3.696593067011548328e+01
3.696615208766316130e+01
3.696637739964538127e+01
3.696660660479881955e+01
3.696683970099788041e+01
3.696707668535658797e+01
3.696731755430131727e+01
3.696756230362785800e+01
3.696781092855270856e+01
3.696806342375845844e+01
3.696831978344015113e+01
3.696858000135750189e+01
3.696884407089293489e+01
3.696911198513009822e+01
3.696938373695864044e+01
3.696965931918094128e+01
3.696993872458086372e+01
3.697022194591355770e+01
3.697050897582518303e+01
3.697079980676672761e+01
3.697109443093608405e+01
3.697139284023766237e+01
3.697169502626246640e+01
3.697200098030025828e+01
3.697231069337028941e+01
3.697262415625294807e+01
3.697294135952827077e+01
3.697326229363775241e+01
3.697358694897349807e+01
3.697391531595369685e+01
3.697424738501821651e+01
3.697458314655602862e+01
3.697492259087249522e+01
3.697526570827072590e+01
3.697561248919225818e+01
3.697596292430031184e+01
3.697631700445197822e+01
3.697667472059928429e+01
3.697703606369316987e+01
3.697740102463422573e+01
3.697776959425947041e+01
3.697814176332816061e+01
3.697851752248804758e+01
3.697889686223591355e+01
3.697927977289158008e+01
3.697966624458469909e+01
3.698005626724439310e+01
3.698044983059282487e+01
3.698084692414361996e+01
3.698124753719343971e+01
3.698165165879701988e+01
3.698205927774802859e+01
3.698247038261646225e+01
3.698288496184243712e+01
3.698330300380379043e+01
3.698372449679689566e+01
3.698414942896687307e+01
3.698457778825333264e+01
3.698500956236829751e+01
3.698544473878774141e+01
3.698588330474799335e+01
3.698632524724796866e+01
3.698677055305726924e+01
3.698721920873204283e+01
3.698767120063475033e+01
3.698812651494322523e+01
3.698858513764409395e+01
3.698904705452039821e+01
3.698951225113916763e+01
3.698998071284585620e+01
3.699045242477919260e+01
3.699092737190063929e+01
3.699140553900730310e+01
3.699188691070879287e+01
3.699237147137970538e+01
3.699285920511407255e+01
3.699335009569735888e+01
3.699384412658714893e+01
3.699434128088608986e+01
3.699484154130512081e+01
3.699534489012952321e+01
3.699585130921719411e+01
3.699636078005435991e+01
3.699687328382492524e+01
3.699738880140187547e+01
3.699790731325490611e+01
3.699842879937464346e+01
3.699895323928057422e+01
3.699948061208357331e+01
3.700001089656591091e+01
3.700054407128173750e+01
3.700108011465954405e+01
3.700161900504904366e+01
3.700216072067745898e+01
3.700270523954544899e+01
3.700325253932788883e+01
3.700380259729897148e+01
3.700435539025829002e+01
3.700491089449006665e+01
3.700546908582168726e+01
3.700602993975141430e+01
3.700659343153716918e+01
3.700715953619076259e+01
3.700772822840297493e+01
3.700829948245891643e+01
3.700887327219624012e+01
3.700944957102565525e+01
3.701002835200505103e+01
3.701060958793016908e+01
3.701119325138630956e+01
3.701177931474058624e+01
3.701236775010984559e+01
3.701295852935198383e+01
3.701355162409033284e+01
3.701414700573903360e+01
3.701474464550314281e+01
3.701534451437374429e+01
3.701594658316599862e+01
3.701655082260200658e+01
3.701715720338970783e+01
3.701776569628237468e+01
3.701837627213802762e+01
3.701898890197306713e+01
3.701960355698758320e+01
3.702022020856054496e+01
3.702083882824589267e+01
3.702145938780957835e+01
3.702208185929872997e+01
3.702270621507966553e+01
3.702333242779404543e+01
3.702396047024100767e+01
3.702459031524274025e+01
3.702522193556169583e+01
3.702585530388887491e+01
3.702649039285939381e+01
3.702712717504860507e+01
3.702776562293699669e+01
3.702840570884684723e+01
3.702904740486136603e+01
3.702969068275552189e+01
3.703033551396772083e+01
3.703098186962323268e+01
3.703162972060811597e+01
3.703227903768416240e+01
3.703292979163109067e+01
3.703358195339650649e+01
3.703423549421859207e+01
3.703489038569914982e+01
3.703554659983566211e+01
3.703620410902225046e+01
3.703686288602137466e+01
3.703752290391506818e+01
3.703818413605227278e+01
3.703884655601472531e+01
3.703951013760517696e+01
3.704017485482495431e+01
3.704084068182226019e+01
3.704150759284826933e+01
3.704217556226002017e+01
3.704284456455049934e+01
3.704351457436321482e+01
3.704418556649309124e+01
3.704485751589420772e+01
3.704553039768167366e+01
3.704620418712471519e+01
3.704687885966123417e+01
3.704755439093863600e+01
3.704823075685562372e+01
3.704890793359331980e+01
3.704958589763659660e+01
3.705026462578762647e+01
3.705094409517458587e+01
3.705162428325058954e+01
3.705230516778192396e+01
3.705298672685085393e+01
3.705366893889650015e+01
3.705435178277216579e+01
3.705503523777937858e+01
3.705571928366682499e+01
3.705640390060101197e+01
3.705708906911359435e+01
3.705777477003795184e+01
3.705846098445455539e+01
3.705914769364704142e+01
3.705983487904560292e+01
3.706052252213632414e+01
3.706121060434805514e+01
3.706189910694908463e+01
3.706258801096911526e+01
3.706327729714168129e+01
3.706396694585632190e+01
3.706465693710391918e+01
3.706534725039966105e+01
3.706603786468942729e+01
3.706672875826395597e+01
3.706741990870418846e+01
3.706811129287143558e+01
3.706880288693454162e+01
3.706949466640289614e+01
3.707018660614973271e+01
3.707087868045290691e+01
3.707157086306397531e+01
3.707226312726263728e+01
3.707295544588777148e+01
3.707364779140167599e+01
3.707434013600973799e+01
3.707503245178991591e+01
3.707572471078413656e+01
3.707641688504016031e+01
3.707710894662018575e+01
3.707780086760759986e+01
3.707849262011950486e+01
3.707918417628616936e+01
3.707987550817885847e+01
3.708056658772981251e+01
3.708125738668737625e+01
3.708194787661782499e+01
3.708263802894131800e+01
3.708332781496293507e+01
3.708401720588430805e+01
3.708470617282004866e+01
3.708539468682200635e+01
3.708608271889865904e+01
3.708677024004325773e+01
3.708745722128632849e+01
3.708814363376570356e+01
3.708882944879658794e+01
3.708951463792208614e+01
3.709019917293844060e+01
3.709088302590080843e+01
3.709156616909390891e+01
3.709224857494817940e+01
3.709293021593155260e+01
3.709361106447242662e+01
3.709429109293324700e+01
3.709497027362408517e+01
3.709564857884539180e+01
3.709632598094835032e+01
3.709700245239999106e+01
3.709767796584745270e+01
3.709835249418022585e+01
3.709902601059241789e+01
3.709969848864113118e+01
3.710036990230189957e+01
3.710104022604848240e+01
3.710170943495314333e+01
3.710237750474502150e+01
3.710304441180810642e+01
3.710371013316853350e+01
3.710437464649057659e+01
3.710503793005325690e+01
3.710569996269860837e+01
3.710636072378196815e+01
3.710702019314560829e+01
3.710767835109142254e+01
3.710833517832530504e+01
3.710899065589967449e+01
3.710964476518318378e+01
3.711029748782078741e+01
3.711094880564304077e+01
3.711159870056674492e+01
3.711224715457640144e+01
3.711289414984589285e+01
3.711353966898398227e+01
3.711418369526995065e+01
3.711482621272178761e+01
3.711546720600944838e+01
3.711610666035061712e+01
3.711674456145806289e+01
3.711738089553280417e+01
3.711801564929916708e+01
3.711864881007294770e+01
3.711928036582664703e+01
3.711991030521674162e+01
3.712053861756227491e+01
3.712116529277367505e+01
3.712179032124177525e+01
3.712241369371891864e+01
3.712303540122837120e+01
3.712365543502148313e+01
3.712427378658159682e+01
3.712489044765225543e+01
3.712550541026066497e+01
3.712611866670692962e+01
3.712673020948324876e+01
3.712734003113558856e+01
3.712794812415950219e+01
3.712855448099135458e+01
3.712915909406976311e+01
3.712976195592715101e+01
3.713036305929207970e+01
3.713096239719935454e+01
3.713155996310693752e+01
3.713215575099050625e+01
3.713274975537854061e+01
3.713334197132314074e+01
3.713393239432509318e+01
3.713452102023065748e+01
3.713510784511568374e+01
3.713569286516880652e+01
3.713627607656484031e+01
3.713685747532071701e+01
3.713743705716789378e+01
3.713801481748912181e+01
3.713859075132634757e+01
3.713916485342262064e+01
3.713973711825139645e+01
3.714030754001471024e+01
3.714087611262569766e+01
3.714144282970575262e+01
3.714200768463429370e+01
3.714257067067551077e+01
3.714313178113721392e+01
3.714369100945762625e+01
3.714424834918311547e+01
3.714480379391369524e+01
3.714535733727684885e+01
3.714590897291792260e+01
3.714645869450507121e+01
3.714700649576347047e+01
3.714755237052807502e+01
3.714809631278946966e+01
3.714863831670473360e+01
3.714917837657809230e+01
3.714971648687467365e+01
3.715025264228687973e+01
3.715078683777541357e+01
3.715131906852271015e+01
3.715184932981320287e+01
3.715237761690883644e+01
3.715290392500924810e+01
3.715342824933375709e+01
3.715395058527054317e+01
3.715447092848590671e+01
3.715498927490981629e+01
3.715550562061335427e+01
3.715601996166565613e+01
3.715653229402987989e+01
3.715704261350101945e+01
3.715755091566322932e+01
3.715805719585394939e+01
3.715856144914947379e+01
3.715906367038170544e+01
3.715956385416465935e+01
3.716006199490825423e+01
3.716055808682244077e+01
3.716105212393490120e+01
3.716154410015362686e+01
3.716203400937716594e+01
3.716252184560687510e+01
3.716300760301626838e+01
3.716349127597950286e+01
3.716397285908815462e+01
3.716445234717478741e+01
3.716492973533269151e+01
3.716540501891706327e+01
3.716587819355110867e+01
3.716634925516324728e+01
3.716681820003902459e+01
3.716728502486807173e+01
3.716774972678528144e+01
3.716821230339344595e+01
3.716867275274208282e+01
3.716913107325853360e+01
3.716958726366638643e+01
3.717004132291755525e+01
3.717049325012045813e+01
3.717094304445453901e+01
3.717139070510531695e+01
3.717183623125976055e+01
3.717227962217377524e+01
3.717272087729328689e+01
3.717315999635192014e+01
3.717359697934985263e+01
3.717403182645965387e+01
3.717446453801969852e+01
3.717489511464848562e+01
3.717532355735011862e+01
3.717574986752435251e+01
3.717617404692306593e+01
3.717659609762718986e+01
3.717701602206845024e+01
3.717743382307256184e+01
3.717784950388288934e+01
3.717826306813839210e+01
3.717867451981453542e+01
3.717908386313885671e+01
3.717949110247928957e+01
3.717989624222369827e+01
3.718029928666626205e+01
3.718070023989577777e+01
3.718109910571030952e+01
3.718149588759317226e+01
3.718189058874054354e+01
3.718228321211539367e+01
3.718267376052289563e+01
3.718306223669061694e+01
3.718344864331372435e+01
3.718383298305241169e+01
3.718421525851082521e+01
3.718459547222384032e+01
3.718497362665839745e+01
3.718534972422945373e+01
3.718572376732085161e+01
3.718609575829736968e+01
3.718646569951391712e+01
3.718683359335094707e+01
3.718719944231425956e+01
3.718756324921459111e+01
3.718792501736287903e+01
3.718828475066415962e+01
3.718864245356733989e+01
3.718899813093993600e+01
3.718935178797011787e+01
3.718970343014179747e+01
3.719005306324674365e+01
3.719040069337428633e+01
3.719074632684648662e+01
3.719108997009386997e+01
3.719143162949807646e+01
3.719177131125398006e+01
3.719210902127271368e+01
3.719244476509345532e+01
3.719277854779718240e+01
3.719311037396720110e+01
3.719344024771589829e+01
3.719376817274558533e+01
3.719409415239571359e+01
3.719441818965502478e+01
3.719474028716787473e+01
3.719506044727074112e+01
3.719537867205111326e+01
3.719569496339867243e+01
3.719600932304177121e+01
3.719632175259371820e+01
3.719663225362143777e+01
3.719694082769660781e+01
3.719724747637472717e+01
3.719755220111477456e+01
3.719785500320855931e+01
3.719815588375396942e+01
3.719845484367106536e+01
3.719875188377950792e+01
3.719904700493061256e+01
3.719934020813737874e+01
3.719963149466854446e+01
3.719992086610363913e+01
3.720020832434713753e+01
3.720049387161827070e+01
3.720077751043889691e+01
3.720105924361162408e+01
3.720133907416579433e+01
3.720161700527911819e+01
3.720189304021195653e+01
3.720216718227963071e+01
3.720243943487047744e+01
3.720270980150291962e+01
3.720297828588738298e+01
3.720324489195996165e+01
3.720350962388978644e+01
3.720377248608053833e+01
3.720403348317106662e+01
3.720429262002127757e+01
3.720454990167866782e+01
3.720480533334184514e+01
3.720505892035719597e+01
3.720531066828473854e+01
3.720556058300392976e+01
3.720580867076777309e+01
3.720605493817032539e+01
3.720629939208686210e+01
3.720654203964916462e+01
3.720678288827434699e+01
3.720702194574241872e+01
3.720725922029037491e+01
3.720749472068197861e+01
3.720772845624927783e+01
3.720796043691952093e+01
3.720819067322644003e+01
3.720841917629628881e+01
3.720864595779195128e+01
3.720887102981420469e+01
3.720909440479810826e+01
3.720931609544057750e+01
3.720953611465422739e+01
3.720975447553002624e+01
3.720997119130675657e+01
3.721018627534828482e+01
3.721039974111396020e+01
3.721061160208819274e+01
3.721082187164858368e+01
3.721103056291558886e+01
3.721123768865869863e+01
3.721144326127853219e+01
3.721164729282216399e+01
3.721184979498761436e+01
3.721205077910311587e+01
3.721225025608877957e+01
3.721244823641635691e+01
3.721264473007679641e+01
3.721283974655361249e+01
3.721303329479336242e+01
3.721322538316734096e+01
3.721341601942845045e+01
3.721360521067191485e+01
3.721379296330283637e+01
3.721397928301349367e+01
3.721416417477915672e+01
3.721434764286854602e+01
3.721452969084931794e+01
3.721471032158102332e+01
3.721488953720601955e+01
3.721506733914726084e+01
3.721524372810606707e+01
3.721541870404820429e+01
3.721559226618314398e+01
3.721576441295309934e+01
3.721593514203857467e+01
3.721610445037467230e+01
3.721627233417031277e+01
3.721643878892940194e+01
3.721660380947488989e+01
3.721676738996704614e+01
3.721692952390126408e+01
3.721709020408246005e+01
3.721724942259464797e+01
3.721740717078797189e+01
3.721756343928435484e+01
3.721771821798601820e+01
3.721787149607423117e+01
3.721802326199642152e+01
3.721817350344939257e+01
3.721832220736249752e+01
3.721846935987309024e+01
3.721861494629411027e+01
3.721875895108855303e+01
3.721890135785947251e+01
3.721904214934881594e+01
3.721918130743330266e+01
3.721931881312224277e+01
3.721945464658165292e+01
3.721958878719741648e+01
3.721972121365975994e+01
3.721985190403904653e+01
3.721998083582161598e+01
3.722010798587938041e+01
3.722023333037806481e+01
3.722035684465230787e+01
3.722047850307203021e+01
3.722059827893995276e+01
3.722071614446024057e+01
3.722083207078311773e+01
3.722094602812742181e+01
3.722105798597429072e+01
3.722116791327734830e+01
3.722127577863304282e+01
3.722138155040804719e+01
3.722148519683457124e+01
3.722158668605403875e+01
3.722168598611692403e+01
3.722178306500010336e+01
3.722187789067783115e+01
3.722197043122483961e+01
3.722206065491554483e+01
3.722214853029698389e+01
3.722223402621494159e+01
3.722231711176512192e+01
3.722239775618976410e+01
3.722247592881029732e+01
3.722255159905449062e+01
3.722262473654497228e+01
3.722269531117800767e+01
3.722276329315263155e+01
3.722282865296271837e+01
3.722289136137156618e+01
3.722295138936893011e+01
3.722300870811637452e+01
3.722306328889749238e+01
3.722311510309346971e+01
3.722316412218593484e+01
3.722321031774029620e+01
3.722325366132189828e+01
3.722329412436933183e+01
3.722333167810182175e+01
3.722336629350549941e+01
3.722339794136359359e+01
3.722342659227287243e+01
3.722345221664365766e+01
3.722347478470946669e+01
3.722349426655428317e+01
3.722351063215439382e+01
3.722352385142706055e+01
3.722353389427434678e+01
3.722354073062107460e+01
3.722354433044596789e+01
3.722354466379238147e+01
3.722354170076340552e+01
3.722353541153844247e+01
3.722352576644235711e+01
3.722351273606530242e+01
3.722349629139716853e+01
3.722347640392599288e+01
3.722345304568180779e+01
3.722342618925517854e+01
3.722339580782063706e+01
3.722336187515521289e+01
3.722332436561998037e+01
3.722328325409483085e+01
3.722323851588212307e+01
3.722319012660153703e+01
3.722313806211901266e+01
3.722308229854879613e+01
3.722302281231194598e+01
3.722295958020949769e+01
3.722289257948685304e+01
3.722282178786988283e+01
3.722274718355923540e+01
3.722266874520118307e+01
3.722258645187510240e+01
3.722250028311987791e+01
3.722241021899347402e+01
3.722231624015974205e+01
3.722221832800740060e+01
3.722211646477683900e+01
3.722201063362745543e+01
3.722190081861153743e+01
3.722178700459161149e+01
3.722166917714127266e+01
3.722154732243429009e+01
3.722142142711136614e+01
3.722129147812348293e+01
3.722115746258792512e+01
3.722101936771251474e+01
3.722087718080065599e+01
3.722073088927986362e+01
3.722058048066977420e+01
3.722042594246649116e+01
3.722026726202106062e+01
3.722010442649099105e+01
3.721993742284828954e+01
3.721976623790116179e+01
3.721959085831666414e+01
3.721941127062584087e+01
3.721922746119478376e+01
3.721903941617134848e+01
3.721884712143280183e+01
3.721865056257446724e+01
3.721844972496843695e+01
3.721824459386130002e+01
3.721803515446504917e+01
3.721782139206358409e+01
3.721760329217959651e+01
3.721738084078142350e+01
3.721715402446066889e+01
3.721692283052801287e+01
3.721668724701455488e+01
3.721644726258544722e+01
3.721620286637664776e+01
3.721595404780627803e+01
3.721570079645329088e+01
3.721544310203443473e+01
3.721518095441635410e+01
3.721491434359944606e+01
3.721464325968511133e+01
3.721436769288983726e+01
3.721408763363427141e+01
3.721380307267709497e+01
3.721351400125960396e+01
3.721322041122794388e+01
3.721292229508323857e+01
3.721261964593234950e+01
3.721231245736075266e+01
3.721200072328101527e+01
3.721168443783200530e+01
3.721136359541542049e+01
3.721103819089204734e+01
3.721070821979755294e+01
3.721037367839169718e+01
3.721003456354390693e+01
3.720969087260034058e+01
3.720934260331914345e+01
3.720898975390022656e+01
3.720863232311047852e+01
3.720827031040608546e+01
3.720790371592138968e+01
3.720753254032042889e+01
3.720715678460657472e+01
3.720677644996433742e+01
3.720639153765571194e+01
3.720600204897403529e+01
3.720560798525042401e+01
3.720520934789819734e+01
3.720480613847973927e+01
3.720439835878212165e+01
3.720398601088886892e+01
3.720356909723706451e+01
3.720314762065695646e+01
3.720272158440574373e+01
3.720229099221693048e+01
3.720185584837795290e+01
3.720141615781947309e+01
3.720097192620372795e+01
3.720052316004213822e+01
3.720006986683720385e+01
3.719961205515436120e+01
3.719914973455250617e+01
3.719868291541914829e+01
3.719821160882302991e+01
3.719773582647397348e+01
3.719725558077036709e+01
3.719677088481936522e+01
3.719628175238312906e+01
3.719578819781717982e+01
3.719529023605369389e+01
3.719478788261489655e+01
3.719428115361090903e+01
3.719377006569769861e+01
3.719325463602038440e+01
3.719273488216725099e+01
3.719221082211507223e+01
3.719168247415683481e+01
3.719114985686068309e+01
3.719061298910287405e+01
3.719007189015240300e+01
3.718952657975559362e+01
3.718897707819732545e+01
3.718842340633990773e+01
3.718786558561124167e+01
3.718730363790535876e+01
3.718673758545277508e+01
3.718616745076874253e+01
3.718559325668434923e+01
3.718501502637272438e+01
3.718443278331193369e+01
3.718384655122454063e+01
3.718325635408432817e+01
3.718266221620197598e+01
3.718206416232143141e+01
3.718146221768513726e+01
3.718085640805639969e+01
3.718024675968523951e+01
3.717963329923043858e+01
3.717901605367477913e+01
3.717839505025877855e+01
3.717777031644270380e+01
3.717714187989582086e+01
3.717650976850614342e+01
3.717587401040676554e+01
3.717523463401287387e+01
3.717459166806361992e+01
3.717394514166991826e+01
3.717329508436218788e+01
3.717264152610985661e+01
3.717198449727855092e+01
3.717132402853079043e+01
3.717066015073056917e+01
3.716999289491126035e+01
3.716932229230878448e+01
3.716864837441722358e+01
3.716797117302589015e+01
3.716729072023013458e+01
3.716660704843921081e+01
3.716592019040169248e+01
3.716523017923768890e+01
3.716453704844384731e+01
3.716384083185739939e+01
3.716314156361144683e+01
3.716243927811655823e+01
3.716173401006481924e+01
3.716102579443185761e+01
3.716031466646531101e+01
3.715960066166545062e+01
3.715888381576488086e+01
3.715816416470625683e+01
3.715744174462197691e+01
3.715671659182555686e+01
3.715598874280985342e+01
3.715525823423551088e+01
3.715452510290289467e+01
3.715378938570935219e+01
3.715305111959391127e+01
3.715231034148091283e+01
3.715156708824318343e+01
3.715082139668762551e+01
3.715007330354465864e+01
3.714932284544796914e+01
3.714857005890740993e+01
3.714781498028388995e+01
3.714705764576813607e+01
3.714629809135846017e+01
3.714553635283957789e+01
3.714477246577015279e+01
3.714400646547422014e+01
3.714323838702289038e+01
3.714246826520732725e+01
3.714169613452531848e+01
3.714092202920387820e+01
3.714014598324919092e+01
3.713936803048872548e+01
3.713858820458411714e+01
3.713780653901876860e+01
3.713702306707078549e+01
3.713623782178498089e+01
3.713545083595754903e+01
3.713466214213046612e+01
3.713387177257907723e+01
3.713307975928604776e+01
3.713228613391435573e+01
3.713149092779779181e+01
3.713069417195194433e+01
3.712989589709299310e+01
3.712909613365451378e+01
3.712829491180043107e+01
3.712749226143889558e+01
3.712668821224986715e+01
3.712588279373115796e+01
3.712507603524937849e+01
3.712426796608110635e+01
3.712345861544240933e+01
3.712264801250958612e+01
3.712183618643017979e+01
3.712102316631933974e+01
3.712020898124357871e+01
3.711939366020742881e+01
3.711857723215469917e+01
3.711775972597558138e+01
3.711694117050210195e+01
3.711612159448600323e+01
3.711530102657177821e+01
3.711447949528334078e+01
3.711365702902820374e+01
3.711283365610753293e+01
3.711200940472232901e+01
3.711118430297371162e+01
3.711035837885347632e+01
3.710953166021910477e+01
3.710870417475802441e+01
3.710787594995870364e+01
3.710704701310218923e+01
3.710621739127219598e+01
3.710538711137485990e+01
3.710455620015955702e+01
3.710372468422990977e+01
3.710289259004022000e+01
3.710205994388507378e+01
3.710122677189285412e+01
3.710039310002411383e+01
3.709955895406994131e+01
3.709872435965229442e+01
3.709788934223309553e+01
3.709705392712915284e+01
3.709621813951932268e+01
3.709538200443997624e+01
3.709454554678044502e+01
3.709370879128918830e+01
3.709287176259361019e+01
3.709203448522669078e+01
3.709119698364875006e+01
3.709035928226628442e+01
3.708952140545957121e+01
3.708868337761806799e+01
3.708784522317385779e+01
3.708700696663121477e+01
3.708616863258349383e+01
3.708533024567937986e+01
3.708449183050922215e+01
3.708365341145245964e+01
3.708281501255715540e+01
3.708197665748185301e+01
3.708113836950473541e+01
3.708030017158430525e+01
3.707946208643670616e+01
3.707862413659544387e+01
3.707778634440784060e+01
3.707694873196715690e+01
3.707611132104671725e+01
3.707527413306321051e+01
3.707443718905169305e+01
3.707360050966590848e+01
3.707276411522929038e+01
3.707192802581028701e+01
3.707109226125191270e+01
3.707025684113214936e+01
3.706942178471165050e+01
3.706858711091754088e+01
3.706775283833398760e+01
3.706691898515187233e+01
3.706608556911552910e+01
3.706525260753088702e+01
3.706442011733496145e+01
3.706358811523057994e+01
3.706275661786691700e+01
3.706192564196450689e+01
3.706109520434186777e+01
3.706026532190608691e+01
3.705943601165118650e+01
3.705860729065551595e+01
3.705777917606162219e+01
3.705695168503176262e+01
3.705612483468392071e+01
3.705529864202200230e+01
3.705447312387278913e+01
3.705364829684053518e+01
3.705282417728675881e+01
3.705200078132866537e+01
3.705117812483942430e+01
3.705035622344360036e+01
3.704953509250967869e+01
3.704871474714063595e+01
3.704789520216839094e+01
3.704707647216193322e+01
3.704625857144414169e+01
3.704544151410184583e+01
3.704462531398905156e+01
3.704380998473406095e+01
3.704299553974853154e+01
3.704218199222875540e+01
3.704136935514912921e+01
3.704055764125855887e+01
3.703974686308755082e+01
3.703893703296704842e+01
3.703812816306373179e+01
3.703732026543588773e+01
3.703651335209990236e+01
3.703570743508802821e+01
3.703490252648177972e+01
3.703409863842487937e+01
3.703329578313329051e+01
3.703249397291011036e+01
3.703169322015848763e+01
3.703089353737510692e+01
3.703009493710758449e+01
3.702929743188850864e+01
3.702850103418407457e+01
3.702770575637293149e+01
3.702691161073282444e+01
3.702611860942619870e+01
3.702532676451513538e+01
3.702453608801710061e+01
3.702374659197339923e+01
3.702295828851178072e+01
3.702217118990220968e+01
3.702138530859708965e+01
3.702060065723733118e+01
3.701981724861168743e+01
3.701903509558397332e+01
3.701825421102216751e+01
3.701747460776847731e+01
3.701669629867853928e+01
3.701591929670155423e+01
3.701514361494091077e+01
3.701436926667486205e+01
3.701359626534802061e+01
3.701282462454234690e+01
3.701205435792675047e+01
3.701128547918617073e+01
3.701051800195560304e+01
3.700975193978425892e+01
3.700898730611825727e+01
3.700822411427456160e+01
3.700746237740513322e+01
3.700670210847280117e+01
3.700594332024756739e+01
3.700518602530978285e+01
3.700443023604542248e+01
3.700367596464050024e+01
3.700292322309292103e+01
3.700217202324292032e+01
3.700142237680438484e+01
3.700067429538263752e+01
3.699992779048044866e+01
3.699918287350406132e+01
3.699843955577607346e+01
3.699769784855506316e+01
3.699695776305824069e+01
3.699621931048007184e+01
3.699548250200225397e+01
3.699474734879677129e+01
3.699401386202609388e+01
3.699328205283846671e+01
3.699255193235543260e+01
3.699182351165542570e+01
3.699109680175931203e+01
3.699037181362473348e+01
3.698964855815794550e+01
3.698892704624219618e+01
3.698820728877493735e+01
3.698748929670789920e+01
3.698677308108032946e+01
3.698605865303768780e+01
3.698534602383662673e+01
3.698463520483734612e+01
3.698392620748427362e+01
3.698321904328082610e+01
3.698251372376036983e+01
3.698181026045414654e+01
3.698110866487684234e+01
3.698040894855197536e+01
3.697971112305882713e+01
3.697901520006274012e+01
3.697832119132300477e+01
3.697762910869300867e+01
3.697693896411640679e+01
3.697625076961554669e+01
3.697556453726820536e+01
3.697488027917066944e+01
3.697419800738619244e+01
3.697351773388081853e+01
3.697283947046888386e+01
3.697216322879658890e+01
3.697148902034397366e+01
3.697081685640168303e+01
3.697014674803592271e+01
3.696947870608661901e+01
3.696881274119279226e+01
3.696814886380725795e+01
3.696748708418595442e+01
3.696682741236462988e+01
3.696616985814039680e+01
3.696551443106010737e+01
3.696486114040479265e+01
3.696420999516538330e+01
3.696356100401448685e+01
3.696291417528110657e+01
3.696226951693607532e+01
3.696162703659888393e+01
3.696098674156598918e+01
3.696034863884199950e+01
3.695971273515822020e+01
3.695907903698434893e+01
3.695844755055478714e+01
3.695781828192320972e+01
3.695719123703467091e+01
3.695656642179086759e+01
3.695594384208617100e+01
3.695532350379986042e+01
3.695470541274545440e+01
3.695408957460443844e+01
3.695347599488246715e+01
3.695286467889860660e+01
3.695225563179114658e+01
3.695164885852637582e+01
3.695104436390439417e+01
3.695044215255614972e+01
3.694984222893173609e+01
3.694924459728377997e+01
3.694864926164598273e+01
3.694805622580872040e+01
3.694746549329659757e+01
3.694687706735084731e+01
3.694629095091663373e+01
3.694570714663227307e+01
3.694512565681943528e+01
3.694454648347820580e+01
3.694396962829577546e+01
3.694339509267075528e+01
3.694282287773059181e+01
3.694225298431689453e+01
3.694168541294445163e+01
3.694112016375729013e+01
3.694055723649354661e+01
3.693999663046295012e+01
3.693943834454572794e+01
3.693888237721593981e+01
3.693832872657835509e+01
3.693777739040633890e+01
3.693722836617386207e+01
3.693668165108174151e+01
3.693613724207209970e+01
3.693559513580096620e+01
3.693505532854951667e+01
3.693451781612261442e+01
3.693398259381464044e+01
3.693344965645604816e+01
3.693291899848438220e+01
3.693239061400937118e+01
3.693186449689268613e+01
3.693134064084126322e+01
3.693081903949094169e+01
3.693029968647061168e+01
3.692978257544002219e+01
3.692926770011008131e+01
3.692875505426899707e+01
3.692824463181811723e+01
3.692773642680296575e+01
3.692723043342084566e+01
3.692672664599044197e+01
3.692622505888540019e+01
3.692572566645330312e+01
3.692522846294436079e+01
3.692473344246250377e+01
3.692424059893888710e+01
3.692374992611514273e+01
3.692326141752268853e+01
3.692277506645625351e+01
3.692229086593757614e+01
3.692180880866362003e+01
3.692132888696344395e+01
3.692085109280871080e+01
3.692037541787872357e+01
3.691990185363034271e+01
3.691943039134158511e+01
3.691896102213571851e+01
3.691849373699371029e+01
3.691802852675692748e+01
3.691756538212391092e+01
3.691710429364334090e+01
3.691664525170114075e+01
3.691618824650069541e+01
3.691573326804410726e+01
3.691528030612222011e+01
3.691482935030844459e+01
3.691438038994880344e+01
3.691393341414801910e+01
3.691348841175751971e+01
3.691304537137517627e+01
3.691260428136061478e+01
3.691216512985247533e+01
3.691172790477102694e+01
3.691129259380814176e+01
3.691085918441531533e+01
3.691042766379167972e+01
3.690999801887007692e+01
3.690957023630311795e+01
3.690914430245604194e+01
3.690872020341712556e+01
3.690829792502859164e+01
3.690787745292618638e+01
3.690745877257295149e+01
3.690704186927451502e+01
3.690662672816610268e+01
3.690621333417811911e+01
3.690580167199685491e+01
3.690539172602518647e+01
3.690498348034719100e+01
3.690457691871026213e+01
3.690417202452769629e+01
3.690376878088907375e+01
3.690336717057452631e+01
3.690296717609238186e+01
3.690256877975967598e+01
3.690217196380697118e+01
3.690177671046668451e+01
3.690138300202823984e+01
3.690099082087082394e+01
3.690060014948642220e+01
3.690021097048332877e+01
3.689982326654683931e+01
3.689943702036581641e+01
3.689905221456313456e+01
3.689866883165346678e+01
3.689828685403801956e+01
3.689790626404310103e+01
3.689752704398213012e+01
3.689714917620000989e+01
3.689677264308350857e+01
3.689639742704817138e+01
3.689602351051653528e+01
3.689565087590700188e+01
3.689527950565585712e+01
3.689490938227532979e+01
3.689454048842235068e+01
3.689417280694589607e+01
3.689380632089533663e+01
3.689344101349084326e+01
3.689307686807035225e+01
3.689271386802975883e+01
3.689235199676696908e+01
3.689199123763474120e+01
3.689163157390133563e+01
3.689127298871890304e+01
3.689091546510554309e+01
3.689055898594197913e+01
3.689020353397599905e+01
3.688984909184055283e+01
3.688949564210398790e+01
3.688914316734265952e+01
3.688879165018924766e+01
3.688844107332548106e+01
3.688809141944375369e+01
3.688774267123400818e+01
3.688739481143592513e+01
3.688704782295830142e+01
3.688670168902081770e+01
3.688635639324618865e+01
3.688601191965676662e+01
3.688566825257184689e+01
3.688532537644454834e+01
3.688498327570746227e+01
3.688464193467187613e+01
3.688430133749324824e+01
3.688396146819610522e+01
3.688362231073103459e+01
3.688328384904537671e+01
3.688294606715000157e+01
3.688260894916365373e+01
3.688227247935827080e+01
3.688193664221604706e+01
3.688160142244259987e+01
3.688126680491293996e+01
3.688093277461158692e+01
3.688059931662630930e+01
3.688026641618952794e+01
3.687993405871976194e+01
3.687960222983676317e+01
3.687927091537758173e+01
3.687894010145461010e+01
3.687860977455542155e+01
3.687827992165142632e+01
3.687795053028703052e+01
3.687762158862397399e+01
3.687729308541847217e+01
3.687696500994867677e+01
3.687663735194406200e+01
3.687631010154017019e+01
3.687598324924404380e+01
3.687565678591427343e+01
3.687533070278102088e+01
3.687500499149616218e+01
3.687467964417864152e+01
3.687435465344027818e+01
3.687403001238823919e+01
3.687370571461192270e+01
3.687338175418537389e+01
3.687305812569996277e+01
3.687273482429704075e+01
3.687241184566548213e+01
3.687208918601202612e+01
3.687176684203256372e+01
3.687144481089118386e+01
3.687112309020705680e+01
3.687080167806465880e+01
3.687048057305521098e+01
3.687015977431319413e+01
3.686983928149545164e+01
3.686951909471444822e+01
3.686919921449981530e+01
3.686887964182904653e+01
3.686856037819910625e+01
3.686824142568928409e+01
3.686792278699672920e+01
3.686760446546620074e+01
3.686728646512852237e+01
3.686696879074397515e+01
3.686665144786122283e+01
3.686633444289378048e+01
3.686601778318772915e+01
3.686570147706215295e+01
3.686538553382228400e+01
3.686506996375609901e+01
3.686475477813190338e+01
3.686443998920272946e+01
3.686412561020777190e+01
3.686381165535436821e+01
3.686349813976688949e+01
3.686318507941511768e+01
3.686287249105242836e+01
3.686256039216754488e+01
3.686224880092755285e+01
3.686193773610144575e+01
3.686162721697488109e+01
3.686131726326787117e+01
3.686100789505636044e+01
3.686069913269477638e+01
3.686039099673859454e+01
3.686008350786688226e+01
3.685977668680681063e+01
3.685947055426690611e+01
3.685916513088590563e+01
3.685886043719622052e+01
3.685855649360103570e+01
3.685825332038353963e+01
3.685795093777559828e+01
3.685764936606926057e+01
3.685734862570980397e+01
3.685704873733512699e+01
3.685674972177137931e+01
3.685645160000515830e+01
3.685615439315962760e+01
3.685585812250278082e+01
3.685556280948591024e+01
3.685526847578006482e+01
3.685497514328822888e+01
3.685468283413897694e+01
3.685439157067715144e+01
3.685410137545752463e+01
3.685381227123649239e+01
3.685352428096180688e+01
3.685323742777300282e+01
3.685295173502134958e+01
3.685266722629659597e+01
3.685238392543716657e+01
3.685210185651305892e+01
3.685182104379315149e+01
3.685154151172813641e+01
3.685126328497043602e+01
3.685098638841650853e+01
3.685071084724527424e+01
3.685043668694292052e+01
3.685016393331693507e+01
3.684989261250630932e+01
3.684962275099265838e+01
3.684935437560942262e+01
3.684908751353643908e+01
3.684882219226527411e+01
3.684855843954218102e+01
3.684829628331202400e+01
3.684803575166218792e+01
3.684777687275185798e+01
3.684751967473646772e+01
3.684726418570379991e+01
3.684701043362473172e+01
3.684675844632047870e+01
3.684650825144839814e+01
3.684625987649945955e+01
3.684601334879960177e+01
3.684576869551499811e+01
3.684552594366314793e+01
3.684528512012786905e+01
3.684504625167624425e+01
3.684480936497845960e+01
3.684457448662769252e+01
3.684434164314921389e+01
3.684411086099007093e+01
3.684388216649019654e+01
3.684365558584382683e+01
3.684343114506381056e+01
3.684320886995563882e+01
3.684298878609251204e+01
3.684277091877764576e+01
3.684255529299595366e+01
3.684234193336662599e+01
3.684213086409672400e+01
3.684192210893183983e+01
3.684171569111937572e+01
3.684151163340597179e+01
3.684130995806606990e+01
3.684111068694122082e+01
3.684091384146861969e+01
3.684071944268434606e+01
3.684052751121001990e+01
3.684033806724437454e+01
3.684015113056059931e+01
3.683996672049786980e+01
3.683978485594997210e+01
3.683960555536167192e+01
3.683942883673679347e+01
3.683925471765410009e+01
3.683908321528217300e+01
3.683891434638941575e+01
3.683874812734920567e+01
3.683858457413626297e+01
3.683842370232297725e+01
3.683826552710211644e+01
3.683811006333769456e+01
3.683795732561004144e+01
3.683780732823454684e+01
3.683766008526191627e+01
3.683751561046962308e+01
3.683737391736116251e+01
3.683723501918964871e+01
3.683709892898534122e+01
3.683696565954901558e+01
3.683683522340345462e+01
3.683670763272357362e+01
3.683658289927227258e+01
3.683646103436270636e+01
3.683634204885549934e+01
3.683622595318624349e+01
3.683611275739782798e+01
3.683600247114839021e+01
3.683589510369107245e+01
3.683579066384395873e+01
3.683568915996688986e+01
3.683559059994895080e+01
3.683549499120376680e+01
3.683540234066769870e+01
3.683531265479513195e+01
3.683522593954886304e+01
3.683514220039052134e+01
3.683506144227874302e+01
3.683498366968487403e+01
3.683490888663502005e+01
3.683483709677343398e+01
3.683476830342988961e+01
3.683470250967626924e+01
3.683463971835882944e+01
3.683457993209830050e+01
3.683452315328217708e+01
3.683446938408332016e+01
3.683441862650001042e+01
3.683437088239984547e+01
3.683432615358021422e+01
3.683428444184921347e+01
3.683424574909393812e+01
3.683421007732824393e+01
3.683417742876587653e+01
3.683414780593741256e+01
3.683412121179651422e+01
3.683409764976181577e+01
3.683407712369852050e+01
3.683405963786869108e+01
3.683404519687287859e+01
3.683403380559752804e+01
3.683402546916632048e+01
3.683402019286320694e+01
3.683401798197949262e+01
3.683401884157034800e+01
3.683402277619369869e+01
3.683402978974468311e+01
3.683403988540106155e+01
3.683405306561251535e+01
3.683406933211326617e+01
3.683408868597757646e+01
3.683411112770939866e+01
3.683413665734357778e+01
3.683416527454912170e+01
3.683419697872945875e+01
3.683423176912666008e+01
3.683426964494214673e+01
3.683431060544283753e+01
3.683435465000392384e+01
3.683440177810689420e+01
3.683445198933844011e+01
3.683450528338069319e+01
3.683456165995364984e+01
3.683462111871573086e+01
3.683468365919160448e+01
3.683474928076626043e+01
3.683481798269075824e+01
3.683488976405678983e+01
3.683496462376051994e+01
3.683504256046062153e+01
3.683512357254306124e+01
3.683520765815507758e+01
3.683529481532196570e+01
3.683538504207744779e+01
3.683547833655512704e+01
3.683557469704190623e+01
3.683567412200511626e+01
3.683577661009822890e+01
3.683588216015094474e+01
3.683599077114858744e+01
3.683610244220173513e+01
3.683621717251197225e+01
3.683633496134732610e+01
3.683645580803529640e+01
3.683657971196073788e+01
3.683670667254225606e+01
3.683683668917847598e+01
3.683696976118156385e+01
3.683710588771374717e+01
3.683724506772669827e+01
3.683738729989508442e+01
3.683753258253842233e+01
3.683768091354291130e+01
3.683783229031056550e+01
3.683798670975412648e+01
3.683814416831823735e+01
3.683830466198702425e+01
3.683846818626821573e+01
3.683863473616955986e+01
3.683880430617711710e+01
3.683897689024038158e+01
3.683915248176523960e+01
3.683933107361170300e+01
3.683951265810632947e+01
3.683969722708379635e+01
3.683988477194122169e+01
3.684007528367484241e+01
3.684026875290606284e+01
3.684046516991522680e+01
3.684066452467637021e+01
3.684086680689785709e+01
3.684107200609220456e+01
3.684128011166632177e+01
3.684149111299525714e+01
3.684170499945695099e+01
3.684192176042795808e+01
3.684214138525493354e+01
3.684236386322014312e+01
3.684258918351388701e+01
3.684281733522924185e+01
3.684304830739097270e+01
3.684328208900580393e+01
3.684351866911370621e+01
3.684375803683330730e+01
3.684400018139852051e+01
3.684424509217769383e+01
3.684449275865955542e+01
3.684474317039829572e+01
3.684499631694013289e+01
3.684525218776447275e+01
3.684551077224649873e+01
3.684577205961292634e+01
3.684603603883642364e+01
3.684630269843839301e+01
3.684657202625189143e+01
3.684684400923904235e+01
3.684711863341463811e+01
3.684739588386322851e+01
3.684767574481568886e+01
3.684795819977832565e+01
3.684824323171458360e+01
3.684853082323748907e+01
3.684882095677186697e+01
3.684911361468930835e+01
3.684940877941489390e+01
3.684970643349291919e+01
3.685000655962254257e+01
3.685030914067673535e+01
3.685061415969796883e+01
3.685092159986556481e+01
3.685123144447674548e+01
3.685154367702112665e+01
3.685185828135170283e+01
3.685217524184020021e+01
3.685249454343697550e+01
3.685281617166179302e+01
3.685314011255068323e+01
3.685346635253952741e+01
3.685379487831649215e+01
3.685412567673674999e+01
3.685445873481417323e+01
3.685479403968966494e+01
3.685513157851373478e+01
3.685547133830083055e+01
3.685581330583336523e+01
3.685615746763487266e+01
3.685650381000066034e+01
3.685685231906349202e+01
3.685720298086806679e+01
3.685755578144548394e+01
3.685791070688476623e+01
3.685826774339077616e+01
3.685862687731091825e+01
3.685898809510831597e+01
3.685935138331054617e+01
3.685971672851886183e+01
3.686008411748942137e+01
3.686045353720774642e+01
3.686082497491637611e+01
3.686119841809678377e+01
3.686157385438306733e+01
3.686195127144056016e+01
3.686233065691851607e+01
3.686271199849041125e+01
3.686309528387479872e+01
3.686348050078989758e+01
3.686386763688967960e+01
3.686425667971944620e+01
3.686464761668597845e+01
3.686504043501214767e+01
3.686543512165543035e+01
3.686583166322061800e+01
3.686623004593484865e+01
3.686663025572003249e+01
3.686703227831985430e+01
3.686743609941603239e+01
3.686784170471633360e+01
3.686824908001826628e+01
3.686865821122397335e+01
3.686906908427537388e+01
3.686948168501320566e+01
3.686989599900495307e+01
3.687031201140200665e+01
3.687072970685521511e+01
3.687114906947139303e+01
3.687157008278928316e+01
3.687199272978183728e+01
3.687241699289548080e+01
3.687284285410403584e+01
3.687327029494210251e+01
3.687369929651809741e+01
3.687412983953495882e+01
3.687456190434794934e+01
3.687499547107406528e+01
3.687543051973160857e+01
3.687586703036326696e+01
3.687630498310747384e+01
3.687674435820747476e+01
3.687718513596976777e+01
3.687762729670883743e+01
3.687807082071433484e+01
3.687851568823187876e+01
3.687896187942631343e+01
3.687940937432940558e+01
3.687985815279821367e+01
3.688030819448713515e+01
3.688075947881213068e+01
3.688121198491008812e+01
3.688166569162642361e+01
3.688212057754360274e+01
3.688257662102231649e+01
3.688303380023099010e+01
3.688349209318790400e+01
3.688395147784914485e+01
3.688441193222769243e+01
3.688487343449888556e+01
3.688533596305426698e+01
3.688579949649401613e+01
3.688626401358827422e+01
3.688672949326664252e+01
3.688719591467886261e+01
3.688766325730804851e+01
3.688813150109171346e+01
3.688860062652917549e+01
3.688907061475875082e+01
3.688954144758525899e+01
3.689001310745010898e+01
3.689048557734091105e+01
3.689095884065341124e+01
3.689143288104949647e+01
3.689190768235125972e+01
3.689238322847305085e+01
3.689285950337397679e+01
3.689333649101526902e+01
3.689381417531570406e+01
3.689429254010509851e+01
3.689477156907484812e+01
3.689525124573821557e+01
3.689573155342275612e+01
3.689621247528809533e+01
3.689669399433587671e+01
3.689717609339052729e+01
3.689765875505562320e+01
3.689814196166348381e+01
3.689862569522178859e+01
3.689910993734855538e+01
3.689959466919637521e+01
3.690007987137664713e+01
3.690056552389648914e+01
3.690105160611901169e+01
3.690153809675086194e+01
3.690202497385706693e+01
3.690251221489728550e+01
3.690299979676304076e+01
3.690348769579254196e+01
3.690397588776018978e+01
3.690446434785536667e+01
3.690495305067288001e+01
3.690544197023950801e+01
3.690593108006680723e+01
3.690642035319221748e+01
3.690690976220851383e+01
3.690739927930297881e+01
3.690788887628390569e+01
3.690837852456136403e+01
3.690886819510351557e+01
3.690935785842032857e+01
3.690984748459489850e+01
3.691033704334313370e+01
3.691082650406946186e+01
3.691131583589918108e+01
3.691180500769331729e+01
3.691229398807507778e+01
3.691278274549247129e+01
3.691327124829349060e+01
3.691375946476235725e+01
3.691424736310709420e+01
3.691473491143926822e+01
3.691522207777810394e+01
3.691570883006628634e+01
3.691619513617505532e+01
3.691668096390051090e+01
3.691716628094434327e+01
3.691765105484296328e+01
3.691813525282059771e+01
3.691861884159470009e+01
3.691910178721448688e+01
3.691958405500562179e+01
3.692006560962205697e+01
3.692054641515633762e+01
3.692102643526840211e+01
3.692150563331342283e+01
3.692198397245015684e+01
3.692246141570934270e+01
3.692293792601635261e+01
3.692341346617193665e+01
3.692388799879400096e+01
3.692436148624381786e+01
3.692483389058143928e+01
3.692530517357569408e+01
3.692577529675408954e+01
3.692624422145468088e+01
3.692671190885359067e+01
3.692717831998764666e+01
3.692764341581406029e+01
3.692810715729931559e+01
3.692856950549830941e+01
3.692903042163644045e+01
3.692948986722382898e+01
3.692994780417247114e+01
3.693040419486563763e+01
3.693085900217862161e+01
3.693131218949357475e+01
3.693176372072805691e+01
3.693221356032651670e+01
3.693266167313588966e+01
3.693310802417789773e+01
3.693355257843702333e+01
3.693399530074093917e+01
3.693443615571695204e+01
3.693487510780596494e+01
3.693531212133673591e+01
3.693574716062946095e+01
3.693618019005936048e+01
3.693661117403948424e+01
3.693704007694985592e+01
3.693746686308226401e+01
3.693789149666882565e+01
3.693831394200893214e+01
3.693873416361957140e+01
3.693915212631840461e+01
3.693956779523777101e+01
3.693998113582403420e+01
3.694039211385250354e+01
3.694080069545793776e+01
3.694120684717292846e+01
3.694161053597299826e+01
3.694201172931981603e+01
3.694241039516056446e+01
3.694280650185232417e+01
3.694320001805428433e+01
3.694359091266185402e+01
3.694397915479925132e+01
3.694436471384032217e+01
3.694474755943324595e+01
3.694512766150579353e+01
3.694550499023841894e+01
3.694587951603153186e+01
3.694625120948249020e+01
3.694662004134703892e+01
3.694698598249780730e+01
3.694734900394032451e+01
3.694770907689424888e+01
3.694806617288339368e+01
3.694842026378971411e+01
3.694877132184981861e+01
3.694911931958432660e+01
3.694946422971057132e+01
3.694980602511872547e+01
3.695014467890725740e+01
3.695048016441751315e+01
3.695081245524777813e+01
3.695114152527125384e+01
3.695146734869204153e+01
3.695178990015374865e+01
3.695210915487923131e+01
3.695242508880453158e+01
3.695273767868356174e+01
3.695304690215971988e+01
3.695335273781117280e+01
3.695365516517959747e+01
3.695395416478822881e+01
3.695424971815109672e+01
3.695454180777843334e+01
3.695483041717718464e+01
3.695511553083203182e+01
3.695539713416403771e+01
3.695567521348928608e+01
3.695594975599603771e+01
3.695622074973555016e+01
3.695648818361090804e+01
3.695675204735031372e+01
3.695701233145503295e+01
3.695726902712691242e+01
3.695752212620075738e+01
3.695777162110008618e+01
3.695801750480849535e+01
3.695825977084199820e+01
3.695849841321845020e+01
3.695873342642596526e+01
3.695896480538948481e+01
3.695919254543235866e+01
3.695941664224194056e+01
3.695963709185751611e+01
3.695985389067872262e+01
3.696006703547300987e+01
3.696027652336846359e+01
3.696048235180089847e+01
3.696068451836935509e+01
3.696088302064483599e+01
3.696107785606479723e+01
3.696126902196890285e+01
3.696145651570681423e+01
3.696164033472754085e+01
3.696182047660541770e+01
3.696199693901451155e+01
3.696216971970009979e+01
3.696233881648031883e+01
3.696250422726733831e+01
3.696266595007682554e+01
3.696282398299265282e+01
3.696297832406528983e+01
3.696312897117718421e+01
3.696327592194408140e+01
3.696341917371095320e+01
3.696355872369492346e+01
3.696369456923537911e+01
3.696382670799543746e+01
3.696395513803864219e+01
3.696407985784632189e+01
3.696420086633490598e+01
3.696431816286061434e+01
3.696443174718906732e+01
3.696454161945125350e+01
3.696464778012582286e+01
3.696475023004479965e+01
3.696484897037873907e+01
3.696494400259180679e+01
3.696503532840266359e+01
3.696512294979792301e+01
3.696520686913236631e+01
3.696528708925445272e+01
3.696536361353151534e+01
3.696543644575417176e+01
3.696550559001347835e+01
3.696557105064238158e+01
3.696563283224091379e+01
3.696569093973941023e+01
3.696574537845783937e+01
3.696579615415150499e+01
3.696584327304015716e+01
3.696588674180987510e+01
3.696592656757794515e+01
3.696596275783625885e+01
3.696599532041037861e+01
3.696602426345945958e+01
3.696604959551612524e+01
3.696607132555072894e+01
3.696608946304242949e+01
3.696610401801908097e+01
3.696611500102994086e+01
3.696612242309596752e+01
3.696612629572145892e+01
3.696612663096229312e+01
3.696612344146092966e+01
3.696611674040261875e+01
3.696610654145399621e+01
3.696609285875436512e+01
3.696607570694587963e+01
3.696605510119891846e+01
3.696603105722378757e+01
3.696600359127074853e+01
3.696597272009596225e+01
3.696593846087582591e+01
3.696590083110083214e+01
3.696585984850158013e+01
3.696581553103033713e+01
3.696576789688255360e+01
3.696571696451734113e+01
3.696566275264881085e+01
3.696560528022375536e+01
3.696554456641879938e+01
3.696548063066678225e+01
3.696541349269875099e+01
3.696534317257425073e+01
3.696526969067654989e+01
3.696519306769331337e+01
3.696511332461470545e+01
3.696503048270530911e+01
3.696494456337465095e+01
3.696485558798936921e+01
3.696476357776519706e+01
3.696466855379244976e+01
3.696457053713548646e+01
3.696446954894881287e+01
3.696436561059412895e+01
3.696425874375346154e+01
3.696414897052089543e+01
3.696403631344659146e+01
3.696392079552719423e+01
3.696380244017095151e+01
3.696368127117840885e+01
3.696355731275916412e+01
3.696343058956223615e+01
3.696330112668309198e+01
3.696316894964045474e+01
3.696303408432294901e+01
3.696289655689282938e+01
3.696275639367128463e+01
3.696261362108020876e+01
3.696246826569206689e+01
3.696232035436261754e+01
3.696216991438699040e+01
3.696201697363046890e+01
3.696186156059685857e+01
3.696170370443073239e+01
3.696154343488061045e+01
3.696138078223884094e+01
3.696121577726586338e+01
3.696104845111349135e+01
3.696087883524045026e+01
3.696070696130352928e+01
3.696053286104287849e+01
3.696035656620242094e+01
3.696017810850090513e+01
3.695999751962244062e+01
3.695981483118362831e+01
3.695963007467739203e+01
3.695944328142546453e+01
3.695925448255244561e+01
3.695906370896656057e+01
3.695887099133464915e+01
3.695867636004837919e+01
3.695847984517679663e+01
3.695828147640721539e+01
3.695808128299096040e+01
3.695787929370572300e+01
3.695767553682758688e+01
3.695747004010213033e+01
3.695726283071943641e+01
3.695705393530560912e+01
3.695684337993093038e+01
3.695663119011988584e+01
3.695641739084275201e+01
3.695620200647793752e+01
3.695598506075484124e+01
3.695576657668988929e+01
3.695554657651772601e+01
3.695532508162625618e+01
3.695510211251417587e+01
3.695487768877081436e+01
3.695465182908041157e+01
3.695442455128968362e+01
3.695419587254550464e+01
3.695396580943747011e+01
3.695373437808301986e+01
3.695350159413656144e+01
3.695326747274502566e+01
3.695303202848781865e+01
3.695279527530610153e+01
3.695255722640962404e+01
3.695231789418454582e+01
3.695207729014512665e+01
3.695183542493895601e+01
3.695159230838728348e+01
3.695134794955257718e+01
3.695110235682466282e+01
3.695085553800091560e+01
3.695060750035589336e+01
3.695035825073711777e+01
3.695010779571938997e+01
3.694985614176981414e+01
3.694960329533972043e+01
3.694934926288652122e+01
3.694909405090234600e+01
3.694883766599819808e+01
3.694858011502321915e+01
3.694832140516148655e+01
3.694806154397822695e+01
3.694780053942896814e+01
3.694753839983657429e+01
3.694727513383126905e+01
3.694701075026723913e+01
3.694674525811789323e+01
3.694647866635154543e+01
3.694621098384612168e+01
3.694594221939932055e+01
3.694567238181279833e+01
3.694540147998413460e+01
3.694512952295502828e+01
3.694485651992531672e+01
3.694458248029724956e+01
3.694430741378210570e+01
3.694403133050287380e+01
3.694375424099080618e+01
3.694347615606894664e+01
3.694319708669670632e+01
3.694291704383491037e+01
3.694263603837996612e+01
3.694235408116237807e+01
3.694207118291696901e+01
3.694178735418493176e+01
3.694150260521103490e+01
3.694121694587880711e+01
3.694093038567394416e+01
3.694064293367306107e+01
3.694035459855778214e+01
3.694006538862397804e+01
3.693977531175003293e+01
3.693948437533400408e+01
3.693919258624244151e+01
3.693889995079426569e+01
3.693860647478364712e+01
3.693831216353208902e+01
3.693801702192882175e+01
3.693772105442248233e+01
3.693742426498067744e+01
3.693712665706411258e+01
3.693682823363683809e+01
3.693652899721832483e+01
3.693622894999690942e+01
3.693592809398612786e+01
3.693562643115572541e+01
3.693532396350907021e+01
3.693502069313719005e+01
3.693471662227575081e+01
3.693441175335910742e+01
3.693410608905292491e+01
3.693379963226828266e+01
3.693349238618161223e+01
3.693318435427615043e+01
3.693287554040177412e+01
3.693256594883688848e+01
3.693225558432492051e+01
3.693194445206508192e+01
3.693163255766609154e+01
3.693131990709990475e+01
3.693100650668367280e+01
3.693069236307929515e+01
3.693037748328021763e+01
3.693006187455743117e+01
3.692974554435176771e+01
3.692942850014490830e+01
3.692911074937801885e+01
3.692879229945612707e+01
3.692847315779734885e+01
3.692815333186452875e+01
3.692783282917064014e+01
3.692751165727924700e+01
3.692718982380796433e+01
3.692686733642892705e+01
3.692654420285663264e+01
3.692622043081924943e+01
3.692589602801524507e+01
3.692557100204866316e+01
3.692524536033705829e+01
3.692491911002923644e+01
3.692459225799402134e+01
3.692426481088121903e+01
3.692393677519027051e+01
3.692360815729610124e+01
3.692327896343016391e+01
3.692294919964001565e+01
3.692261887174700519e+01
3.692228798530680223e+01
3.692195654557097129e+01
3.692162455744853133e+01
3.692129202546750832e+01
3.692095895373742565e+01
3.692062534591675416e+01
3.692029120519295304e+01
3.691995653428006108e+01
3.691962133542020297e+01
3.691928561036365153e+01
3.691894936032549168e+01
3.691861258594624218e+01
3.691827528728359908e+01
3.691793746384510655e+01
3.691759911464615840e+01
3.691726023826115011e+01
3.691692083285619219e+01
3.691658089621786587e+01
3.691624042578296638e+01
3.691589941866146063e+01
3.691555787165648894e+01
3.691521578128730141e+01
3.691487314380633222e+01
3.691452995520074154e+01
3.691418621117829701e+01
3.691384190714458668e+01
3.691349703818304562e+01
3.691315159904382170e+01
3.691280558413067325e+01
3.691245898747034460e+01
3.691211180266343206e+01
3.691176402283131353e+01
3.691141564057679147e+01
3.691106664797195691e+01
3.691071703658308678e+01
3.691036679752961902e+01
3.691001592155484445e+01
3.690966439908783059e+01
3.690931222029655601e+01
3.690895937513423064e+01
3.690860585337008359e+01
3.690825164460154895e+01
3.690789673825680950e+01
3.690754112359630312e+01
3.690718478971718497e+01
3.690682772555970814e+01
3.690646991991167880e+01
3.690611136140901749e+01
3.690575203852755948e+01
3.690539193955435593e+01
3.690503105253664984e+01
3.690466936522396679e+01
3.690430686501901647e+01
3.690394353894316026e+01
3.690357937360680296e+01
3.690321435517098791e+01
3.690284846933822394e+01
3.690248170143778594e+01
3.690211403658216938e+01
3.690174545980205778e+01
3.690137595612388566e+01
3.690100551062103307e+01
3.690063410846507708e+01
3.690026173497408024e+01
3.689988837565021385e+01
3.689951401621147653e+01
3.689913864263614585e+01
3.689876224123347015e+01
3.689838479870951460e+01
3.689800630215998467e+01
3.689762673894805545e+01
3.689724609648189357e+01
3.689686436194153174e+01
3.689648152201645104e+01
3.689609756271622132e+01
3.689571246929707371e+01
3.689532622631119807e+01
3.689493881775639750e+01
3.689455022727440081e+01
3.689416043830929937e+01
3.689376943415685872e+01
3.689337719793685721e+01
3.689298371258784215e+01
3.689258896094376183e+01
3.689219292584559895e+01
3.689179559017315313e+01
3.689139693675412701e+01
3.689099694823221398e+01
3.689059560698984797e+01
3.689019289513513655e+01
3.688978879449960147e+01
3.688938328661249955e+01
3.688897635266926756e+01
3.688856797352053007e+01
3.688815812967268926e+01
3.688774680127494321e+01
3.688733396810140164e+01
3.688691960957316951e+01
3.688650370483887286e+01
3.688608623287073129e+01
3.688566717253830518e+01
3.688524650268219318e+01
3.688482420221694724e+01
3.688440025025351332e+01
3.688397462621482958e+01
3.688354730993192732e+01
3.688311828172841444e+01
3.688268752249025084e+01
3.688225501369665693e+01
3.688182073741002398e+01
3.688138467625812211e+01
3.688094681343962833e+01
3.688050713275891468e+01
3.688006561866664867e+01
3.687962225626048962e+01
3.687917703122538171e+01
3.687872992976800646e+01
3.687828093861843115e+01
3.687783004508248297e+01
3.687737723707453341e+01
3.687692250313189390e+01
3.687646583245832232e+01
3.687600721499396883e+01
3.687554664147543804e+01
3.687508410345017751e+01
3.687461959320509663e+01
3.687415310361436127e+01
3.687368462797549284e+01
3.687321415990390960e+01
3.687274169329860740e+01
3.687226722232533405e+01
3.687179074137450385e+01
3.687131224501612792e+01
3.687083172796451436e+01
3.687034918503711367e+01
3.686986461113193059e+01
3.686937800125747344e+01
3.686888935059778305e+01
3.686839865457459808e+01
3.686790590889579988e+01
3.686741110960395673e+01
3.686691425313455284e+01
3.686641533635374657e+01
3.686591435652215409e+01
3.686541131121088455e+01
3.686490619827404913e+01
3.686439901590313184e+01
3.686388976268916196e+01
3.686337843763710964e+01
3.686286504011120257e+01
3.686234956970707799e+01
3.686183202608801679e+01
3.686131240882791360e+01
3.686079071729031398e+01
3.686026695059027958e+01
3.685974110765851464e+01
3.685921318736587438e+01
3.685868318868298843e+01
3.685815111087783436e+01
3.685761695369289015e+01
3.685708071741706249e+01
3.685654240285827399e+01
3.685600201128197284e+01
3.685545954436030058e+01
3.685491500416130606e+01
3.685436839318479940e+01
3.685381971443337079e+01
3.685326897153598225e+01
3.685271616896017832e+01
3.685216131230323811e+01
3.685160440857359276e+01
3.685104546636116396e+01
3.685048449587915087e+01
3.684992150891426377e+01
3.684935651870679152e+01
3.684878953978491012e+01
3.684822058779899123e+01
3.684764967938319558e+01
3.684707683204433692e+01
3.684650206408092998e+01
3.684592539451787019e+01
3.684534684301770113e+01
3.684476642976947858e+01
3.684418417539908575e+01
3.684360010091757687e+01
3.684301422768889012e+01
3.684242657740355043e+01
3.684183717205226571e+01
3.684124603388886499e+01
3.684065318537473388e+01
3.684005864911055994e+01
3.683946244777199297e+01
3.683886460406380792e+01
3.683826514069455982e+01
3.683766408036287032e+01
3.683706144574473740e+01
3.683645725947791760e+01
3.683585154414728180e+01
3.683524432227113721e+01
3.683463561628659022e+01
3.683402544854270388e+01
3.683341384130920915e+01
3.683280081679308893e+01
3.683218639715216369e+01
3.683157060450579934e+01
3.683095346094755485e+01
3.683033498855978394e+01
3.682971520942722066e+01
3.682909414564969097e+01
3.682847181935278513e+01
3.682784825269077089e+01
3.682722346783492640e+01
3.682659748694623403e+01
3.682597033213935589e+01
3.682534202544950830e+01
3.682471258881688669e+01
3.682408204409055941e+01
3.682345041303238986e+01
3.682281771730824005e+01
3.682218397848411939e+01
3.682154921805832259e+01
3.682091345753353551e+01
3.682027671849770201e+01
3.681963902269612277e+01
3.681900039210063369e+01
3.681836084895930128e+01
3.681772041578963695e+01
3.681707911530455846e+01
3.681643697030531115e+01
3.681579400358793919e+01
3.681515023788099938e+01
3.681450569580464816e+01
3.681386039983755865e+01
3.681321437228676530e+01
3.681256763526721443e+01
3.681192021068430620e+01
3.681127212018811434e+01
3.681062338509646992e+01
3.680997402632874582e+01
3.680932406437379001e+01
3.680867351927336983e+01
3.680802241060273161e+01
3.680737075745896192e+01
3.680671857849705475e+01
3.680606589204687396e+01
3.680541271627778599e+01
3.680475906933802577e+01
3.680410496944724486e+01
3.680345043496673441e+01
3.680279548445692939e+01
3.680214013671736950e+01
3.680148441080236665e+01
3.680082832600251663e+01
3.680017190179605535e+01
3.679951515779337967e+01
3.679885811369130977e+01
3.679820078922931259e+01
3.679754320413499613e+01
3.679688537806475068e+01
3.679622733055507666e+01
3.679556908099145573e+01
3.679491064859384153e+01
3.679425205240884367e+01
3.679359331128647881e+01
3.679293444383048950e+01
3.679227546833607931e+01
3.679161640272955935e+01
3.679095726453819992e+01
3.679029807095945870e+01
3.678963883906268961e+01
3.678897958603754148e+01
3.678832032937913255e+01
3.678766108699524295e+01
3.678700187726969517e+01
3.678634271908769193e+01
3.678568363182522205e+01
3.678502463533055078e+01
3.678436574991844310e+01
3.678370699635564023e+01
3.678304839580044927e+01
3.678238996969765395e+01
3.678173173965969767e+01
3.678107372734791625e+01
3.678041595435369970e+01
3.677975844209048262e+01
3.677910121171191093e+01
3.677844428406712751e+01
3.677778767969301299e+01
3.677713141882981063e+01
3.677647552144459553e+01
3.677582000725367806e+01
3.677516489573630309e+01
3.677451020613180077e+01
3.677385595742304503e+01
3.677320216832676181e+01
3.677254885731307610e+01
3.677189604265327461e+01
3.677124374247926397e+01
3.677059197484986441e+01
3.676994075782097582e+01
3.676929010949433518e+01
3.676864004802338570e+01
3.676799059159387184e+01
3.676734175840534391e+01
3.676669356665269106e+01
3.676604603449206365e+01
3.676539917997762075e+01
3.676475302097293252e+01
3.676410757507402138e+01
3.676346285959383664e+01
3.676281889162949312e+01
3.676217568818017867e+01
3.676153326623873596e+01
3.676089164278778298e+01
3.676025083470721455e+01
3.675961085867975697e+01
3.675897173115784256e+01
3.675833346835684523e+01
3.675769608623460982e+01
3.675705960050611054e+01
3.675642402672139752e+01
3.675578938033378762e+01
3.675515567671546791e+01
3.675452293116434532e+01
3.675389115894497394e+01
3.675326037538498269e+01
3.675263059602220039e+01
3.675200183673712218e+01
3.675137411380259778e+01
3.675074744387408998e+01
3.675012184399750481e+01
3.674949733165883003e+01
3.674887392485138804e+01
3.674825164214496453e+01
3.674763050274426490e+01
3.674701052651523270e+01
3.674639173397138592e+01
3.674577414623189497e+01
3.674515778496903096e+01
3.674454267236134797e+01
3.674392883105960550e+01
3.674331628415750117e+01
3.674270505515757890e+01
3.674209516793420249e+01
3.674148664670722297e+01
3.674087951603219437e+01
3.674027380078675264e+01
3.673966952612086345e+01
3.673906671736234131e+01
3.673846539990672966e+01
3.673786559913543215e+01
3.673726734038645247e+01
3.673667064896704204e+01
3.673607555017506598e+01
3.673548206930480120e+01
3.673489023163034517e+01
3.673430006236758061e+01
3.673371158663221792e+01
3.673312482941832258e+01
3.673253981559338399e+01
3.673195656989337721e+01
3.673137511693343527e+01
3.673079548125940619e+01
3.673021768741693904e+01
3.672964175998841085e+01
3.672906772359289818e+01
3.672849560288216963e+01
3.672792542254841663e+01
3.672735720733779630e+01
3.672679098206788950e+01
3.672622677164805793e+01
3.672566460109494102e+01
3.672510449553919898e+01
3.672454648022928581e+01
3.672399058054109844e+01
3.672343682199539217e+01
3.672288523027621920e+01
3.672233583124344136e+01
3.672178865093751199e+01
3.672124371557642064e+01
3.672070105154485020e+01
3.672016068537654121e+01
3.671962264373370033e+01
3.671908695338931494e+01
3.671855364120755638e+01
3.671802273410078499e+01
3.671749425896508967e+01
3.671696824264119385e+01
3.671644471192795578e+01
3.671592369362309682e+01
3.671540521456400086e+01
3.671488930166255926e+01
3.671437598193718088e+01
3.671386528254673465e+01
3.671335723081858760e+01
3.671285185426209097e+01
3.671234918058399188e+01
3.671184923770962882e+01
3.671135205376427990e+01
3.671085765698333603e+01
3.671036607559814513e+01
3.670987733776075146e+01
3.670939147150868820e+01
3.670890850473743683e+01
3.670842846516615765e+01
3.670795138029651383e+01
3.670747727736672061e+01
3.670700618330253917e+01
3.670653812468592747e+01
3.670607312778592046e+01
3.670561121865780052e+01
3.670515242325385685e+01
3.670469676750497712e+01
3.670424427738271334e+01
3.670379497896429655e+01
3.670334889849956994e+01
3.670290606245553278e+01
3.670246649752871804e+01
3.670203023064102155e+01
3.670159728893354867e+01
3.670116769976341686e+01
3.670074149070247671e+01
3.670031868953311971e+01
3.669989932423722934e+01
3.669948342297445976e+01
3.669907101404490390e+01
3.669866212584197740e+01
3.669825678681900172e+01
3.669785502549565592e+01
3.669745687049370275e+01
3.669706235054830046e+01
3.669667149448528676e+01
3.669628433122273492e+01
3.669590088980956466e+01
3.669552119944952295e+01
3.669514528949592602e+01
3.669477318943961563e+01
3.669440492888710281e+01
3.669404053751052430e+01
3.669368004496929814e+01
3.669332348082205897e+01
3.669297087444539329e+01
3.669262225496912322e+01
3.669227765123692109e+01
3.669193709178931329e+01
3.669160060485837960e+01
3.669126821837608077e+01
3.669093996000399471e+01
3.669061585717672358e+01
3.669029593713646165e+01
3.668998022694422190e+01
3.668966875347158663e+01
3.668936154337878008e+01
3.668905862306841925e+01
3.668876001860413538e+01
3.668846575562241696e+01
3.668817585928339753e+01
3.668789035426254230e+01
3.668760926475403750e+01
3.668733261447121663e+01
3.668706042664116751e+01
3.668679272398956215e+01
3.668652952871675410e+01
3.668627086247577296e+01
3.668601674636396126e+01
3.668576720092241317e+01
3.668552224612565738e+01
3.668528190136256484e+01
3.668504618542501561e+01
3.668481511651026494e+01
3.668458871222810558e+01
3.668436698959830267e+01
3.668414996503536685e+01
3.668393765433624054e+01
3.668373007268063191e+01
3.668352723464108323e+01
3.668332915420375429e+01
3.668313584481451528e+01
3.668294731947960940e+01
3.668276359091105832e+01
3.668258467162147696e+01
3.668241057388245707e+01
3.668224130958361684e+01
3.668207689009355477e+01
3.668191732617246714e+01
3.668176262793340214e+01
3.668161280483767683e+01
3.668146786569900542e+01
3.668132781867689829e+01
3.668119267126425598e+01
3.668106243027585833e+01
3.668093710183106992e+01
3.668081669132382672e+01
3.668070120338290963e+01
3.668059064183023565e+01
3.668048500964111724e+01
3.668038430890641877e+01
3.668028854080057499e+01
3.668019770556716708e+01
3.668011180253268577e+01
3.668003083014174592e+01
3.667995478599521419e+01
3.667988366688150137e+01
3.667981746880784755e+01
3.667975618705402496e+01
3.667969981625034848e+01
3.667964835043914462e+01
3.667960178310896424e+01
3.667956010725890081e+01
3.667952331552533707e+01
3.667949140033201871e+01
3.667946435403134586e+01
3.667944216903395471e+01
3.667942483790719876e+01
3.667941235342772899e+01
3.667940470859616653e+01
3.667940189660400563e+01
3.667940391074008488e+01
3.667941074426886416e+01
3.667942239032713303e+01
3.667943884184511205e+01
3.667946009148214870e+01
3.667948613159843774e+01
3.667951695427836967e+01
3.667955255136652681e+01
3.667959291446859993e+01
3.667963803491920061e+01
3.667968790374479227e+01
3.667974251163632005e+01
3.667980184893649209e+01
3.667986590564942162e+01
3.667993467147366715e+01
3.668000813584205133e+01
3.668008628794981973e+01
3.668016911676426162e+01
3.668025661100801926e+01
3.668034875911416037e+01
3.668044554918124334e+01
3.668054696896047773e+01
3.668065300587021937e+01
3.668076364701529002e+01
3.668087887920725620e+01
3.668099868899930982e+01
3.668112306273970091e+01
3.668125198662023223e+01
3.668138544669261591e+01
3.668152342884979333e+01
3.668166591878966187e+01
3.668181290197980360e+01
3.668196436362220680e+01
3.668212028861403695e+01
3.668228066154254918e+01
3.668244546675402518e+01
3.668261468845480522e+01
3.668278831076266755e+01
3.668296631768612315e+01
3.668314869307930337e+01
3.668333542062808306e+01
3.668352648384976789e+01
3.668372186602948659e+01
3.668392155009035349e+01
3.668412551848892633e+01
3.668433375318568324e+01
3.668454623567779294e+01
3.668476294710404062e+01
3.668498386842270520e+01
3.668520898059731650e+01
3.668543826471708513e+01
3.668567170204331518e+01
3.668590927402071600e+01
3.668615096228290895e+01
3.668639674866567191e+01
3.668664661524945103e+01
3.668690054443005266e+01
3.668715851897673730e+01
3.668742052203568704e+01
3.668768653704973559e+01
3.668795654759821900e+01
3.668823053721634153e+01
3.668850848925254127e+01
3.668879038677259530e+01
3.668907621249393003e+01
3.668936594873646584e+01
3.668965957738225114e+01
3.668995707984576882e+01
3.669025843706276646e+01
3.669056362948590788e+01
3.669087263706577318e+01
3.669118543922508735e+01
3.669150201484943352e+01
3.669182234229655393e+01
3.669214639940555855e+01
3.669247416350130919e+01
3.669280561142898733e+01
3.669314071964318913e+01
3.669347946430679031e+01
3.669382182134298631e+01
3.669416776643188882e+01
3.669451727495346205e+01
3.669487032188374087e+01
3.669522688169295321e+01
3.669558692828754687e+01
3.669595043497356102e+01
3.669631737441319075e+01
3.669668771858822254e+01
3.669706143878481441e+01
3.669743850560655574e+01
3.669781888902846134e+01
3.669820255847136536e+01
3.669858948284809941e+01
3.669897963057456991e+01
3.669937296957599671e+01
3.669976946730187706e+01
3.670016909075944511e+01
3.670057180658420037e+01
3.670097758113960396e+01
3.670138638061482794e+01
3.670179817110790310e+01
3.670221291869813740e+01
3.670263058948246737e+01
3.670305114952714121e+01
3.670347456474232217e+01
3.670390080076164452e+01
3.670432982289089807e+01
3.670476159611320810e+01
3.670519608510296905e+01
3.670563325423882617e+01
3.670607306765072764e+01
3.670651548930590735e+01
3.670696048308813886e+01
3.670740801285540300e+01
3.670785804250649420e+01
3.670831053604165106e+01
3.670876545756379272e+01
3.670922277123109012e+01
3.670968244122505553e+01
3.671014443176249387e+01
3.671060870713475310e+01
3.671107523174983811e+01
3.671154397016189108e+01
3.671201488707632166e+01
3.671248794731496190e+01
3.671296311574325699e+01
3.671344035719552323e+01
3.671391963643031175e+01
3.671440091811219020e+01
3.671488416680316647e+01
3.671536934696780463e+01
3.671585642301239716e+01
3.671634535935045562e+01
3.671683612045551115e+01
3.671732867089447439e+01
3.671782297537750139e+01
3.671831899884977446e+01
3.671881670659594477e+01
3.671931606427732220e+01
3.671981703786001106e+01
3.672031959350501751e+01
3.672082369751097985e+01
3.672132931629879948e+01
3.672183641639425389e+01
3.672234496442819562e+01
3.672285492718643241e+01
3.672336627169461565e+01
3.672387896530321427e+01
3.672439297575974848e+01
3.672490827128009272e+01
3.672542482060803337e+01
3.672594259301547481e+01
3.672646155824025271e+01
3.672698168644247829e+01
3.672750294824754747e+01
3.672802531485247357e+01
3.672854875811959374e+01
3.672907325060982942e+01
3.672959876557115422e+01
3.673012527695044582e+01
3.673065275949785757e+01
3.673118118893649608e+01
3.673171054209112185e+01
3.673224079693605404e+01
3.673277193260309303e+01
3.673330392938265021e+01
3.673383676872389714e+01
3.673437043322614670e+01
3.673490490661367147e+01
3.673544017370173265e+01
3.673597622036947996e+01
3.673651303354154152e+01
3.673705060116481036e+01
3.673758891216963463e+01
3.673812795641438100e+01
3.673866772461353492e+01
3.673920820824527311e+01
3.673974939943956741e+01
3.674029129086922296e+01
3.674083387567500836e+01
3.674137714742486338e+01
3.674192110007800238e+01
3.674246572794509547e+01
3.674301102566889909e+01
3.674355698823510608e+01
3.674410361098902911e+01
3.674465088963768977e+01
3.674519882024016226e+01
3.674574739919604838e+01
3.674629662323484069e+01
3.674684648940243648e+01
3.674739699504078061e+01
3.674794813775974944e+01
3.674849991540119731e+01
3.674905232599526528e+01
3.674960536771080655e+01
3.675015903880584034e+01
3.675071333758280190e+01
3.675126826234779287e+01
3.675182381137074117e+01
3.675237998284165286e+01
3.675293677481425902e+01
3.675349418515640565e+01
3.675405221156771773e+01
3.675461085167710706e+01
3.675517010314515431e+01
3.675572996371293755e+01
3.675629043121184480e+01
3.675685150357247011e+01
3.675741317885587023e+01
3.675797545530723909e+01
3.675853833140668314e+01
3.675910180589070109e+01
3.675966587774454553e+01
3.676023054617596841e+01
3.676079581057444301e+01
3.676136167046349357e+01
3.676192812545696853e+01
3.676249517522114729e+01
3.676306281943490006e+01
3.676363105774105122e+01
3.676419988969681185e+01
3.676476931473683862e+01
3.676533933215090855e+01
3.676590994106940258e+01
3.676648114045172377e+01
3.676705292908828682e+01
3.676762530563473064e+01
3.676819826866556440e+01
3.676877181672003303e+01
3.676934594834798986e+01
3.676992066216939037e+01
3.677049595693085848e+01
3.677107183154181058e+01
3.677164828508917083e+01
3.677222531683253948e+01
3.677280292618189605e+01
3.677338111266550413e+01
3.677395987590369941e+01
3.677453921560019268e+01
3.677511913153239220e+01
3.677569962350180788e+01
3.677628069124449439e+01
3.677686233434930330e+01
3.677744455221313302e+01
3.677802734402054341e+01
3.677861070873117910e+01
3.677919464506714320e+01
3.677977915149164545e+01
3.678036422617692125e+01
3.678094986697020374e+01
3.678153607136552949e+01
3.678212283648333880e+01
3.678271015905691144e+01
3.678329803542853682e+01
3.678388646156803787e+01
3.678447543311575174e+01
3.678506494542344996e+01
3.678565499356805901e+01
3.678624557234001458e+01
3.678683667622188835e+01
3.678742829936798131e+01
3.678802043558587798e+01
3.678861307831701311e+01
3.678920622061918522e+01
3.678979985516075857e+01
3.679039397423338897e+01
3.679098856977641674e+01
3.679158363339931270e+01
3.679217915639927128e+01
3.679277512977878928e+01
3.679337154426130496e+01
3.679396839029900690e+01
3.679456565807389268e+01
3.679516333749486279e+01
3.679576141819484292e+01
3.679635988954642301e+01
3.679695874070768014e+01
3.679755796066896067e+01
3.679815753825782565e+01
3.679875746209327758e+01
3.679935772052150611e+01
3.679995830156433101e+01
3.680055919287147503e+01
3.680116038166511316e+01
3.680176185469313310e+01
3.680236359820090541e+01
3.680296559791479893e+01
3.680356783902853834e+01
3.680417030618185237e+01
3.680477298342930226e+01
3.680537585421209457e+01
3.680597890134347949e+01
3.680658210700394761e+01
3.680718545273245468e+01
3.680778891939336717e+01
3.680839248710538669e+01
3.680899613516558588e+01
3.680959984203192903e+01
3.681020358538660986e+01
3.681080734225295714e+01
3.681141108911629800e+01
3.681201480200090259e+01
3.681261845648856479e+01
3.681322202768743779e+01
3.681382549017266115e+01
3.681442881794255584e+01
3.681503198442351987e+01
3.681563496251098400e+01
3.681623772461035315e+01
3.681684024265653932e+01
3.681744248811104825e+01
3.681804443194447884e+01
3.681864604461222967e+01
3.681924729602822310e+01
3.681984815554351087e+01
3.682044859193463537e+01
3.682104857339486870e+01
3.682164806751675457e+01
3.682224704126387138e+01
3.682284546094262367e+01
3.682344329217892209e+01
3.682404049988508632e+01
3.682463704821704908e+01
3.682523290056268195e+01
3.682582801958668739e+01
3.682642236729682850e+01
3.682701590509564937e+01
3.682760859383116525e+01
3.682820039386703570e+01
3.682879126516250778e+01
3.682938116734842282e+01
3.682997005979939331e+01
3.683055790169517252e+01
3.683114465205485999e+01
3.683173026974374409e+01
3.683231471347238539e+01
3.683289794180448951e+01
3.683347991317839387e+01
3.683406058593440946e+01
3.683463991832169171e+01
3.683521786845254553e+01
3.683579439420703494e+01
3.683636945314633948e+01
3.683694300249726439e+01
3.683751499920296624e+01
3.683808539998926079e+01
3.683865416143098059e+01
3.683922124003385079e+01
3.683978659231834740e+01
3.684035017487922659e+01
3.684091194443334416e+01
3.684147185788695111e+01
3.684202987241667415e+01
3.684258594553483590e+01
3.684314003514024449e+01
3.684369209957187508e+01
3.684424209766742564e+01
3.684478998882578082e+01
3.684533573307430743e+01
3.684587929113622806e+01
3.684642062448720878e+01
3.684695969538766036e+01
3.684749646688773339e+01
3.684803090281867100e+01
3.684856296777444129e+01
3.684909262706805322e+01
3.684961984667227597e+01
3.685014459318863089e+01
3.685066683386602904e+01
3.685118653664964938e+01
3.685170367022102766e+01
3.685221820400212067e+01
3.685273010814083960e+01
3.685323935350444913e+01
3.685374591168069003e+01
3.685424975500134082e+01
3.685475085660571892e+01
3.685524919051196946e+01
3.685574473164457743e+01
3.685623745581111166e+01
3.685672733967230386e+01
3.685721436073343682e+01
3.685769849733094361e+01
3.685817972859658198e+01
3.685865803442644051e+01
3.685913339547247602e+01
3.685960579314949115e+01
3.686007520965974038e+01
3.686054162802825118e+01
3.686100503210109025e+01
3.686146540645308534e+01
3.686192273622734916e+01
3.686237700700989706e+01
3.686282820480453637e+01
3.686327631607409927e+01
3.686372132779619903e+01
3.686416322751221486e+01
3.686460200334804682e+01
3.686503764399489569e+01
3.686547013866671563e+01
3.686589947704982961e+01
3.686632564923507260e+01
3.686674864561872766e+01
3.686716845680443555e+01
3.686758507357040315e+01
3.686799848691061499e+01
3.686840868809463245e+01
3.686881566871365123e+01
3.686921942073345804e+01
3.686961993654736602e+01
3.687001720893467649e+01
3.687041123086720518e+01
3.687080199529918900e+01
3.687118949514039912e+01
3.687157372344157835e+01
3.687195467365587831e+01
3.687233233983889846e+01
3.687270671673386602e+01
3.687307779974761246e+01
3.687344558487111357e+01
3.687381006862534605e+01
3.687417124807042512e+01
3.687452912085084478e+01
3.687488368522704718e+01
3.687523494007488267e+01
3.687558288487724667e+01
3.687592751972550076e+01
3.687626884531401572e+01
3.687660686292409906e+01
3.687694157442343368e+01
3.687727298227531492e+01
3.687760108951861326e+01
3.687792589972539758e+01
3.687824741698094044e+01
3.687856564589780106e+01
3.687888059164652788e+01
3.687919225999020512e+01
3.687950065731028104e+01
3.687980579061579078e+01
3.688010766754194236e+01
3.688040629633404421e+01
3.688070168580514263e+01
3.688099384527708224e+01
3.688128278452653319e+01
3.688156851375038059e+01
3.688185104356432475e+01
3.688213038503461405e+01
3.688240654971553312e+01
3.688267954966361373e+01
3.688294939742355893e+01
3.688321610600737444e+01
3.688347968888905370e+01
3.688374016000612698e+01
3.688399753374368117e+01
3.688425182489593368e+01
3.688450304861810736e+01
3.688475122037635145e+01
3.688499635589184322e+01
3.688523847107416032e+01
3.688547758194489745e+01
3.688571370455741771e+01
3.688594685491759151e+01
3.688617704890648952e+01
3.688640430220495858e+01
3.688662863021927762e+01
3.688685004800871781e+01
3.688706857021892915e+01
3.688728421102706534e+01
3.688749698410832423e+01
3.688770690262389707e+01
3.688791397921774262e+01
3.688811822602208679e+01
3.688831965466879836e+01
3.688851827627058100e+01
3.688871410135634221e+01
3.688890713980950409e+01
3.688909740086091205e+01
3.688928489314306347e+01
3.688946962478333091e+01
3.688965160349719241e+01
3.688983083664540175e+01
3.689000733125026699e+01
3.689018109400122114e+01
3.689035213129058377e+01
3.689052044929804453e+01
3.689068605410825796e+01
3.689084895183233215e+01
3.689100914872057757e+01
3.689116665126358185e+01
3.689132146626206321e+01
3.689147360084514560e+01
3.689162306243895983e+01
3.689176985870207659e+01
3.689191399744641586e+01
3.689205548653470146e+01
3.689219433372051071e+01
3.689233054646197729e+01
3.689246413181346185e+01
3.689259509645456347e+01
3.689272344683019611e+01
3.689284918931984691e+01
3.689297233035329526e+01
3.689309287647375868e+01
3.689321083440394489e+01
3.689332621112377097e+01
3.689343901394033054e+01
3.689354925055003065e+01
3.689365692908712901e+01
3.689376205814989618e+01
3.689386464680917754e+01
3.689396470459362831e+01
3.689406224144183000e+01
3.689415726763198933e+01
3.689424979371262481e+01
3.689433983047223364e+01
3.689442738897908214e+01
3.689451248066968958e+01
3.689459511744029641e+01
3.689467531171486314e+01
3.689475307647033020e+01
3.689482842520819617e+01
3.689490137189986285e+01
3.689497193095731831e+01
3.689504011723978749e+01
3.689510594605758342e+01
3.689516943316316855e+01
3.689523059474917233e+01
3.689528944742777838e+01
3.689534600815758125e+01
3.689540029414028055e+01
3.689545232274065967e+01
3.689550211145830616e+01
3.689554967791677598e+01
3.689559503982749078e+01
3.689563821495070073e+01
3.689567922108565767e+01
3.689571807606472476e+01
3.689575479771433208e+01
3.689578940379161764e+01
3.689582191194148209e+01
3.689585233970628053e+01
3.689588070458326996e+01
3.689590702410930589e+01
3.689593131594354958e+01
3.689595359791328377e+01
3.689597388801283984e+01
3.689599220437045091e+01
3.689600856518688943e+01
3.689602298863798779e+01
3.689603549277236993e+01
3.689604609546950087e+01
3.689605481446016455e+01
3.689606166733906178e+01
3.689606667152880703e+01
3.689606984422045599e+01
3.689607120232968640e+01
3.689607076246951323e+01
3.689606854091424282e+01
3.689606455356148018e+01
3.689605881593799097e+01
3.689605134326496483e+01
3.689604215055638292e+01
3.689603125272331141e+01
3.689601866464204249e+01
3.689600440115318492e+01
3.689598847702367834e+01
3.689597090692735293e+01
3.689595170544684777e+01
3.689593088706395463e+01
3.689590846614012776e+01
3.689588445691751417e+01
3.689585887354137839e+01
3.689583173008254136e+01
3.689580304054232585e+01
3.689577281883891402e+01
3.689574107881520604e+01
3.689570783428854384e+01
3.689567309909169524e+01
3.689563688708748401e+01
3.689559921218541660e+01
3.689556008833687173e+01
3.689551952947964253e+01
3.689547754945614599e+01
3.689543416193946967e+01
3.689538938038668903e+01
3.689534321802626238e+01
3.689529568786296210e+01
3.689524680267211920e+01
3.689519657497144323e+01
3.689514501697239979e+01
3.689509214051207664e+01
3.689503795697244470e+01
3.689498247719956225e+01
3.689492571143160404e+01
3.689486766924242289e+01
3.689480835950463700e+01
3.689474779036438434e+01
3.689468596921220467e+01
3.689462290264807365e+01
3.689455859645710234e+01
3.689449305560481207e+01
3.689442628424695414e+01
3.689435828575494725e+01
3.689428906275689712e+01
3.689421861718346918e+01
3.689414695031280900e+01
3.689407406281254254e+01
3.689399995476814809e+01
3.689392462569474418e+01
3.689384807455279969e+01
3.689377029978430045e+01
3.689369129934986802e+01
3.689361107073276003e+01
3.689352961092052396e+01
3.689344691642263996e+01
3.689336298334077213e+01
3.689327780742735996e+01
3.689319138407698517e+01
3.689310370828558661e+01
3.689301477467493129e+01
3.689292457762428512e+01
3.689283311142541777e+01
3.689274037036065579e+01
3.689264634872056803e+01
3.689255104084699610e+01
3.689245444122375517e+01
3.689235654454402891e+01
3.689225734569296833e+01
3.689215683968356529e+01
3.689205502161489392e+01
3.689195188666742808e+01
3.689184743013824885e+01
3.689174164751914731e+01
3.689163453457372555e+01
3.689152608735607686e+01
3.689141630214179202e+01
3.689130517528687392e+01
3.689119270309253551e+01
3.689107888176152272e+01
3.689096370746255360e+01
3.689084717644840339e+01
3.689072928516419836e+01
3.689061003032356467e+01
3.689048940895168016e+01
3.689036741839519351e+01
3.689024405631464987e+01
3.689011932068463295e+01
3.688999320981250918e+01
3.688986572236391481e+01
3.688973685738343988e+01
3.688960661431720922e+01
3.688947499304133260e+01
3.688934199388062751e+01
3.688920761760298461e+01
3.688907186539420735e+01
3.688893473883100427e+01
3.688879623986070300e+01
3.688865637077810078e+01
3.688851513419257344e+01
3.688837253299904262e+01
3.688822857036652891e+01
3.688808324973543051e+01
3.688793657480704979e+01
3.688778854952238362e+01
3.688763917803021286e+01
3.688748846463374775e+01
3.688733641371683802e+01
3.688718302968185725e+01
3.688702831692462780e+01
3.688687227982585881e+01
3.688671492272219865e+01
3.688655624984315295e+01
3.688639626521683823e+01
3.688623497254261707e+01
3.688607237503354241e+01
3.688590847525296823e+01
3.688574327497454419e+01
3.688557677508794086e+01
3.688540897556896425e+01
3.688523987553139705e+01
3.688506947337631203e+01
3.688489776700859579e+01
3.688472475403592910e+01
3.688455043190348448e+01
3.688437479800326457e+01
3.688419784981078209e+01
3.688401958504509537e+01
3.688384000181418543e+01
3.688365909872047865e+01
3.688347687491368987e+01
3.688329333009698274e+01
3.688310846451943803e+01
3.688292227897633779e+01
3.688273477480753115e+01
3.688254595388600166e+01
3.688235581859969869e+01
3.688216437182548191e+01
3.688197161690020920e+01
3.688177755760155208e+01
3.688158219814735617e+01
3.688138554322316054e+01
3.688118759803709423e+01
3.688098836836692840e+01
3.688078786056232872e+01
3.688058608152178408e+01
3.688038303868806622e+01
3.688017874002417074e+01
3.687997319387726236e+01
3.687976640874035184e+01
3.687955839302465932e+01
3.687934915492164123e+01
3.687913870235750124e+01
3.687892704300326585e+01
3.687871418430727033e+01
3.687850013355198087e+01
3.687828489794100761e+01
3.687806848469101340e+01
3.687785090109634467e+01
3.687763215454008048e+01
3.687741225243104282e+01
3.687719120209993662e+01
3.687696901072077083e+01
3.687674568526639973e+01
3.687652123247671909e+01
3.687629565884925853e+01
3.687606897066683587e+01
3.687584117406510842e+01
3.687561227512254902e+01
3.687538227989976036e+01
3.687515119434825550e+01
3.687491902413453460e+01
3.687468577453034158e+01
3.687445145044225825e+01
3.687421605652894385e+01
3.687397959733693398e+01
3.687374207743736321e+01
3.687350350157635859e+01
3.687326387481662238e+01
3.687302320261966315e+01
3.687278149086758816e+01
3.687253874587710811e+01
3.687229497443791360e+01
3.687205018385591870e+01
3.687180438196237731e+01
3.687155757706657511e+01
3.687130977786461017e+01
3.687106099335019849e+01
3.687081123276923478e+01
3.687056050562704712e+01
3.687030882175108104e+01
3.687005619140725088e+01
3.686980262542399345e+01
3.686954813526966035e+01
3.686929273307725197e+01
3.686903643163411459e+01
3.686877924433552778e+01
3.686852118510334719e+01
3.686826226830257980e+01
3.686800250868921580e+01
3.686774192137554707e+01
3.686748052177603086e+01
3.686721832553560319e+01
3.686695534848237799e+01
3.686669160661927691e+01
3.686642711610883083e+01
3.686616189320933046e+01
3.686589595420119991e+01
3.686562931537569909e+01
3.686536199308699224e+01
3.686509400380905532e+01
3.686482536415655176e+01
3.686455609086964813e+01
3.686428620078424245e+01
3.686401571080415351e+01
3.686374463787520028e+01
3.686347299895158613e+01
3.686320081094853407e+01
3.686292809068625331e+01
3.686265485483287563e+01
3.686238111985615973e+01
3.686210690199764173e+01
3.686183221727206671e+01
3.686155708147854426e+01
3.686128151020781729e+01
3.686100551884166521e+01
3.686072912255045964e+01
3.686045233628574636e+01
3.686017517475541183e+01
3.685989765239290961e+01
3.685961978334892564e+01
3.685934158149376572e+01
3.685906306039342439e+01
3.685878423326717979e+01
3.685850511297340404e+01
3.685822571203727449e+01
3.685794604268626529e+01
3.685766611686520378e+01
3.685738594622696951e+01
3.685710554209786238e+01
3.685682491542348771e+01
3.685654407671755450e+01
3.685626303603601883e+01
3.685598180298045179e+01
3.685570038671600912e+01
3.685541879598355308e+01
3.685513703909230543e+01
3.685485512389593055e+01
3.685457305777249815e+01
3.685429084762690621e+01
3.685400849990882932e+01
3.685372602062291492e+01
3.685344341532045576e+01
3.685316068906863052e+01
3.685287784637793607e+01
3.685259489107009756e+01
3.685231182610320388e+01
3.685202865340751543e+01
3.685174537379435122e+01
3.685146198696916287e+01
3.685117849162164561e+01
3.685089488552255688e+01
3.685061116557776728e+01
3.685032732785985843e+01
3.685004336766996857e+01
3.684975927962781128e+01
3.684947505774227494e+01
3.684919069544984183e+01
3.684890618565108156e+01
3.684862152077831610e+01
3.684833669290417646e+01
3.684805169387257706e+01
3.684776651542969717e+01
3.684748114933839247e+01
3.684719558745169365e+01
3.684690982172298845e+01
3.684662384416360936e+01
3.684633764678581969e+01
3.684605122154771806e+01
3.684576456029037672e+01
3.684547765467983282e+01
3.684519049618416631e+01
3.684490307607589443e+01
3.684461538542072390e+01
3.684432741504782172e+01
3.684403915553365749e+01
3.684375059722100332e+01
3.684346173026710147e+01
3.684317254471717717e+01
3.684288303061300951e+01
3.684259317812391998e+01
3.684230297765434159e+01
3.684201241989983799e+01
3.684172149587090672e+01
3.684143019691682497e+01
3.684113851475142809e+01
3.684084644145939080e+01
3.684055396947917416e+01
3.684026109158786255e+01
3.683996780090750178e+01
3.683967409092111467e+01
3.683937995548585320e+01
3.683908538886165474e+01
3.683879038577214260e+01
3.683849494147615644e+01
3.683819905181695020e+01
3.683790271323822196e+01
3.683760592278358814e+01
3.683730867811168963e+01
3.683701097753170473e+01
3.683671282000671710e+01
3.683641420508504893e+01
3.683611513280523297e+01
3.683581560363904117e+01
3.683551561846951472e+01
3.683521517856516425e+01
3.683491428552972735e+01
3.683461294123159036e+01
3.683431114773409121e+01
3.683400890722097643e+01
3.683370622186147614e+01
3.683340309363546794e+01
3.683309952424914968e+01
3.683279551517547645e+01
3.683249106768388259e+01
3.683218618271114764e+01
3.683188086056090071e+01
3.683157510061186457e+01
3.683126890126280983e+01
3.683096226013173435e+01
3.683065517432131486e+01
3.683034764059666344e+01
3.683003965545008640e+01
3.682973121507819769e+01
3.682942231532005906e+01
3.682911295163621901e+01
3.682880311917350014e+01
3.682849281287261078e+01
3.682818202753976777e+01
3.682787075784130337e+01
3.682755899824474710e+01
3.682724674297255518e+01
3.682693398601233525e+01
3.682662072116895757e+01
3.682630694213127498e+01
3.682599264254665172e+01
3.682567781608965873e+01
3.682536245650440776e+01
3.682504655762357260e+01
3.682473011338935009e+01
3.682441311790068283e+01
3.682409556547901985e+01
3.682377745071950415e+01
3.682345876852259892e+01
3.682313951413063791e+01
3.682281968317894183e+01
3.682249927175482895e+01
3.682217827647013308e+01
3.682185669456696786e+01
3.682153452405552940e+01
3.682121176385194161e+01
3.682088841387036382e+01
3.682056447503319419e+01
3.682023994921512156e+01
3.681991483918805130e+01
3.681958914860802423e+01
3.681926288202152620e+01
3.681893604485627947e+01
3.681860864338472794e+01
3.681828068466806059e+01
3.681795217648168972e+01
3.681762312721252783e+01
3.681729354577279878e+01
3.681696344161225198e+01
3.681663282482092825e+01
3.681630170621446752e+01
3.681597009730727876e+01
3.681563801017577475e+01
3.681530545729132342e+01
3.681497245138533003e+01
3.681463900535141676e+01
3.681430513217968326e+01
3.681397084492606098e+01
3.681363615670504430e+01
3.681330108066388362e+01
3.681296562988475785e+01
3.681262981722843364e+01
3.681229365520817964e+01
3.681195715594548545e+01
3.681162033118321375e+01
3.681128319231343937e+01
3.681094575038085992e+01
3.681060801603271671e+01
3.681026999943645706e+01
3.680993171022772259e+01
3.680959315751766070e+01
3.680925434994801293e+01
3.680891529578123311e+01
3.680857600300235788e+01
3.680823647939647714e+01
3.680789673260380823e+01
3.680755677019523375e+01
3.680721659978288329e+01
3.680687622913956147e+01
3.680653566631222162e+01
3.680619491971991408e+01
3.680585399820110126e+01
3.680551291098201006e+01
3.680517166756711589e+01
3.680483027758963743e+01
3.680448875070006665e+01
3.680414709652578154e+01
3.680380532463846777e+01
3.680346344448058460e+01
3.680312146531237261e+01
3.680277939626690653e+01
3.680243724649576365e+01
3.680209502530692589e+01
3.680175274223446280e+01
3.680141040703129107e+01
3.680106802957323708e+01
3.680072561968229650e+01
3.680038318693820543e+01
3.680004074058058450e+01
3.679969828955134403e+01
3.679935584261018988e+01
3.679901340841500001e+01
3.679867099552336640e+01
3.679832861231029995e+01
3.679798626682364215e+01
3.679764396665600401e+01
3.679730171890148682e+01
3.679695953020780053e+01
3.679661740690153948e+01
3.679627535509094116e+01
3.679593338062944241e+01
3.679559148896521492e+01
3.679524968500726345e+01
3.679490797307923344e+01
3.679456635694326394e+01
3.679422483984051695e+01
3.679388342450821625e+01
3.679354211317827605e+01
3.679320090758074002e+01
3.679285980895599550e+01
3.679251881805922864e+01
3.679217793513168289e+01
3.679183715983401726e+01
3.679149649118643595e+01
3.679115592757408848e+01
3.679081546682454729e+01
3.679047510632232587e+01
3.679013484314576488e+01
3.678979467422148275e+01
3.678945459644762650e+01
3.678911460673338496e+01
3.678877470196444222e+01
3.678843487894019404e+01
3.678809513431485811e+01
3.678775546455319301e+01
3.678741586590375334e+01
3.678707633440428282e+01
3.678673686593095482e+01
3.678639745626806246e+01
3.678605810116116714e+01
3.678571879633706487e+01
3.678537953749949452e+01
3.678504032034523163e+01
3.678470114065422791e+01
3.678436199444015386e+01
3.678402287809703353e+01
3.678368378851474318e+01
3.678334472317012427e+01
3.678300568019471939e+01
3.678266665841620409e+01
3.678232765737158871e+01
3.678198867730675659e+01
3.678164971919944293e+01
3.678131078481815308e+01
3.678097187678118019e+01
3.678063299858339263e+01
3.678029415460361662e+01
3.677995535011002914e+01
3.677961659125969618e+01
3.677927788511958340e+01
3.677893923974595936e+01
3.677860066428818442e+01
3.677826216905937429e+01
3.677792376556421061e+01
3.677758546649653937e+01
3.677724728571262602e+01
3.677690923818005331e+01
3.677657133990228999e+01
3.677623360782664008e+01
3.677589605974931430e+01
3.677555871422831757e+01
3.677522159050992201e+01
3.677488470846683555e+01
3.677454808854031398e+01
3.677421175168318257e+01
3.677387571930291443e+01
3.677354001319200449e+01
3.677320465542427996e+01
3.677286966821510816e+01
3.677253507377781006e+01
3.677220089421309979e+01
3.677186715144436135e+01
3.677153386720255668e+01
3.677120106307645386e+01
3.677086876062124077e+01
3.677053698147596350e+01
3.677020574744878445e+01
3.676987508056230780e+01
3.676954500305603091e+01
3.676921553734985793e+01
3.676888670599689135e+01
3.676855853165274368e+01
3.676823103705757489e+01
3.676790424501223953e+01
3.676757817834274533e+01
3.676725285986083236e+01
3.676692831232747949e+01
3.676660455841634700e+01
3.676628162067246564e+01
3.676595952146787027e+01
3.676563828294759873e+01
3.676531792693957357e+01
3.676499847483236749e+01
3.676467994747638102e+01
3.676436236513946909e+01
3.676404574749678034e+01
3.676373011363801879e+01
3.676341548209039445e+01
3.676310187084050796e+01
3.676278929733291534e+01
3.676247777845012621e+01
3.676216733049755447e+01
3.676185796920007220e+01
3.676154970970542024e+01
3.676124256660808243e+01
3.676093655402085858e+01
3.676063168568836659e+01
3.676032797509559913e+01
3.676002543553956059e+01
3.675972408016768611e+01
3.675942392199393538e+01
3.675912497388949163e+01
3.675882724853745742e+01
3.675853075836027273e+01
3.675823551545100543e+01
3.675794153152804000e+01
3.675764881790727401e+01
3.675735738547627562e+01
3.675706724466750330e+01
3.675677840545188957e+01
3.675649087737244258e+01
3.675620466960408805e+01
3.675591979101260875e+01
3.675563625020474490e+01
3.675535405557441493e+01
3.675507321534309568e+01
3.675479373758658141e+01
3.675451563024708435e+01
3.675423890114051773e+01
3.675396355796665659e+01
3.675368960831929854e+01
3.675341705969158568e+01
3.675314591947251586e+01
3.675287619492205238e+01
3.675260789311602139e+01
3.675234102088028010e+01
3.675207558474441782e+01
3.675181159092067418e+01
3.675154904529467359e+01
3.675128795341703380e+01
3.675102832049211088e+01
3.675077015136476177e+01
3.675051345051000595e+01
3.675025822202859160e+01
3.675000446964739353e+01
3.674975219672467119e+01
3.674950140626019390e+01
3.674925210090927408e+01
3.674900428300266952e+01
3.674875795456642180e+01
3.674851311732811610e+01
3.674826977271138162e+01
3.674802792183144362e+01
3.674778756549351755e+01
3.674754870418932029e+01
3.674731133810034578e+01
3.674707546713428741e+01
3.674684109099749918e+01
3.674660820926549576e+01
3.674637682142518713e+01
3.674614692689181794e+01
3.674591852500445555e+01
3.674569161502147807e+01
3.674546619615599496e+01
3.674524226764147272e+01
3.674501982876032713e+01
3.674479887880140438e+01
3.674457941697559704e+01
3.674436144232949886e+01
3.674414495368239386e+01
3.674392994958279957e+01
3.674371642824644368e+01
3.674350438745918268e+01
3.674329382448483017e+01
3.674308473603134928e+01
3.674287711830282177e+01
3.674267096713423086e+01
3.674246627815927724e+01
3.674226304693056022e+01
3.674206126896662994e+01
3.674186093976985035e+01
3.674166205483839320e+01
3.674146460965877026e+01
3.674126859968565384e+01
3.674107402033542513e+01
3.674088086700201217e+01
3.674068913507669265e+01
3.674049881994645261e+01
3.674030991698355564e+01
3.674012242157119346e+01
3.673993632917193963e+01
3.673975163537967603e+01
3.673956833587313042e+01
3.673938642624960949e+01
3.673920590182554946e+01
3.673902675752579938e+01
3.673884898790043252e+01
3.673867258722829376e+01
3.673849754967311299e+01
3.673832386947374573e+01
3.673815154113052017e+01
3.673798055953307795e+01
3.673781091998892379e+01
3.673764261819347610e+01
3.673747565026442174e+01
3.673731001288225428e+01
3.673714570343373254e+01
3.673698272008714127e+01
3.673682106183346718e+01
3.673666072850612352e+01
3.673650172074516007e+01
3.673634403991083275e+01
3.673618768799128986e+01
3.673603266752880359e+01
3.673587898156058174e+01
3.673572663356641499e+01
3.673557562741631699e+01
3.673542596731327592e+01
3.673527765773213360e+01
3.673513070335845043e+01
3.673498510903127112e+01
3.673484087969852396e+01
3.673469802040653320e+01
3.673455653633632068e+01
3.673441643285735125e+01
3.673427771555702748e+01
3.673414039023894162e+01
3.673400446290553134e+01
3.673386993973494441e+01
3.673373682705398124e+01
3.673360513130419491e+01
3.673347485899338949e+01
3.673334601663252386e+01
3.673321861067452687e+01
3.673309264747165770e+01
3.673296813325329424e+01
3.673284507411541000e+01
3.673272347601394472e+01
3.673260334476110245e+01
3.673248468602653816e+01
3.673236750534822193e+01
3.673225180815602187e+01
3.673213759979721971e+01
3.673202488555421752e+01
3.673191367066809221e+01
3.673180396038358708e+01
3.673169576000186964e+01
3.673158907491580294e+01
3.673148391062273532e+01
3.673138027272665340e+01
3.673127816693928338e+01
3.673117759908516433e+01
3.673107857510956364e+01
3.673098110107671488e+01
3.673088518314169448e+01
3.673079082749314495e+01
3.673069804028224894e+01
3.673060682755767914e+01
3.673051719521405545e+01
3.673042914895512467e+01
3.673034269428120524e+01
3.673025783651953446e+01
3.673017458089258014e+01
3.673009293258344599e+01
3.673001289677885239e+01
3.672993447871603223e+01
3.672985768374518756e+01
3.672978251738417299e+01
3.672970898534880035e+01
3.672963709356172757e+01
3.672956684814575823e+01
3.672949825540447222e+01
3.672943132179213421e+01
3.672936605387387488e+01
3.672930245826634632e+01
3.672924054154238860e+01
3.672918031011519702e+01
3.672912177015367519e+01
3.672906492755231511e+01
3.672900978792355176e+01
3.672895635657731361e+01
3.672890463848805354e+01
3.672885463826656149e+01
3.672880636014738087e+01
3.672875980798304596e+01
3.672871498521782030e+01
3.672867189482744266e+01
3.672863053925679822e+01
3.672859092040540219e+01
3.672855303965960871e+01
3.672851689792480556e+01
3.672848249564106737e+01
3.672844983280268849e+01
3.672841890898941131e+01
3.672838972340056074e+01
3.672836227488627969e+01
3.672833656197192198e+01
3.672831258286978340e+01
3.672829033547915145e+01
3.672826981738534613e+01
3.672825102586658375e+01
3.672823395790667433e+01
3.672821861020383949e+01
3.672820497916485039e+01
3.672819306088072722e+01
3.672818285109070757e+01
3.672817434514428214e+01
3.672816753796905687e+01
3.672816242405227172e+01
3.672815899743886803e+01
3.672815725173926893e+01
3.672815718013523423e+01
3.672815877537792062e+01
3.672816202978007993e+01
3.672816693520535836e+01
3.672817348306243446e+01
3.672818166432644915e+01
3.672819146961495562e+01
3.672820288932430088e+01
3.672821591379617701e+01
3.672823053345300792e+01
3.672824673885052960e+01
3.672826452065729796e+01
3.672828386960888736e+01
3.672830477646405001e+01
3.672832723196667359e+01
3.672835122681944142e+01
3.672837675167797755e+01
3.672840379715955805e+01
3.672843235385084171e+01
3.672846241230984532e+01
3.672849396306388314e+01
3.672852699660370490e+01
3.672856150338149916e+01
3.672859747382155149e+01
3.672863489832408135e+01
3.672867376722233956e+01
3.672871407068220151e+01
3.672875579857548445e+01
3.672879894037077264e+01
3.672884348509246877e+01
3.672888942139276480e+01
3.672893673771720557e+01
3.672898542247217790e+01
3.672903546412413078e+01
3.672908685123756101e+01
3.672913957248560024e+01
3.672919361665191929e+01
3.672924897262963384e+01
3.672930562941055399e+01
3.672936357604606883e+01
3.672942280157406003e+01
3.672948329493305408e+01
3.672954504488813399e+01
3.672960803997041523e+01
3.672967226841558386e+01
3.672973771810440979e+01
3.672980437655092345e+01
3.672987223098219545e+01
3.672994126848045937e+01
3.673001147611063288e+01
3.673008284098739296e+01
3.673015535027799672e+01
3.673022899116514139e+01
3.673030375081572174e+01
3.673037961637873394e+01
3.673045657499586980e+01
3.673053461380727214e+01
3.673061371995429880e+01
3.673069388058819840e+01
3.673077508288168502e+01
3.673085731401805987e+01
3.673094056113460937e+01
3.673102481123966356e+01
3.673111005115015359e+01
3.673119626746613875e+01
3.673128344656286259e+01
3.673137157458771895e+01
3.673146063746984424e+01
3.673155062094532042e+01
3.673164151058526983e+01
3.673173329182007052e+01
3.673182594997917505e+01
3.673191947037371818e+01
3.673201383840553547e+01
3.673210903964878327e+01
3.673220505988393114e+01
3.673230188510342487e+01
3.673239950150279753e+01
3.673249789545807431e+01
3.673259705349158111e+01
3.673269696222984493e+01
3.673279760835673358e+01
3.673289897856067654e+01
3.673300105947605942e+01
3.673310383763045195e+01
3.673320729941040952e+01
3.673331143104272911e+01
3.673341621858168793e+01
3.673352164789521623e+01
3.673362770464816407e+01
3.673373437429533084e+01
3.673384164210662561e+01
3.673394949322145919e+01
3.673405791269532727e+01
3.673416688551716902e+01
3.673427639661409216e+01
3.673438643086090138e+01
3.673449697309457207e+01
3.673460800813064253e+01
3.673471952078347869e+01
3.673483149589143437e+01
3.673494391834102402e+01
3.673505677308138218e+01
3.673517004512406459e+01
3.673528371953119631e+01
3.673539778140262513e+01
3.673551221586892268e+01
3.673562700808633963e+01
3.673574214322982101e+01
3.673585760649086041e+01
3.673597338309681959e+01
3.673608945835455586e+01
3.673620581768923898e+01
3.673632244664122481e+01
3.673643933082205848e+01
3.673655645588601715e+01
3.673667380756599954e+01
3.673679137174833187e+01
3.673690913453492612e+01
3.673702708227524028e+01
3.673714520157976438e+01
3.673726347933927627e+01
3.673738190275682314e+01
3.673750045937088515e+01
3.673761913705330784e+01
3.673773792398276328e+01
3.673785680860171965e+01
3.673797577957144256e+01
3.673809482573773266e+01
3.673821393610247554e+01
3.673833309979325179e+01
3.673845230603980383e+01
3.673857154416894844e+01
3.673869080361317430e+01
3.673881007391532449e+01
3.673892934472254268e+01
3.673904860577832920e+01
3.673916784691652282e+01
3.673928705805520423e+01
3.673940622919169385e+01
3.673952535039747858e+01
3.673964441181413321e+01
3.673976340365898352e+01
3.673988231624341694e+01
3.674000113999120742e+01
3.674011986544127950e+01
3.674023848322897834e+01
3.674035698405180028e+01
3.674047535863609681e+01
3.674059359772228106e+01
3.674071169207046239e+01
3.674082963247004585e+01
3.674094740973853845e+01
3.674106501470870967e+01
3.674118243818848839e+01
3.674129967087113613e+01
3.674141670323376729e+01
3.674153352548749751e+01
3.674165012758016502e+01
3.674176649923025906e+01
3.674188262998224985e+01
3.674199850924635058e+01
3.674211412626716822e+01
3.674222946999007178e+01
3.674234452887105107e+01
3.674245929074115224e+01
3.674257374277706134e+01
3.674268787153697247e+01
3.674280166303150708e+01
3.674291510282875350e+01
3.674302817615931360e+01
3.674314086797843260e+01
3.674325316299895405e+01
3.674336504573788886e+01
3.674347650058932402e+01
3.674358751191385153e+01
3.674369806414068051e+01
3.674380814187753685e+01
3.674391773001080708e+01
3.674402681378041535e+01
3.674413537881563485e+01
3.674424341111645020e+01
3.674435089700467216e+01
3.674445782309260267e+01
3.674456417625949456e+01
3.674466994361240779e+01
3.674477511247435757e+01
3.674487967042408343e+01
3.674498360532610519e+01
3.674508690529934540e+01
3.674518955864980541e+01
3.674529155382946755e+01
3.674539287946340238e+01
3.674549352443727912e+01
3.674559347801995557e+01
3.674569273002404657e+01
3.674579127098792242e+01
3.674588909231679423e+01
3.674598618636537140e+01
3.674608254649517391e+01
3.674617816711822371e+01
3.674627304372415892e+01
3.674636717288203869e+01
3.674646055219832164e+01
3.674655318023290818e+01
3.674664505639869816e+01
3.674673618086303861e+01
3.674682655445604240e+01
3.674691617859055270e+01
3.674700505519477645e+01
3.674709318664689306e+01
3.674718057570283491e+01
3.674726722542017399e+01
3.674735313908589518e+01
3.674743832015390410e+01
3.674752277219816676e+01
3.674760649889793740e+01
3.674768950406979684e+01
3.674777179172497199e+01
3.674785336610818121e+01
3.674793423169750639e+01
3.674801439317602103e+01
3.674809385539560225e+01
3.674817262334467927e+01
3.674825070212862954e+01
3.674832809697841185e+01
3.674840481328355679e+01
3.674848085661934505e+01
3.674855623275252725e+01
3.674863094763534122e+01
3.674870500739957180e+01
3.674877841836032388e+01
3.674885118703438991e+01
3.674892332015284779e+01
3.674899482463850831e+01
3.674906570755320701e+01
3.674913597602659365e+01
3.674920563715761546e+01
3.674927469791408896e+01
3.674934316508583265e+01
3.674941104530795855e+01
3.674947834513963585e+01
3.674954507119159786e+01
3.674961123029068233e+01
3.674967682964529558e+01
3.674974187697100092e+01
3.674980638055760807e+01
3.674987034928173557e+01
3.674993379258431503e+01
3.674999672043931298e+01
3.675005914332927404e+01
3.675012107222477908e+01
3.675018251855610174e+01
3.675024349417219582e+01
3.675030401128991286e+01
3.675036408243454389e+01
3.675042372037150074e+01
3.675048293803901345e+01
3.675054174849837096e+01
3.675060016490558468e+01
3.675065820049469778e+01
3.675071586856606132e+01
3.675077318247839742e+01
3.675083015564775479e+01
3.675088680156302701e+01
3.675094313382577127e+01
3.675099916620080620e+01
3.675105491264823598e+01
3.675111038732435276e+01
3.675116560456010717e+01
3.675122057882889948e+01
3.675127532471335456e+01
3.675132985687407938e+01
3.675138419001351764e+01
3.675143833883788602e+01
3.675149231803566607e+01
3.675154614227849237e+01
3.675159982623078037e+01
3.675165338455942532e+01
3.675170683194635046e+01
3.675176018310695980e+01
3.675181345281048095e+01
3.675186665589451707e+01
3.675191980727080221e+01
3.675197292192607534e+01
3.675202601492202348e+01
3.675207910139323531e+01
3.675213219653542751e+01
3.675218531557712964e+01
3.675223847374352459e+01
3.675229168622718134e+01
3.675234496816555207e+01
3.675239833461947114e+01
3.675245180055357253e+01
3.675250538082159579e+01
3.675255909015948674e+01
3.675261294318435290e+01
3.675266695439336928e+01
3.675272113817738528e+01
3.675277550887242484e+01
3.675283008082683267e+01
3.675288486843236058e+01
3.675293988611141316e+01
3.675299514829456626e+01
3.675305066940878618e+01
3.675310646387150371e+01
3.675316254608370059e+01
3.675321893041424914e+01
3.675327563114916529e+01
3.675333266238436636e+01
3.675339003789310510e+01
3.675344777102845484e+01
3.675350587468137320e+01
3.675356436127180615e+01
3.675362324275251780e+01
3.675368253061972013e+01
3.675374223592657330e+01
3.675380236929386513e+01
3.675386294091670436e+01
3.675392396057516464e+01
3.675398543765948034e+01
3.675404738121381598e+01
3.675410979998388683e+01
3.675417270244415135e+01
3.675423609680257186e+01
3.675429999100149558e+01
3.675436439272243661e+01
3.675442930938887542e+01
3.675449474816129936e+01
3.675456071592346774e+01
3.675462721926769660e+01
3.675469426448599108e+01
3.675476185755922387e+01
3.675483000414533308e+01
3.675489870958995908e+01
3.675496797897110213e+01
3.675503781716238905e+01
3.675510822888745111e+01
3.675517921874909888e+01
3.675525079124377470e+01
3.675532295077608325e+01
3.675539570166744596e+01
3.675546904815208649e+01
3.675554299436813466e+01
3.675561754435268114e+01
3.675569270204160688e+01
3.675576847127243241e+01
3.675584485578515626e+01
3.675592185921534139e+01
3.675599948508325809e+01
3.675607773679375612e+01
3.675615661765468190e+01
3.675623613090205311e+01
3.675631627972138205e+01
3.675639706727287859e+01
3.675647849671761236e+01
3.675656057121837961e+01
3.675664329391813823e+01
3.675672666795156118e+01
3.675681069652286226e+01
3.675689538300206749e+01
3.675698073098042329e+01
3.675706674428488441e+01
3.675715342693900567e+01
3.675724078299526809e+01
3.675732881624368531e+01
3.675741752995742218e+01
3.675750692680986020e+01
3.675759700893194548e+01
3.675768777798799647e+01
3.675777923516684353e+01
3.675787138106279883e+01
3.675796421550994353e+01
3.675805773744949079e+01
3.675815194484589910e+01
3.675824683463019937e+01
3.675834240267159458e+01
3.675843864378998660e+01
3.675853555182695942e+01
3.675863311978878301e+01
3.675873134002065257e+01
3.675883020434875448e+01
3.675892970419017303e+01
3.675902983065696361e+01
3.675913057463978362e+01
3.675923192686131813e+01
3.675933387792967721e+01
3.675943641842592768e+01
3.675953953903834304e+01
3.675964323072201267e+01
3.675974748483797327e+01
3.675985229323680414e+01
3.675995764828088141e+01
3.676006354282474575e+01
3.676016997017887888e+01
3.676027692406960767e+01
3.676038439859606655e+01
3.676049238818426090e+01
3.676060088754014288e+01
3.676070989160267288e+01
3.676081939549691668e+01
3.676092939449100072e+01
3.676103988397061073e+01
3.676115085944075389e+01
3.676126231653828569e+01
3.676137425102783141e+01
3.676148665877236255e+01
3.676159953568044614e+01
3.676171287763398254e+01
3.676182668041690249e+01
3.676194093967021814e+01
3.676205565087135341e+01
3.676217080932620007e+01
3.676228641019228860e+01
3.676240244855168982e+01
3.676251891950043671e+01
3.676263581819706872e+01
3.676275313984781690e+01
3.676287087965286560e+01
3.676298903274867769e+01
3.676310759415911633e+01
3.676322655875434009e+01
3.676334592121946798e+01
3.676346567603295057e+01
3.676358581744884901e+01
3.676370633947910704e+01
3.676382723589144064e+01
3.676394850025686623e+01
3.676407012605176305e+01
3.676419210677074290e+01
3.676431443601016014e+01
3.676443710751475180e+01
3.676456011519199762e+01
3.676468345310905050e+01
3.676480711549448444e+01
3.676493109675366355e+01
3.676505539149292190e+01
3.676517999454955543e+01
3.676530490101795579e+01
3.676543010624353514e+01
3.676555560576509407e+01
3.676568139523372736e+01
3.676580747035716712e+01
3.676593382687033085e+01
3.676606046049224119e+01
3.676618736686158684e+01
3.676631454148973432e+01
3.676644197974690087e+01
3.676656967684441923e+01
3.676669762778683292e+01
3.676682582730931159e+01
3.676695426981613224e+01
3.676708294932294763e+01
3.676721185942157177e+01
3.676734099329630823e+01
3.676747034379195611e+01
3.676759990349835761e+01
3.676772966481055960e+01
3.676785961994909968e+01
3.676798976098511673e+01
3.676812007993073905e+01
3.676825056888013421e+01
3.676838122013885624e+01
3.676851202629086401e+01
3.676864298017491706e+01
3.676877407480257887e+01
3.676890530328785189e+01
3.676903665880022487e+01
3.676916813450213795e+01
3.676929972345621422e+01
3.676943141850525620e+01
3.676956321212296785e+01
3.676969509626380983e+01
3.676982706226435482e+01
3.676995910080412244e+01
3.677009120188785118e+01
3.677022335484821980e+01
3.677035554840991693e+01
3.677048777081023445e+01
3.677062000992159341e+01
3.677075225335165953e+01
3.677088448854642166e+01
3.677101670291951763e+01
3.677114888398257619e+01
3.677128101941903537e+01
3.677141309709169548e+01
3.677154510505815921e+01
3.677167703166117008e+01
3.677180886566578266e+01
3.677194059637115942e+01
3.677207221367078915e+01
3.677220370808147010e+01
3.677233507076065422e+01
3.677246629351305529e+01
3.677259736878170315e+01
3.677272828962237128e+01
3.677285904966834096e+01
3.677298964309411389e+01
3.677312006457822946e+01
3.677325030926213856e+01
3.677338037270813231e+01
3.677351025085916092e+01
3.677363994000359071e+01
3.677376943675160703e+01
3.677389873802041365e+01
3.677402784101357014e+01
3.677415674318766747e+01
3.677428544221026385e+01
3.677441393591384866e+01
3.677454222225089353e+01
3.677467029925757203e+01
3.677479816502825827e+01
3.677492581768314750e+01
3.677505325530962921e+01
3.677518047588905148e+01
3.677530747724387794e+01
3.677543425702388191e+01
3.677556081271860933e+01
3.677568714167958319e+01
3.677581324115223538e+01
3.677593910830691470e+01
3.677606474022793748e+01
3.677619013383744573e+01
3.677631528578803000e+01
3.677644019237293094e+01
3.677656484946837168e+01
3.677668925250122811e+01
3.677681339643518044e+01
3.677693727577149474e+01
3.677706088455956035e+01
3.677718421641031199e+01
3.677730726451943610e+01
3.677743002171196451e+01
3.677755248049469827e+01
3.677767463308234142e+01
3.677779647137484886e+01
3.677791798692027214e+01
3.677803917094571062e+01
3.677816001447988015e+01
3.677828050849512209e+01
3.677840064400854914e+01
3.677852041214708123e+01
3.677863980421061285e+01
3.677875881176338169e+01
3.677887742674092664e+01
3.677899564152393452e+01
3.677911344896338619e+01
3.677923084238817353e+01
3.677934781563217115e+01
3.677946436310325140e+01
3.677958047987656443e+01
3.677969616175087708e+01
3.677981140523184678e+01
3.677992620747338037e+01
3.678004056621998785e+01
3.678015447975497665e+01
3.678026794683695755e+01
3.678038096661295242e+01
3.678049353853545256e+01
3.678060566233980211e+01
3.678071733807716726e+01
3.678082856612021345e+01
3.678093934708984136e+01
3.678104968174788070e+01
3.678115957091315380e+01
3.678126901538627180e+01
3.678137801588131595e+01
3.678148657301686342e+01
3.678159468737427318e+01
3.678170235957252032e+01
3.678180959029240427e+01
3.678191638021011300e+01
3.678202272990646549e+01
3.678212863987261017e+01
3.678223411061992465e+01
3.678233914278795424e+01
3.678244373719103777e+01
3.678254789483567322e+01
3.678265161693980900e+01
3.678275490494730349e+01
3.678285776053073164e+01
3.678296018561550085e+01
3.678306218249566939e+01
3.678316375403539240e+01
3.678326490383631864e+01
3.678336563630367806e+01
3.678346595665683338e+01
3.678356587092620344e+01
3.678366538592581492e+01
3.678376450919377305e+01
3.678386324893553905e+01
3.678396161399850683e+01
3.678405961385331580e+01
3.678415725855084162e+01
3.678425455865775717e+01
3.678435152519207207e+01
3.678444816957430419e+01
3.678454450359126326e+01
3.678464053936180989e+01
3.678473628930553474e+01
3.678483176612510874e+01
3.678492698281776541e+01
3.678502195273072317e+01
3.678511668963989933e+01
3.678521120780239784e+01
3.678530552196510683e+01
3.678539964733728596e+01
3.678549359952613429e+01
3.678558739445967518e+01
3.678568104833986752e+01
3.678577457762490610e+01
3.678586799900767090e+01
3.678596132937171603e+01
3.678605458572296527e+01
3.678614778510969074e+01
3.678624094456388605e+01
3.678633408109044467e+01
3.678642721168453278e+01
3.678652035333337977e+01
3.678661352298792053e+01
3.678670673751681619e+01
3.678680001365666641e+01
3.678689336799044440e+01
3.678698681699017214e+01
3.678708037708011602e+01
3.678717406464151196e+01
3.678726789599195257e+01
3.678736188742616520e+01
3.678745605530060914e+01
3.678755041608300047e+01
3.678764498634535585e+01
3.678773978272292311e+01
3.678783482182929987e+01
3.678793012009943908e+01
3.678802569363367070e+01
3.678812155820532581e+01
3.678821772943884127e+01
3.678831422296548936e+01
3.678841105442710102e+01
3.678850823933078829e+01
3.678860579277410636e+01
3.678870372909615583e+01
3.678880206157838018e+01
3.678890080228953252e+01
3.678899996207579903e+01
3.678909955066581006e+01
3.678919957686241560e+01
3.678930004876949766e+01
3.678940097399440390e+01
3.678950235978712158e+01
3.678960421311801099e+01
3.678970654073223301e+01
3.678980934921287371e+01
3.678991264505484793e+01
3.679001643472705751e+01
3.679012072470340655e+01
3.679022552145291769e+01
3.679033083137816362e+01
3.679043666072942642e+01
3.679054301554604933e+01
3.679064990162318338e+01
3.679075732447847713e+01
3.679086528932270994e+01
3.679097380102841441e+01
3.679108286407910100e+01
3.679119248252717966e+01
3.679130266001132554e+01
3.679141339982157177e+01
3.679152470496440941e+01
3.679163657822299172e+01
3.679174902222030141e+01
3.679186203947740097e+01
3.679197563249025649e+01
3.679208980385807592e+01
3.679220455641954146e+01
3.679231989328769004e+01
3.679243581772703209e+01
3.679255233292830951e+01
3.679266944177650345e+01
3.679278714666848060e+01
3.679290544940565866e+01
3.679302435116655801e+01
3.679314385252708774e+01
3.679326395348371648e+01
3.679338465345814058e+01
3.679350595128447310e+01
3.679362784519052809e+01
3.679375033278592610e+01
3.679387341105512377e+01
3.679399707634063077e+01
3.679412132431458815e+01
3.679424614996007392e+01
3.679437154759911976e+01
3.679449751099384969e+01
3.679462403349533162e+01
3.679475110818462014e+01
3.679487872797677284e+01
3.679500688568592182e+01
3.679513557406600910e+01
3.679526478585147231e+01
3.679539451381258885e+01
3.679552475082343221e+01
3.679565548992405866e+01
3.679578672435337694e+01
3.679591844753338847e+01
3.679605065299980993e+01
3.679618333431908184e+01
3.679631648503456631e+01
3.679645009861570060e+01
3.679658416836913659e+01
3.679671868734405393e+01
3.679685364829201433e+01
3.679698904368719781e+01
3.679712486578562647e+01
3.679726110670480921e+01
3.679739775848491234e+01
3.679753481311095697e+01
3.679767226252135970e+01
3.679781009862040264e+01
3.679794831328480598e+01
3.679808689836745117e+01
3.679822584572244182e+01
3.679836514725461427e+01
3.679850479496701610e+01
3.679864478099187863e+01
3.679878509760697369e+01
3.679892573723341087e+01
3.679906669241011485e+01
3.679920795574880543e+01
3.679934951987628722e+01
3.679949137736798548e+01
3.679963352067469629e+01
3.679977594204733293e+01
3.679991863347536452e+01
3.680006158666024163e+01
3.680020479302109493e+01
3.680034824370319768e+01
3.680049192957487492e+01
3.680063584121265308e+01
3.680077996886497971e+01
3.680092430240136991e+01
3.680106883127321282e+01
3.680121354447747706e+01
3.680135843050003785e+01
3.680150347727546034e+01
3.680164867224622327e+01
3.680179400255536137e+01
3.680193945528684196e+01
3.680208501762997031e+01
3.680223067696388028e+01
3.680237642094209605e+01
3.680252223758092356e+01
3.680266811529040183e+01
3.680281404285457825e+01
3.680296000942740875e+01
3.680310600456174086e+01
3.680325201823441006e+01
3.680339804082264976e+01
3.680354406300934755e+01
3.680369007565524697e+01
3.680383606970126209e+01
3.680398203611081698e+01
3.680412796585110158e+01
3.680427384994934670e+01
3.680441967961141359e+01
3.680456544632483684e+01
3.680471114187906778e+01
3.680485675828242620e+01
3.680500228765765058e+01
3.680514772223973097e+01
3.680529305444873245e+01
3.680543827688956071e+01
3.680558338221732129e+01
3.680572836295104366e+01
3.680587321135654832e+01
3.680601791945304058e+01
3.680616247912687555e+01
3.680630688230274927e+01
3.680645112110519079e+01
3.680659518796256435e+01
3.680673907566431780e+01
3.680688277740749470e+01
3.680702628684036171e+01
3.680716959808362532e+01
3.680731270571752844e+01
3.680745560475338607e+01
3.680759829061289423e+01
3.680774075910844090e+01
3.680788300640973887e+01
3.680802502901443773e+01
3.680816682375075288e+01
3.680830838779385061e+01
3.680844971864708981e+01
3.680859081409314371e+01
3.680873167217228570e+01
3.680887229120462223e+01
3.680901266981420150e+01
3.680915280692975955e+01
3.680929270176896040e+01
3.680943235380306788e+01
3.680957176269149045e+01
3.680971092818022328e+01
3.680984984996626252e+01
3.680998852755027428e+01
3.681012696011170959e+01
3.681026514644137393e+01
3.681040308494316093e+01
3.681054077366401600e+01
3.681067821031420095e+01
3.681081539230407884e+01
3.681095231682962066e+01
3.681108898094527149e+01
3.681122538151987555e+01
3.681136151510303733e+01
3.681149737785084142e+01
3.681163296558996478e+01
3.681176827397136009e+01
3.681190329862297972e+01
3.681203803524890361e+01
3.681217247969735240e+01
3.681230662804910736e+01
3.681244047673516206e+01
3.681257402265340062e+01
3.681270726325509912e+01
3.681284019659145201e+01
3.681297282131533422e+01
3.681310513663532902e+01
3.681323714227648480e+01
3.681336883852597452e+01
3.681350022634097030e+01
3.681363130743027057e+01
3.681376208427260366e+01
3.681389256008624500e+01
3.681402273877422004e+01
3.681415262486763851e+01
3.681428222347386026e+01
3.681441154022172668e+01
3.681454058120097272e+01
3.681466935290360709e+01
3.681479786218176997e+01
3.681492611622907418e+01
3.681505412255212661e+01
3.681518188887294230e+01
3.681530942295433562e+01
3.681543673240007308e+01
3.681556382449002740e+01
3.681569070612545147e+01
3.681581738391935943e+01
3.681594386435996569e+01
3.681607015396344451e+01
3.681619625939450202e+01
3.681632218754997155e+01
3.681644794560342149e+01
3.681657354102245705e+01
3.681669898156469856e+01
3.681682427524341961e+01
3.681694943025726019e+01
3.681707445489357866e+01
3.681719935742891892e+01
3.681732414606157278e+01
3.681744882891042181e+01
3.681757341408001594e+01
3.681769790973147138e+01
3.681782232409301514e+01
3.681794666543541439e+01
3.681807094209129616e+01
3.681819516253771241e+01
3.681831933550313352e+01
3.681844347005098683e+01
3.681856757559317117e+01
3.681869166181086683e+01
3.681881573851415368e+01
3.681893981549077921e+01
3.681906390236378002e+01
3.681918800846657547e+01
3.681931214276001185e+01
3.681943631380971738e+01
3.681956052982586414e+01
3.681968479874286970e+01
3.681980912829030217e+01
3.681993352601800495e+01
3.682005799927545553e+01
3.682018255516678096e+01
3.682030720050278205e+01
3.682043194175987111e+01
3.682055678502726437e+01
3.682068173587041571e+01
3.682080679903467768e+01
3.682093197805254903e+01
3.682105727494250402e+01
3.682118269009481537e+01
3.682130822228303657e+01
3.682143386870569657e+01
3.682155962501239799e+01
3.682168548534943397e+01
3.682181144249008042e+01
3.682193748805654820e+01
3.682206361279054363e+01
3.682218980680049469e+01
3.682231605971724520e+01
3.682244236078246047e+01
3.682256869894393247e+01
3.682269506296542261e+01
3.682282144152585346e+01
3.682294782331552341e+01
3.682307419713138330e+01
3.682320055194404773e+01
3.682332687692292694e+01
3.682345316143408098e+01
3.682357939503029343e+01
3.682370556743722290e+01
3.682383166852008571e+01
3.682395768821236715e+01
3.682408361641428485e+01
3.682420944290787901e+01
3.682433515732368079e+01
3.682446074914442846e+01
3.682458620773211777e+01
3.682471152237750545e+01
3.682483668234666396e+01
3.682496167689832589e+01
3.682508649526907618e+01
3.682521112663418705e+01
3.682533556005775921e+01
3.682545978444672130e+01
3.682558378851558700e+01
3.682570756076384555e+01
3.682583108946116823e+01
3.682595436260920962e+01
3.682607736784110131e+01
3.682620009228584479e+01
3.682632252248337323e+01
3.682644464438244114e+01
3.682656644337252771e+01
3.682668790429538319e+01
3.682680901141070962e+01
3.682692974831027044e+01
3.682705009781834349e+01
3.682717004196424426e+01
3.682728956206591420e+01
3.682740863888074045e+01
3.682752725280016648e+01
3.682764538409986699e+01
3.682776301315677614e+01
3.682788012046741954e+01
3.682799668646070046e+01
3.682811269128828258e+01
3.682822811472603064e+01
3.682834293616699739e+01
3.682845713464853077e+01
3.682857068889397567e+01
3.682868357737582699e+01
3.682879577841293894e+01
3.682890727028725308e+01
3.682901803134494401e+01
3.682912804006733154e+01
3.682923727511553125e+01
3.682934571535854218e+01
3.682945333989057701e+01
3.682956012802020496e+01
3.682966605920490366e+01
3.682977111294862738e+01
3.682987526872954476e+01
3.682997850598333400e+01
3.683008080408252738e+01
3.683018214227211473e+01
3.683028249960600675e+01
3.683038185493037275e+01
3.683048018689513015e+01
3.683057747396843240e+01
3.683067369445987538e+01
3.683076882653496398e+01
3.683086284818475065e+01
3.683095573716531135e+01
3.683104747094012055e+01
3.683113802662634129e+01
3.683122738095960358e+01
3.683131551031430462e+01
3.683140239079313005e+01
3.683148799835641540e+01
3.683157230893310441e+01
3.683165529848390918e+01
3.683173694303723522e+01
3.683181721872118430e+01
3.683189610179168483e+01
3.683197356863821170e+01
3.683204959576612225e+01
3.683212415979652832e+01
3.683219723751003727e+01
3.683226880590702734e+01
3.683233884225037258e+01
3.683240732407605122e+01
3.683247422915798097e+01
3.683253953542219250e+01
3.683260322083469163e+01
3.683266526330393731e+01
3.683272564063108234e+01
3.683278433052353762e+01
3.683284131066008626e+01
3.683289655876973256e+01
3.683295005269005884e+01
3.683300177040022305e+01
3.683305169005501511e+01
3.683309979005098711e+01
3.683314604910724199e+01
3.683319044631405603e+01
3.683323296115227663e+01
3.683327357351471676e+01
3.683331226372749256e+01
3.683334901255676641e+01
3.683338380120386546e+01
3.683341661129153977e+01
3.683344742482787382e+01
3.683347622413906208e+01
3.683350299178845688e+01
3.683352771051029606e+01
3.683355036317170317e+01
3.683357093275898819e+01
3.683358940238246504e+01
3.683360575529301428e+01
3.683361997489178918e+01
3.683363204471848462e+01
3.683364194842405226e+01
3.683364966973754662e+01
3.683365519242618547e+01
3.683365850024468102e+01
3.683365957686705627e+01
3.683365840579601524e+01
3.683365497027725155e+01
3.683364925326438311e+01
3.683364123744425456e+01
3.683363090529639550e+01
3.683361823915731748e+01
3.683360322127019515e+01
3.683358583381119900e+01
3.683356605889733260e+01
3.683354387860102008e+01
3.683351927499303713e+01
3.683349223019513374e+01
3.683346272640733332e+01
3.683343074590412414e+01
3.683339627101010194e+01
3.683335928403770509e+01
3.683331976714796951e+01
3.683327770215088748e+01
3.683323307035740868e+01
3.683318585257561750e+01
3.683313602920721763e+01
3.683308358033529828e+01
3.683302848573998034e+01
3.683297072484784707e+01
3.683291027666678019e+01
3.683284711974024361e+01
3.683278123210649824e+01
3.683271259124997243e+01
3.683264117406628912e+01
3.683256695686920068e+01
3.683248991544621731e+01
3.683241002514448326e+01
3.683232726096727561e+01
3.683224159767936357e+01
3.683215300991720653e+01
3.683206147229623895e+01
3.683196695953276389e+01
3.683186944659413342e+01
3.683176890883231636e+01
3.683166532204640475e+01
3.683155866248473842e+01
3.683144890683723816e+01
3.683133603224435149e+01
3.683122001631284093e+01
3.683110083712760030e+01
3.683097847326160945e+01
3.683085290378777188e+01
3.683072410830057919e+01
3.683059206694746734e+01
3.683045676045043848e+01
3.683031817009263165e+01
3.683017627766301416e+01
3.683003106538937743e+01
3.682988251589375039e+01
3.682973061219360034e+01
3.682957533778682091e+01
3.682941667677956588e+01
3.682925461392350996e+01
3.682908913455082711e+01
3.682892022452282532e+01
3.682874787022824137e+01
3.682857205858937988e+01
3.682839277706039383e+01
3.682821001362271573e+01
3.682802375677947992e+01
3.682783399555093240e+01
3.682764071945817363e+01
3.682744391845039900e+01
3.682724358273569010e+01
3.682703970255339243e+01
3.682683226798837239e+01
3.682662126888269682e+01
3.682640669480964846e+01
3.682618853504190071e+01
3.682596677848853517e+01
3.682574141363209463e+01
3.682551242849968531e+01
3.682527981069156908e+01
3.682504354750426501e+01
3.682480362614326452e+01
3.682456003394064226e+01
3.682431275849859276e+01
3.682406178776094663e+01
3.682380711007783702e+01
3.682354871431615351e+01
3.682328658998074644e+01
3.682302072724888831e+01
3.682275111688501568e+01
3.682247775013689051e+01
3.682220061872821049e+01
3.682191971491847227e+01
3.682163503152287376e+01
3.682134656187866284e+01
3.682105429983000988e+01
3.682075823975279860e+01
3.682045837656189491e+01
3.682015470565998783e+01
3.681984722284648370e+01
3.681953592422642885e+01
3.681922080614472748e+01
3.681890186513890484e+01
3.681857909789967920e+01
3.681825250125390880e+01
3.681792207217385027e+01
3.681758780780204177e+01
3.681724970550051523e+01
3.681690776291365808e+01
3.681656197800478481e+01
3.681621234908392637e+01
3.681585887488535747e+01
3.681550155467331820e+01
3.681514038828738933e+01
3.681477537608264328e+01
3.681440651879872661e+01
3.681403381743081837e+01
3.681365727313674086e+01
3.681327688714597457e+01
3.681289266064429455e+01
3.681250459465945823e+01
3.681211268998870878e+01
3.681171694721985688e+01
3.681131736689749800e+01
3.681091394979245024e+01
3.681050669714105084e+01
3.681009561078119674e+01
3.680968069322505443e+01
3.680926194774346527e+01
3.680883937850004628e+01
3.680841299071354911e+01
3.680798279080463686e+01
3.680754878650175499e+01
3.680711098689729965e+01
3.680666940244443452e+01
3.680622404489930233e+01
3.680577492725254984e+01
3.680532206369107229e+01
3.680486546957728677e+01
3.680440516141280938e+01
3.680394115678558364e+01
3.680347347431996496e+01
3.680300213363651807e+01
3.680252715531671726e+01
3.680204856086567844e+01
3.680156637266613018e+01
3.680108061392560614e+01
3.680059130863238437e+01
3.680009848153384411e+01
3.679960215812941726e+01
3.679910236465968865e+01
3.679859912808765898e+01
3.679809247608008604e+01
3.679758243699068743e+01
3.679706903984440203e+01
3.679655231433230966e+01
3.679603229082417215e+01
3.679550900037696692e+01
3.679498247471335759e+01
3.679445274617764738e+01
3.679391984769571877e+01
3.679338381274856573e+01
3.679284467535170222e+01
3.679230247003361143e+01
3.679175723181415236e+01
3.679120899618788343e+01
3.679065779911321954e+01
3.679010367699673623e+01
3.678954666666088968e+01
3.678898680529717780e+01
3.678842413041534343e+01
3.678785867979851787e+01
3.678729049146799213e+01
3.678671960365590365e+01
3.678614605478173161e+01
3.678556988342984369e+01
3.678499112832501794e+01
3.678440982830122863e+01
3.678382602226162845e+01
3.678323974913173089e+01
3.678265104780186334e+01
3.678205995705307174e+01
3.678146651547815793e+01
3.678087076142319489e+01
3.678027273296020638e+01
3.677967246788028177e+01
3.677907000369353341e+01
3.677846537763103640e+01
3.677785862664963901e+01
3.677724978743778905e+01
3.677663889641549844e+01
3.677602598972458026e+01
3.677541110321009654e+01
3.677479427239601506e+01
3.677417553246083060e+01
3.677355491821905531e+01
3.677293246410950189e+01
3.677230820418554913e+01
3.677168217210149948e+01
3.677105440109794898e+01
3.677042492399595375e+01
3.676979377320678566e+01
3.676916098075628270e+01
3.676852657831310722e+01
3.676789059721507158e+01
3.676725306850224939e+01
3.676661402295792413e+01
3.676597349114170754e+01
3.676533150340323175e+01
3.676468808987922898e+01
3.676404328048673875e+01
3.676339710492509738e+01
3.676274959268958042e+01
3.676210077308802937e+01
3.676145067524962684e+01
3.676079932812396578e+01
3.676014676047623198e+01
3.675949300088333160e+01
3.675883807772907375e+01
3.675818201919543782e+01
3.675752485325291019e+01
3.675686660764878155e+01
3.675620730987804308e+01
3.675554698712592483e+01
3.675488566620855124e+01
3.675422337355639968e+01
3.675356013524946519e+01
3.675289597707378419e+01
3.675223092458679730e+01
3.675156500320796482e+01
3.675089823830945335e+01
3.675023065523856047e+01
3.674956227926133323e+01
3.674889313549245173e+01
3.674822324886416425e+01
3.674755264410683964e+01
3.674688134568185660e+01
3.674620937768326456e+01
3.674553676378527456e+01
3.674486352726083993e+01
3.674418969104015531e+01
3.674351527778866000e+01
3.674284030997824857e+01
3.674216480989025513e+01
3.674148879951714974e+01
3.674081230041066704e+01
3.674013533356009020e+01
3.673945791934659155e+01
3.673878007754719022e+01
3.673810182732507457e+01
3.673742318718294086e+01
3.673674417492315314e+01
3.673606480766924420e+01
3.673538510193223061e+01
3.673470507365552606e+01
3.673402473822378056e+01
3.673334411046686654e+01
3.673266320468235335e+01
3.673198203470381173e+01
3.673130061403141866e+01
3.673061895599373372e+01
3.672993707388415885e+01
3.672925498104287811e+01
3.672857269089198695e+01
3.672789021692781120e+01
3.672720757264695379e+01
3.672652477139734373e+01
3.672584182621272930e+01
3.672515874971535510e+01
3.672447555412092157e+01
3.672379225133416014e+01
3.672310885309305917e+01
3.672242537108294869e+01
3.672174181696385631e+01
3.672105820234915541e+01
3.672037453880081870e+01
3.671969083783726262e+01
3.671900711094126990e+01
3.671832336959123921e+01
3.671763962532652670e+01
3.671695588985372183e+01
3.671627217519771591e+01
3.671558849387132994e+01
3.671490485903024137e+01
3.671422128458998912e+01
3.671353778529422840e+01
3.671285437674410446e+01
3.671217107540606861e+01
3.671148789860616546e+01
3.671080486449990588e+01
3.671012199200224302e+01
3.670943930069608285e+01
3.670875681076906005e+01
3.670807454299413308e+01
3.670739251871897579e+01
3.670671075983683806e+01
3.670602928874475879e+01
3.670534812830174332e+01
3.670466730178698356e+01
3.670398683284830810e+01
3.670330674543897231e+01
3.670262706375829964e+01
3.670194781221087510e+01
3.670126901537934572e+01
3.670059069800014129e+01
3.669991288494215098e+01
3.669923560119219275e+01
3.669855887185117638e+01
3.669788272214199054e+01
3.669720717741543581e+01
3.669653226313665328e+01
3.669585800485305782e+01
3.669518442815935799e+01
3.669451155866843095e+01
3.669383942198309256e+01
3.669316804366213347e+01
3.669249744918236189e+01
3.669182766390753159e+01
3.669115871306892274e+01
3.669049062174495646e+01
3.668982341482327314e+01
3.668915711695110815e+01
3.668849175250906569e+01
3.668782734563166059e+01
3.668716392024922612e+01
3.668650150011625044e+01
3.668584010881436086e+01
3.668517976972412242e+01
3.668452050598904890e+01
3.668386234053028261e+01
3.668320529612653047e+01
3.668254939550467242e+01
3.668189466139343580e+01
3.668124111654288555e+01
3.668058878372936960e+01
3.667993768575261271e+01
3.667928784542409915e+01
3.667863928554077546e+01
3.667799202883545462e+01
3.667734609790278455e+01
3.667670151510967713e+01
3.667605830251159205e+01
3.667541648180965552e+01
3.667477607436340747e+01
3.667413710123558701e+01
3.667349958324674475e+01
3.667286354103563184e+01
3.667222899511573075e+01
3.667159596590547466e+01
3.667096447371364576e+01
3.667033453868482695e+01
3.666970618073415977e+01
3.666907941949574479e+01
3.666845427428460624e+01
3.666783076405971542e+01
3.666720890738014305e+01
3.666658872235925770e+01
3.666597022662970318e+01
3.666535343732777363e+01
3.666473837109143830e+01
3.666412504405451500e+01
3.666351347182618525e+01
3.666290366946174828e+01
3.666229565144119107e+01
3.666168943166621119e+01
3.666108502346897069e+01
3.666048243962180919e+01
3.665988169234599781e+01
3.665928279332140960e+01
3.665868575370306104e+01
3.665809058415224087e+01
3.665749729487543362e+01
3.665690589564861313e+01
3.665631639581527423e+01
3.665572880427173885e+01
3.665514312946125131e+01
3.665455937938173747e+01
3.665397756159255493e+01
3.665339768320271929e+01
3.665281975084068478e+01
3.665224377062306615e+01
3.665166974813605094e+01
3.665109768843340987e+01
3.665052759604905930e+01
3.664995947502910667e+01
3.664939332900874547e+01
3.664882916132905422e+01
3.664826697513139209e+01
3.664770677339333815e+01
3.664714855893444678e+01
3.664659233442394992e+01
3.664603810239523085e+01
3.664548586526231588e+01
3.664493562533628079e+01
3.664438738484076197e+01
3.664384114591962316e+01
3.664329691062220462e+01
3.664275468085840970e+01
3.664221445833526758e+01
3.664167624449152072e+01
3.664114004043615580e+01
3.664060584689367772e+01
3.664007366416794298e+01
3.663954349214301232e+01
3.663901533033266134e+01
3.663848917797179894e+01
3.663796503412349637e+01
3.663744289776939667e+01
3.663692276786410673e+01
3.663640464335065872e+01
3.663588852317197819e+01
3.663537440635454345e+01
3.663486229218254664e+01
3.663435218037989216e+01
3.663384407122788389e+01
3.663333796561569500e+01
3.663283386503922401e+01
3.663233177156583054e+01
3.663183168779519150e+01
3.663133361683571820e+01
3.663083756228879651e+01
3.663034352822422335e+01
3.662985151913908766e+01
3.662936153990108323e+01
3.662887359567717027e+01
3.662838769185253085e+01
3.662790383396315974e+01
3.662742202766149546e+01
3.662694227869970831e+01
3.662646459290508005e+01
3.662598897614571314e+01
3.662551543429714229e+01
3.662504397321585259e+01
3.662457459872049270e+01
3.662410731657899277e+01
3.662364213249467326e+01
3.662317905208457347e+01
3.662271808084999947e+01
3.662225922414214097e+01
3.662180248712579811e+01
3.662134787474502673e+01
3.662089539169266317e+01
3.662044504238573950e+01
3.661999683095055502e+01
3.661955076121757457e+01
3.661910683672309119e+01
3.661866506071770999e+01
3.661822543617872583e+01
3.661778796581860007e+01
3.661735265209248524e+01
3.661691949722225559e+01
3.661648850324105808e+01
3.661605967203291101e+01
3.661563300534997012e+01
3.661520850482096989e+01
3.661478617195871976e+01
3.661436600814905518e+01
3.661394801461351989e+01
3.661353219236814738e+01
3.661311854220362960e+01
3.661270706469378666e+01
3.661229776023026972e+01
3.661189062907193659e+01
3.661148567138445742e+01
3.661108288725261417e+01
3.661068227666340391e+01
3.661028383947258646e+01
3.660988757537996463e+01
3.660949348393099712e+01
3.660910156453689268e+01
3.660871181649177686e+01
3.660832423897136323e+01
3.660793883100821944e+01
3.660755559145635374e+01
3.660717451897229324e+01
3.660679561202548626e+01
3.660641886892512531e+01
3.660604428784612452e+01
3.660567186684135521e+01
3.660530160383640208e+01
3.660493349662332463e+01
3.660456754286806813e+01
3.660420374011586375e+01
3.660384208577820431e+01
3.660348257711098796e+01
3.660312521120047791e+01
3.660276998496091494e+01
3.660241689513415508e+01
3.660206593828333865e+01
3.660171711079350132e+01
3.660137040889544835e+01
3.660102582870529631e+01
3.660068336625617036e+01
3.660034301750556551e+01
3.660000477831249555e+01
3.659966864438543865e+01
3.659933461121075027e+01
3.659900267398015927e+01
3.659867282753282325e+01
3.659834506631396778e+01
3.659801938433838586e+01
3.659769577514515504e+01
3.659737423174751569e+01
3.659705474659731550e+01
3.659673731158063958e+01
3.659642191805921385e+01
3.659610855696053733e+01
3.659579721887187276e+01
3.659548789406215974e+01
3.659518057239778699e+01
3.659487524318814167e+01
3.659457189502345642e+01
3.659427051564083655e+01
3.659397109182928176e+01
3.659367360938046687e+01
3.659337805307071534e+01
3.659308440665071771e+01
3.659279265285380944e+01
3.659250277343344493e+01
3.659221474921623951e+01
3.659192856016867523e+01
3.659164418545891806e+01
3.659136160346505307e+01
3.659108079172875705e+01
3.659080172691484023e+01
3.659052438481850089e+01
3.659024874040473208e+01
3.658997476786912983e+01
3.658970244076692069e+01
3.658943173222476730e+01
3.658916261514963963e+01
3.658889506235880162e+01
3.658862904663477877e+01
3.658836454073162514e+01
3.658810151735583815e+01
3.658783994914050908e+01
3.658757980861937398e+01
3.658732106821753405e+01
3.658706370030247967e+01
3.658680767734134776e+01
3.658655297213412183e+01
3.658629955801762890e+01
3.658604740898670116e+01
3.658579649977252046e+01
3.658554680592483521e+01
3.658529830388831527e+01
3.658505097103414272e+01
3.658480478565061844e+01
3.658455972694456193e+01
3.658431577509328747e+01
3.658407291135801387e+01
3.658383111823812328e+01
3.658359037961086102e+01
3.658335068081351693e+01
3.658311200866621959e+01
3.658287435144796262e+01
3.658263769883460981e+01
3.658240204180576427e+01
3.658216737253603412e+01
3.658193368429119374e+01
3.658170097133695720e+01
3.658146922885752872e+01
3.658123845288484688e+01
3.658100864024441989e+01
3.658077978851569867e+01
3.658055189599742363e+01
3.658032496167092518e+01
3.658009898515568636e+01
3.657987396665613034e+01
3.657964990690837936e+01
3.657942680712898920e+01
3.657920466895390632e+01
3.657898349436483443e+01
3.657876328562230128e+01
3.657854404522223746e+01
3.657832577586996337e+01
3.657810848046107566e+01
3.657789216206325733e+01
3.657767682389424380e+01
3.657746246929975342e+01
3.657724910174111699e+01
3.657703672479274104e+01
3.657682534214338688e+01
3.657661495760039827e+01
3.657640557509393631e+01
3.657619719867146557e+01
3.657598983247956426e+01
3.657578348074572716e+01
3.657557814777287319e+01
3.657537383794354469e+01
3.657517055572219533e+01
3.657496830564183199e+01
3.657476709226248346e+01
3.657456692011304966e+01
3.657436779365558976e+01
3.657416971729146127e+01
3.657397269538795115e+01
3.657377673229511572e+01
3.657358183233637305e+01
3.657338799977177501e+01
3.657319523875351308e+01
3.657300355329795849e+01
3.657281294727721388e+01
3.657262342442329128e+01
3.657243498834986184e+01
3.657224764259149907e+01
3.657206139064390982e+01
3.657187623599052273e+01
3.657169218210960793e+01
3.657150923246481966e+01
3.657132739049282577e+01
3.657114665959677069e+01
3.657096704314071189e+01
3.657078854444016258e+01
3.657061116675165380e+01
3.657043491326327711e+01
3.657025978708423963e+01
3.657008579123539960e+01
3.656991292864368148e+01
3.656974120213750723e+01
3.656957061444217771e+01
3.656940116818014985e+01
3.656923286587809230e+01
3.656906570997983863e+01
3.656889970286417935e+01
3.656873484686266806e+01
3.656857114427251787e+01
3.656840859736661287e+01
3.656824720840546661e+01
3.656808697965011135e+01
3.656792791336041404e+01
3.656777001176220665e+01
3.656761327701440223e+01
3.656745771123751609e+01
3.656730331660060074e+01
3.656715009541009920e+01
3.656699805017537841e+01
3.656684718365086439e+01
3.656669749884891019e+01
3.656654899902448363e+01
3.656640168765003551e+01
3.656625556840699431e+01
3.656611064519181298e+01
3.656596692209577526e+01
3.656582440333505701e+01
3.656568309315937881e+01
3.656554299578505862e+01
3.656540411537179835e+01
3.656526645601904590e+01
3.656513002173893057e+01
3.656499481639217208e+01
3.656486084361036859e+01
3.656472810673094642e+01
3.656459660875352569e+01
3.656446635231386466e+01
3.656433733966841260e+01
3.656420957269554606e+01
3.656408305293470562e+01
3.656395778166842803e+01
3.656383376002286667e+01
3.656371098906345907e+01
3.656358946986621561e+01
3.656346920354131669e+01
3.656335019121282670e+01
3.656323243399841516e+01
3.656311593302711316e+01
3.656300068948522863e+01
3.656288670465846025e+01
3.656277397995737743e+01
3.656266251693026703e+01
3.656255231726233035e+01
3.656244338274957073e+01
3.656233571524244752e+01
3.656222931657594444e+01
3.656212418851417567e+01
3.656202033273304153e+01
3.656191775084375450e+01
3.656181644443002909e+01
3.656171641506284686e+01
3.656161766428308368e+01
3.656152019356366623e+01
3.656142400427565065e+01
3.656132909771466899e+01
3.656123547523061035e+01
3.656114313840704710e+01
3.656105208919186111e+01
3.656096232995296447e+01
3.656087386349593515e+01
3.656078669307196094e+01
3.656070082238091601e+01
3.656061625556661454e+01
3.656053299720038297e+01
3.656045105224999503e+01
3.656037042603407627e+01
3.656029112416666038e+01
3.656021315249985548e+01
3.656013651706943079e+01
3.656006122404913583e+01
3.655998727972647799e+01
3.655991469050965037e+01
3.655984346296370546e+01
3.655977360386715702e+01
3.655970512028027741e+01
3.655963801961047466e+01
3.655957230964745719e+01
3.655950799854483080e+01
3.655944509473548010e+01
3.655938360675725818e+01
3.655932354298037978e+01
3.655926491130259848e+01
3.655920771892333221e+01
3.655915197224338442e+01
3.655909767684558176e+01
3.655904483751918832e+01
3.655899345834476577e+01
3.655894354282574454e+01
3.655889509398980408e+01
3.655884811439480586e+01
3.655880260605580645e+01
3.655875857038669352e+01
3.655871600822362666e+01
3.655867491989913276e+01
3.655863530532205630e+01
3.655859716407212545e+01
3.655856049549544906e+01
3.655852529873964585e+01
3.655849157270618832e+01
3.655845931595694509e+01
3.655842852665478659e+01
3.655839920264646992e+01
3.655837134172371350e+01
3.655834494198857243e+01
3.655832000221287359e+01
3.655829652210130121e+01
3.655827450243460675e+01
3.655825394513298221e+01
3.655823485327947253e+01
3.655821723112097033e+01
3.655820108405266922e+01
3.655818641858689233e+01
3.655817324229958842e+01
3.655816156373486336e+01
3.655815139227349420e+01
3.655814273803459002e+01
3.655813561186972294e+01
3.655813002541556500e+01
3.655812599113675532e+01
3.655812352233760976e+01
3.655812263314946620e+01
3.655812333850144569e+01
3.655812565408928094e+01
3.655812959635098025e+01
3.655813518244052318e+01
3.655814243019082710e+01
3.655815135806990668e+01
3.655816198513603865e+01
3.655817433098811620e+01
3.655818841570421540e+01
3.655820425976949650e+01
3.655822188400510697e+01
3.655824130952624529e+01
3.655826255775478728e+01
3.655828565046116552e+01
3.655831060977504166e+01
3.655833745814047120e+01
3.655836621823692667e+01
3.655839691289259719e+01
3.655842956500252683e+01
3.655846419745448372e+01
3.655850083306271614e+01
3.655853949451040563e+01
3.655858020430287780e+01
3.655862298473341809e+01
3.655866785786568585e+01
3.655871484553365747e+01
3.655876396934834816e+01
3.655881525069776927e+01
3.655886871073806788e+01
3.655892437038274778e+01
3.655898225029281434e+01
3.655904237086600261e+01
3.655910475223471678e+01
3.655916941429322975e+01
3.655923637674629134e+01
3.655930565914115249e+01
3.655937728086554017e+01
3.655945126112024468e+01
3.655952761887908764e+01
3.655960637285374304e+01
3.655968754147704658e+01
3.655977114291748364e+01
3.655985719514142573e+01
3.655994571600161436e+01
3.656003672329745058e+01
3.656013023478359258e+01
3.656022626813770415e+01
3.656032484091156931e+01
3.656042597049491860e+01
3.656052967408994903e+01
3.656063596865758569e+01
3.656074487080725532e+01
3.656085639666034126e+01
3.656097056175843107e+01
3.656108738104563827e+01
3.656120686888593951e+01
3.656132903907078457e+01
3.656145390480821078e+01
3.656158147870703345e+01
3.656171177276696937e+01
3.656184479837057921e+01
3.656198056626946880e+01
3.656211908656849374e+01
3.656226036871674268e+01
3.656240442150737380e+01
3.656255125308906173e+01
3.656270087099692034e+01
3.656285328220103281e+01
3.656300849315777413e+01
3.656316650985445449e+01
3.656332733784702782e+01
3.656349098229004113e+01
3.656365744795684947e+01
3.656382673925107696e+01
3.656399886021117851e+01
3.656417381451019111e+01
3.656435160544965157e+01
3.656453223594662205e+01
3.656471570852465902e+01
3.656490202531939104e+01
3.656509118808502734e+01
3.656528319818921346e+01
3.656547805661663375e+01
3.656567576399789488e+01
3.656587632064533011e+01
3.656607972657505456e+01
3.656628598151836229e+01
3.656649508493406131e+01
3.656670703602664929e+01
3.656692183377132466e+01
3.656713947695651257e+01
3.656735996425369706e+01
3.656758329428717502e+01
3.656780946565807255e+01
3.656803847691576692e+01
3.656827032650394216e+01
3.656850501271153320e+01
3.656874253365872818e+01
3.656898288732583069e+01
3.656922607158111305e+01
3.656947208414832318e+01
3.656972092251472617e+01
3.656997258383820082e+01
3.657022706488547215e+01
3.657048436198883934e+01
3.657074447101658166e+01
3.657100738736475165e+01
3.657127310595775782e+01
3.657154162123136132e+01
3.657181292709334741e+01
3.657208701688118424e+01
3.657236388333529220e+01
3.657264351859280538e+01
3.657292591419297167e+01
3.657321106107767861e+01
3.657349894958030490e+01
3.657378956941359860e+01
3.657408290966628783e+01
3.657437895880070045e+01
3.657467770463961187e+01
3.657497913434828263e+01
3.657528323442423357e+01
3.657558999069386374e+01
3.657589938828372311e+01
3.657621141149533628e+01
3.657652604356803749e+01
3.657684326644955775e+01
3.657716306068642353e+01
3.657748540542348792e+01
3.657781027848327682e+01
3.657813765651552984e+01
3.657846751516908768e+01
3.657879982923167006e+01
3.657913457271214241e+01
3.657947171885950866e+01
3.657981124013702612e+01
3.658015310820027111e+01
3.658049729392582350e+01
3.658084376749452105e+01
3.658119249850683730e+01
3.658154345610798686e+01
3.658189660907896723e+01
3.658225192584281160e+01
3.658260937439488458e+01
3.658296892222051611e+01
3.658333053624961195e+01
3.658369418286488894e+01
3.658405982796362821e+01
3.658442743707596634e+01
3.658479697555328158e+01
3.658516840879363485e+01
3.658554170241164627e+01
3.658591682230903785e+01
3.658629373468185264e+01
3.658667240600424719e+01
3.658705280300847562e+01
3.658743489267351379e+01
3.658781864223038838e+01
3.658820401917223819e+01
3.658859099123620240e+01
3.658897952635997086e+01
3.658936959265584221e+01
3.658976115842961718e+01
3.659015419227542765e+01
3.659054866327385724e+01
3.659094454125433060e+01
3.659134179704288670e+01
3.659174040264764471e+01
3.659214033138381694e+01
3.659254155796368480e+01
3.659294405856903865e+01
3.659334781090804256e+01
3.659375279424769900e+01
3.659415898940737577e+01
3.659456637871045359e+01
3.659497494590284106e+01
3.659538467604129153e+01
3.659579555536515727e+01
3.659620757118080547e+01
3.659662071177040588e+01
3.659703496631625086e+01
3.659745032483387916e+01
3.659786677811104738e+01
3.659828431764378109e+01
3.659870293555387377e+01
3.659912262448010978e+01
3.659954337745878661e+01
3.659996518781881036e+01
3.660038804909925148e+01
3.660081195498143813e+01
3.660123689922890122e+01
3.660166287563118459e+01
3.660208987794862168e+01
3.660251789985224491e+01
3.660294693484912187e+01
3.660337697619691255e+01
3.660380801682723018e+01
3.660424004929042496e+01
3.660467306572178359e+01
3.660510705782039764e+01
3.660554201682803921e+01
3.660597793350122231e+01
3.660641479807737397e+01
3.660685260023813470e+01
3.660729132907069783e+01
3.660773097303788148e+01
3.660817151997940044e+01
3.660861295715210417e+01
3.660905527129939685e+01
3.660949844874703984e+01
3.660994247552610403e+01
3.661038733750481811e+01
3.661083302049595289e+01
3.661127951032239736e+01
3.661172679284860010e+01
3.661217485399156857e+01
3.661262367971238518e+01
3.661307325598041729e+01
3.661352356872880165e+01
3.661397460385958169e+01
3.661442634731606915e+01
3.661487878515616501e+01
3.661533190358672130e+01
3.661578568899891195e+01
3.661624012803370221e+01
3.661669520765718744e+01
3.661715091522314935e+01
3.661760723852205501e+01
3.661806416582320622e+01
3.661852168590127832e+01
3.661897978802103637e+01
3.661943846188301421e+01
3.661989769757995106e+01
3.662035748558926684e+01
3.662081781675383496e+01
3.662127868219454996e+01
3.662174007316934166e+01
3.662220198093806545e+01
3.662266439666531426e+01
3.662312731134470312e+01
3.662359071568809554e+01
3.662405459994656809e+01
3.662451895372271338e+01
3.662498376585396187e+01
3.662544902438168037e+01
3.662591471659526121e+01
3.662638082913365878e+01
3.662684734810060405e+01
3.662731425916420136e+01
3.662778154764288985e+01
3.662824919858167050e+01
3.662871719683126059e+01
3.662918552713210119e+01
3.662965417415748703e+01
3.663012312248845603e+01
3.663059235656144352e+01
3.663106186062955771e+01
3.663153161876089570e+01
3.663200161491863582e+01
3.663247183314927469e+01
3.663294225784786562e+01
3.663341287403486746e+01
3.663388366758435666e+01
3.663435462539566601e+01
3.663482573552906274e+01
3.663529698728682149e+01
3.663576837121250662e+01
3.663623987903079637e+01
3.663671150358150186e+01
3.663718323877304783e+01
3.663765507953691269e+01
3.663812702176359437e+01
3.663859906222391771e+01
3.663907119848749971e+01
3.663954342884209581e+01
3.664001575221104190e+01
3.664048816806680264e+01
3.664096067634063303e+01
3.664143327733513189e+01
3.664190597165531216e+01
3.664237876015918260e+01
3.664285164391023386e+01
3.664332462413774749e+01
3.664379770223505517e+01
3.664427087979003517e+01
3.664474415860379253e+01
3.664521754067632742e+01
3.664569102816972901e+01
3.664616462336167046e+01
3.664663832859498172e+01
3.664711214622920465e+01
3.664758607859791795e+01
3.664806012796714896e+01
3.664853429649464545e+01
3.664900858620968194e+01
3.664948299902984274e+01
3.664995753678464752e+01
3.665043220116902489e+01
3.665090699357402571e+01
3.665138191482897412e+01
3.665185696495520062e+01
3.665233214301141373e+01
3.665280744702575788e+01
3.665328287397070994e+01
3.665375841979059857e+01
3.665423407953039003e+01
3.665470984754245620e+01
3.665518571766894951e+01
3.665566168335212893e+01
3.665613773771640638e+01
3.665661387365138779e+01
3.665709008387733547e+01
3.665756636098343790e+01
3.665804269744748467e+01
3.665851908564975759e+01
3.665899551789662780e+01
3.665947198645878302e+01
3.665994848362016967e+01
3.666042500173765006e+01
3.666090153330065249e+01
3.666137807096643542e+01
3.666185460756133097e+01
3.666233113606342897e+01
3.666280764958528948e+01
3.666328414135856661e+01
3.666376060471866793e+01
3.666423703309816773e+01
3.666471342002800782e+01
3.666518975912603651e+01
3.666566604406218488e+01
3.666614226850995806e+01
3.666661842609801880e+01
3.666709451036945211e+01
3.666757051474697704e+01
3.666804643249417950e+01
3.666852225666899301e+01
3.666899798008498124e+01
3.666947359529696371e+01
3.666994909460024132e+01
3.667042447002501149e+01
3.667089971332588050e+01
3.667137481595968751e+01
3.667184976902925087e+01
3.667232456321053746e+01
3.667279918871197708e+01
3.667327363526983675e+01
3.667374789215332243e+01
3.667422194816968783e+01
3.667469579166835558e+01
3.667516941054408619e+01
3.667564279223720547e+01
3.667611592372799123e+01
3.667658879153301399e+01
3.667706138172196972e+01
3.667753367996947844e+01
3.667800567162845482e+01
3.667847734179455443e+01
3.667894867535714809e+01
3.667941965703555240e+01
3.667989027139874025e+01
3.668036050290946548e+01
3.668083033599848619e+01
3.668129975509309304e+01
3.668176874457348902e+01
3.668223728870000144e+01
3.668270537152562127e+01
3.668317297680277278e+01
3.668364008791628805e+01
3.668410668785157469e+01
3.668457275918702010e+01
3.668503828413323475e+01
3.668550324466379209e+01
3.668596762270060196e+01
3.668643140020957816e+01
3.668689455912299735e+01
3.668735708116827965e+01
3.668781894772604346e+01
3.668828013975632274e+01
3.668874063776956973e+01
3.668920042184351615e+01
3.668965947170814701e+01
3.669011776685700710e+01
3.669057528659519818e+01
3.669103201000847037e+01
3.669148791594399484e+01
3.669194298307881752e+01
3.669239719001460287e+01
3.669285051527499064e+01
3.669330293720161507e+01
3.669375443386282143e+01
3.669420498306757139e+01
3.669465456249427859e+01
3.669510314986839461e+01
3.669555072310193111e+01
3.669599726037173326e+01
3.669644274017328200e+01
3.669688714138720798e+01
3.669733044337603900e+01
3.669777262610330837e+01
3.669821367023708092e+01
3.669865355717072219e+01
3.669909226888678688e+01
3.669952978767384622e+01
3.669996609580434210e+01
3.670040117526409773e+01
3.670083500756071260e+01
3.670126757360696246e+01
3.670169885366263429e+01
3.670212882732704429e+01
3.670255747358318388e+01
3.670298477086718236e+01
3.670341069712119264e+01
3.670383522983173208e+01
3.670425834608839466e+01
3.670468002268939500e+01
3.670510023630550478e+01
3.670551896366744415e+01
3.670593618171713501e+01
3.670635186771618663e+01
3.670676599932996709e+01
3.670717855469418822e+01
3.670758951247464097e+01
3.670799885191721756e+01
3.670840655287161525e+01
3.670881259579456923e+01
3.670921696176097271e+01
3.670961963248948479e+01
3.671002059034580611e+01
3.671041981828362566e+01
3.671081729974074648e+01
3.671121301855465902e+01
3.671160695893075854e+01
3.671199910544175538e+01
3.671238944303092211e+01
3.671277795701151803e+01
3.671316463306516908e+01
3.671354945725104812e+01
3.671393241603249180e+01
3.671431349629884977e+01
3.671469268535415154e+01
3.671506997088145141e+01
3.671544534090521950e+01
3.671581878374399821e+01
3.671619028793286077e+01
3.671655984210691770e+01
3.671692743485363764e+01
3.671729305456714343e+01
3.671765668933267079e+01
3.671801832684810307e+01
3.671837795439901697e+01
3.671873555889224860e+01
3.671909112690399724e+01
3.671944464469198266e+01
3.671979609817829271e+01
3.672014547295663078e+01
3.672049275433073490e+01
3.672083792732943408e+01
3.672118097669927295e+01
3.672152188694487052e+01
3.672186064244433368e+01
3.672219722759579952e+01
3.672253162695329820e+01
3.672286382536159977e+01
3.672319380810864686e+01
3.672352156107309895e+01
3.672384707083000421e+01
3.672417032469798670e+01
3.672449131073392437e+01
3.672481001769927644e+01
3.672512643502550844e+01
3.672544055277558783e+01
3.672575236154318645e+01
3.672606185221840036e+01
3.672636901566286127e+01
3.672667384245991684e+01
3.672697632283620095e+01
3.672727644669917169e+01
3.672757420369114811e+01
3.672786958319279194e+01
3.672816257427778197e+01
3.672845316569097918e+01
3.672874134590442452e+01
3.672902710323573672e+01
3.672931042599476825e+01
3.672959130265165584e+01
3.672986972200784095e+01
3.673014567331544811e+01
3.673041914631092197e+01
3.673069013116007397e+01
3.673095861832223363e+01
3.673122459839786558e+01
3.673148806205026062e+01
3.673174900000606158e+01
3.673200740308990930e+01
3.673226326230199135e+01
3.673251656894426276e+01
3.673276731471941048e+01
3.673301549171291214e+01
3.673326109225337177e+01
3.673350410874650862e+01
3.673374453360172254e+01
3.673398235926973143e+01
3.673421757828696599e+01
3.673445018324989064e+01
3.673468016677567505e+01
3.673490752153106342e+01
3.673513224033136026e+01
3.673535431627157521e+01
3.673557374283908672e+01
3.673579051394836625e+01
3.673600462388994714e+01
3.673621606725023980e+01
3.673642483885471677e+01
3.673663093374609190e+01
3.673683434717820973e+01
3.673703507460402307e+01
3.673723311167623251e+01
3.673742845431711146e+01
3.673762109887895377e+01
3.673781104233075467e+01
3.673799828235436138e+01
3.673818281725458945e+01
3.673836464571144944e+01
3.673854376652764131e+01
3.673872017849085836e+01
3.673889388036283066e+01
3.673906487093454132e+01
3.673923314905130155e+01
3.673939871356768805e+01
3.673956156330830680e+01
3.673972169711426261e+01
3.673987911393939498e+01
3.674003381291915815e+01
3.674018579338984125e+01
3.674033505486401907e+01
3.674048159699911054e+01
3.674062541960201855e+01
3.674076652263379827e+01
3.674090490616751481e+01
3.674104057036077364e+01
3.674117351554022548e+01
3.674130374239815211e+01
3.674143125221824135e+01
3.674155604705071454e+01
3.674167812980173409e+01
3.674179750425368951e+01
3.674191417505234369e+01
3.674202814768227654e+01
3.674213942843943670e+01
3.674224802439785975e+01
3.674235394335784122e+01
3.674245719377270802e+01
3.674255778466101674e+01
3.674265572550604020e+01
3.674275102615233379e+01
3.674284369672088246e+01
3.674293374754850561e+01
3.674302118914004467e+01
3.674310603212628479e+01
3.674318828722778107e+01
3.674326796522358052e+01
3.674334507692476848e+01
3.674341963315196580e+01
3.674349164470984874e+01
3.674356112235296479e+01
3.674362807674665987e+01
3.674369251843966566e+01
3.674375445786596828e+01
3.674381390537197944e+01
3.674387087124858198e+01
3.674392536575052048e+01
3.674397739909142757e+01
3.674402698141259549e+01
3.674407412273318840e+01
3.674411883288686909e+01
3.674416112144574242e+01
3.674420099763357683e+01
3.674423847023612666e+01
3.674427354754264030e+01
3.674430623735453594e+01
3.674433654703310737e+01
3.674436448353453954e+01
3.674439005344587628e+01
3.674441326305028355e+01
3.674443411839319396e+01
3.674445262530568357e+01
3.674446878936548444e+01
3.674448261580830177e+01
3.674449410942744976e+01
3.674450327449395104e+01
3.674451011472535100e+01
3.674451463331396894e+01
3.674451683296193494e+01
3.674451671585682533e+01
3.674451428359764549e+01
3.674450953712956647e+01
3.674450247671468617e+01
3.674449310192816398e+01
3.674448141166406145e+01
3.674446740414314405e+01
3.674445107693823331e+01
3.674443242706482238e+01
3.674441145114282392e+01
3.674438814554753208e+01
3.674436250649736735e+01
3.674433453011526751e+01
3.674430421250568202e+01
3.674427154986371846e+01
3.674423653860669958e+01
3.674419917548134862e+01
3.674415945761354862e+01
3.674411738250739035e+01
3.674407294800532497e+01
3.674402615220540724e+01
3.674397699333282930e+01
3.674392546959869321e+01
3.674387157910660306e+01
3.674381531983813431e+01
3.674375668970551345e+01
3.674369568663740893e+01
3.674363230863751539e+01
3.674356655374465674e+01
3.674349841987609722e+01
3.674342790462014108e+01
3.674335500506867191e+01
3.674327971772964219e+01
3.674320203849889310e+01
3.674312196264470742e+01
3.674303948479916215e+01
3.674295459900499594e+01
3.674286729881220737e+01
3.674277757734343197e+01
3.674268542730380460e+01
3.674259084098402894e+01
3.674249381028099037e+01
3.674239432672224837e+01
3.674229238148081578e+01
3.674218796537625309e+01
3.674208106886607794e+01
3.674197168203620123e+01
3.674185979459425511e+01
3.674174539586102384e+01
3.674162847476276994e+01
3.674150901984510398e+01
3.674138701931796192e+01
3.674126246110059668e+01
3.674113533281786204e+01
3.674100562173904905e+01
3.674087331470306594e+01
3.674073839807484632e+01
3.674060085774160456e+01
3.674046067913546665e+01
3.674031784727753802e+01
3.674017234686869671e+01
3.674002416243983049e+01
3.673987327850598206e+01
3.673971967965424312e+01
3.673956335055663658e+01
3.673940427595870517e+01
3.673924244071380940e+01
3.673907782988373327e+01
3.673891042885484381e+01
3.673874022342991452e+01
3.673856719990241260e+01
3.673839134511523952e+01
3.673821264646874596e+01
3.673803109183240423e+01
3.673784666938139765e+01
3.673765936744012350e+01
3.673746917434801418e+01
3.673727607830301878e+01
3.673708006720310948e+01
3.673688112855015220e+01
3.673667924942584051e+01
3.673647441652224188e+01
3.673626661623948308e+01
3.673605583484098247e+01
3.673584205860178997e+01
3.673562527391224819e+01
3.673540546735326018e+01
3.673518262575998961e+01
3.673495673628841018e+01
3.673472778650043580e+01
3.673449576443924514e+01
3.673426065865009349e+01
3.673402245817876377e+01
3.673378115261961341e+01
3.673353673217346227e+01
3.673328918760314110e+01
3.673303851009359278e+01
3.673278469110810107e+01
3.673252772227181140e+01
3.673226759528441221e+01
3.673200430188354915e+01
3.673173783385689717e+01
3.673146818306988592e+01
3.673119534147970455e+01
3.673091930113283610e+01
3.673064005417032263e+01
3.673035759286135971e+01
3.673007190965726210e+01
3.672978299725716056e+01
3.672949084867768477e+01
3.672919545726598756e+01
3.672889681660674199e+01
3.672859492040861795e+01
3.672828976247649280e+01
3.672798133674211130e+01
3.672766963728795986e+01
3.672735465832824531e+01
3.672703639411004417e+01
3.672671483876278842e+01
3.672638998617409101e+01
3.672606182989281365e+01
3.672573036302440386e+01
3.672539557815539268e+01
3.672505746737341070e+01
3.672471602240019450e+01
3.672437123479861043e+01
3.672402309619138805e+01
3.672367159842627871e+01
3.672331673360974236e+01
3.672295849398375367e+01
3.672259687176074294e+01
3.672223185904335452e+01
3.672186344779478873e+01
3.672149162976923975e+01
3.672111639641989456e+01
3.672073773888301673e+01
3.672035564809340968e+01
3.671997011498671526e+01
3.671958113072788166e+01
3.671918868695534144e+01
3.671879277599587965e+01
3.671839339094515253e+01
3.671799052557186371e+01
3.671758417410699593e+01
3.671717433098726246e+01
3.671676099059568799e+01
3.671634414704305982e+01
3.671592379400297546e+01
3.671549992458681544e+01
3.671507253129086479e+01
3.671464160605537330e+01
3.671420714041720146e+01
3.671376912572091555e+01
3.671332755334346842e+01
3.671288241484591452e+01
3.671243370200522094e+01
3.671198140680429844e+01
3.671152552147940185e+01
3.671106603864362938e+01
3.671060295148143382e+01
3.671013625396950886e+01
3.670966594098757696e+01
3.670919200822365980e+01
3.670871445194881488e+01
3.670823326883279947e+01
3.670774845589318147e+01
3.670726001054381982e+01
3.670676793068718524e+01
3.670627221482229885e+01
3.670577286214773949e+01
3.670526987264717889e+01
3.670476324713499139e+01
3.670425298723459662e+01
3.670373909531401324e+01
3.670322157446422295e+01
3.670270042856136428e+01
3.670217566229576533e+01
3.670164728100718321e+01
3.670111529036221043e+01
3.670057969607648829e+01
3.670004050381816540e+01
3.669949771928954618e+01
3.669895134840521678e+01
3.669840139746144558e+01
3.669784787322660691e+01
3.669729078294889035e+01
3.669673013433573061e+01
3.669616593556538220e+01
3.669559819532285161e+01
3.669502692281346867e+01
3.669445212774910914e+01
3.669387382032381595e+01
3.669329201118250694e+01
3.669270671139755535e+01
3.669211793246482500e+01
3.669152568630455136e+01
3.669092998525449190e+01
3.669033084206010642e+01
3.668972826985898195e+01
3.668912228214274052e+01
3.668851289272780747e+01
3.668790011583526223e+01
3.668728396630511668e+01
3.668666445981447310e+01
3.668604161297399457e+01
3.668541544325088921e+01
3.668478596868157382e+01
3.668415320747912034e+01
3.668351717778775622e+01
3.668287789769167517e+01
3.668223538536213368e+01
3.668158965920160597e+01
3.668094073793837140e+01
3.668028864069078310e+01
3.667963338702577403e+01
3.667897499702903019e+01
3.667831349140047337e+01
3.667764889155955643e+01
3.667698121970082070e+01
3.667631049871993554e+01
3.667563675200823781e+01
3.667496000326574546e+01
3.667428027645938471e+01
3.667359759586101120e+01
3.667291198608358371e+01
3.667222347216403477e+01
3.667153207971239937e+01
3.667083783500251570e+01
3.667014076488153762e+01
3.666944089655572725e+01
3.666873825742887760e+01
3.666803287506736098e+01
3.666732477722068495e+01
3.666661399182456194e+01
3.666590054697961421e+01
3.666518447093101685e+01
3.666446579206771617e+01
3.666374453892836982e+01
3.666302074017715285e+01
3.666229442453863641e+01
3.666156562075023118e+01
3.666083435761493803e+01
3.666010066414372659e+01
3.665936456968914570e+01
3.665862610401757848e+01
3.665788529733084999e+01
3.665714218025766513e+01
3.665639678382839861e+01
3.665564913942954206e+01
3.665489927875228204e+01
3.665414723378484041e+01
3.665339303687018457e+01
3.665263672080362056e+01
3.665187831894987625e+01
3.665111786537289618e+01
3.665035539495582384e+01
3.664959094348210300e+01
3.664882454766389941e+01
3.664805624512285220e+01
3.664728607434940955e+01
3.664651407467184896e+01
3.664574028623604107e+01
3.664496474997454101e+01
3.664418750755712040e+01
3.664340860133157918e+01
3.664262807426261759e+01
3.664184596986876130e+01
3.664106233214953789e+01
3.664027720549222522e+01
3.663949063455908117e+01
3.663870266418241783e+01
3.663791333930831229e+01
3.663712270499885904e+01
3.663633080645577422e+01
3.663553768902649921e+01
3.663474339818791492e+01
3.663394797952320658e+01
3.663315147870071087e+01
3.663235394144689394e+01
3.663155541349890854e+01
3.663075594053276518e+01
3.662995556808762387e+01
3.662915434152029093e+01
3.662835230599962699e+01
3.662754950651658703e+01
3.662674598788545666e+01
3.662594179473049394e+01
3.662513697145503500e+01
3.662433156218332897e+01
3.662352561068775714e+01
3.662271916034919172e+01
3.662191225417478790e+01
3.662110493484212981e+01
3.662029724473065073e+01
3.661948922593168732e+01
3.661868092024872823e+01
3.661787236919578703e+01
3.661706361398697140e+01
3.661625469550946832e+01
3.661544565429171882e+01
3.661463653048809874e+01
3.661382736389186476e+01
3.661301819397831281e+01
3.661220905994986907e+01
3.661140000074220069e+01
3.661059105500019939e+01
3.660978226105582678e+01
3.660897365691573668e+01
3.660816528025866035e+01
3.660735716843861098e+01
3.660654935848319269e+01
3.660574188708807242e+01
3.660493479061919686e+01
3.660412810512771387e+01
3.660332186637067053e+01
3.660251610982595594e+01
3.660171087069156215e+01
3.660090618386543326e+01
3.660010208390972508e+01
3.659929860499941157e+01
3.659849578085148636e+01
3.659769364465509511e+01
3.659689222904260220e+01
3.659609156611712422e+01
3.659529168750734840e+01
3.659449262440583794e+01
3.659369440757900094e+01
3.659289706736542058e+01
3.659210063367128640e+01
3.659130513595990664e+01
3.659051060323252358e+01
3.658971706400030399e+01
3.658892454625539870e+01
3.658813307745562327e+01
3.658734268453153504e+01
3.658655339391103922e+01
3.658576523155178251e+01
3.658497822297552204e+01
3.658419239329759876e+01
3.658340776724080712e+01
3.658262436912301041e+01
3.658184222281839482e+01
3.658106135170906015e+01
3.658028177864137120e+01
3.657950352590385279e+01
3.657872661525853886e+01
3.657795106801336260e+01
3.657717690505351271e+01
3.657640414677057095e+01
3.657563281289717594e+01
3.657486292229776836e+01
3.657409449277503199e+01
3.657332754093370397e+01
3.657256208212429982e+01
3.657179813045212313e+01
3.657103569880183613e+01
3.657027479887175758e+01
3.656951544126467724e+01
3.656875763563026283e+01
3.656800139079096823e+01
3.656724671482306377e+01
3.656649361512599938e+01
3.656574209850736423e+01
3.656499217127369405e+01
3.656424383929589794e+01
3.656349710804650499e+01
3.656275198263878679e+01
3.656200846785328196e+01
3.656126656810775444e+01
3.656052628739505650e+01
3.655978762927161085e+01
3.655905059696961956e+01
3.655831519363880489e+01
3.655758142260668819e+01
3.655684928748591744e+01
3.655611879205265069e+01
3.655538994000514919e+01
3.655466273479542849e+01
3.655393717962554234e+01
3.655321327756947625e+01
3.655249103173502334e+01
3.655177044538179842e+01
3.655105152196520635e+01
3.655033426515512929e+01
3.654961867888866323e+01
3.654890476746280115e+01
3.654819253564852488e+01
3.654748198884099963e+01
3.654677313328079435e+01
3.654606597631995868e+01
3.654536052663256385e+01
3.654465679430929015e+01
3.654395479086831955e+01
3.654325452922911666e+01
3.654255602365898170e+01
3.654185928968453823e+01
3.654116434397590041e+01
3.654047120423479811e+01
3.653977988911186969e+01
3.653909041812786995e+01
3.653840281153641456e+01
3.653771709014484514e+01
3.653703327518672239e+01
3.653635138825862327e+01
3.653567145126469740e+01
3.653499348636510291e+01
3.653431751595957167e+01
3.653364356270207480e+01
3.653297164949897535e+01
3.653230179944382172e+01
3.653163403571610957e+01
3.653096838152780634e+01
3.653030486014092304e+01
3.652964349490751772e+01
3.652898430929414531e+01
3.652832732688477080e+01
3.652767257136724766e+01
3.652702006651189492e+01
3.652636983615794719e+01
3.652572190421744125e+01
3.652507629468210837e+01
3.652443303160683996e+01
3.652379213906297650e+01
3.652315364107792561e+01
3.652251756157870943e+01
3.652188392435006392e+01
3.652125275301403207e+01
3.652062407102704356e+01
3.651999790168868287e+01
3.651937426816216004e+01
3.651875319349478133e+01
3.651813470062180755e+01
3.651751881236356922e+01
3.651690555145659545e+01
3.651629494064615500e+01
3.651568700279630519e+01
3.651508176094344549e+01
3.651447923828364139e+01
3.651387945813068114e+01
3.651328244386053257e+01
3.651268821885773264e+01
3.651209680650950418e+01
3.651150823025828629e+01
3.651092251365623298e+01
3.651033968038368727e+01
3.650975975425008357e+01
3.650918275919192268e+01
3.650860871925615925e+01
3.650803765856407779e+01
3.650746960127127494e+01
3.650690457153834956e+01
3.650634259350548660e+01
3.650578369125925349e+01
3.650522788880618918e+01
3.650467521007757910e+01
3.650412567895855886e+01
3.650357931931335997e+01
3.650303615499294096e+01
3.650249620983294818e+01
3.650195950765650110e+01
3.650142607228963954e+01
3.650089592758553891e+01
3.650036909744680003e+01
3.649984560584179860e+01
3.649932547681629558e+01
3.649880873449128416e+01
3.649829540305699282e+01
3.649778550680584743e+01
3.649727907021507178e+01
3.649677611803613786e+01
3.649627667534718967e+01
3.649578076753628153e+01
3.649528842019989128e+01
3.649479965899561762e+01
3.649431450952216238e+01
3.649383299725870700e+01
3.649335514754329779e+01
3.649288098556187521e+01
3.649241053633151211e+01
3.649194382466995279e+01
3.649148087515158068e+01
3.649102171205937140e+01
3.649056635934866222e+01
3.649011484062640420e+01
3.648966717913338442e+01
3.648922339771958434e+01
3.648878351881566573e+01
3.648834756440735561e+01
3.648791555601666659e+01
3.648748751469085505e+01
3.648706346099728393e+01
3.648664341501724095e+01
3.648622739633104572e+01
3.648581542399430333e+01
3.648540751651423619e+01
3.648500369183378211e+01
3.648460396732244249e+01
3.648420835977013610e+01
3.648381688540533219e+01
3.648342955998042925e+01
3.648304639890093881e+01
3.648266741731472251e+01
3.648229263014471968e+01
3.648192205210227002e+01
3.648155569769152606e+01
3.648119358121101641e+01
3.648083571676107084e+01
3.648048211825310716e+01
3.648013279942094300e+01
3.647978777383591620e+01
3.647944705491526918e+01
3.647911065591389246e+01
3.647877858990634081e+01
3.647845086977179818e+01
3.647812750818675909e+01
3.647780851762462362e+01
3.647749391035323185e+01
3.647718369841688002e+01
3.647687789361631872e+01
3.647657650753365033e+01
3.647627955161262747e+01
3.647598703722734115e+01
3.647569897566609853e+01
3.647541537803253675e+01
3.647513625512625879e+01
3.647486161735461963e+01
3.647459147467667151e+01
3.647432583655684368e+01
3.647406471192442723e+01
3.647380810914967242e+01
3.647355603603539009e+01
3.647330849981444345e+01
3.647306550715404683e+01
3.647282706417271214e+01
3.647259317646496157e+01
3.647236384912898188e+01
3.647213908680497951e+01
3.647191889371841711e+01
3.647170327368814213e+01
3.647149223007996000e+01
3.647128576574269232e+01
3.647108388296175008e+01
3.647088658344094370e+01
3.647069386832910709e+01
3.647050573829150011e+01
3.647032219358707295e+01
3.647014323411454484e+01
3.646996885942728994e+01
3.646979906873751531e+01
3.646963386093797510e+01
3.646947323467234270e+01
3.646931718842903081e+01
3.646916572056866812e+01
3.646901882925423877e+01
3.646887651234902705e+01
3.646873876734183284e+01
3.646860559130823276e+01
3.646847698089326428e+01
3.646835293229313635e+01
3.646823344121935406e+01
3.646811850285609324e+01
3.646800811183307900e+01
3.646790226220826270e+01
3.646780094743873235e+01
3.646770416034291884e+01
3.646761189307639484e+01
3.646752413712907526e+01
3.646744088332832234e+01
3.646736212184100623e+01
3.646728784219898500e+01
3.646721803337128165e+01
3.646715268386942199e+01
3.646709178184496380e+01
3.646703531514022245e+01
3.646698327127084127e+01
3.646693563733823140e+01
3.646689239990201514e+01
3.646685354486518804e+01
3.646681905740206986e+01
3.646678892193014576e+01
3.646676312210912130e+01
3.646674164084000580e+01
3.646672446026223469e+01
3.646671156177318096e+01
3.646670292607689134e+01
3.646669853324838328e+01
3.646669836280479160e+01
3.646670239378619272e+01
3.646671060484330695e+01
3.646672297430274057e+01
3.646673948018743516e+01
3.646676010021956671e+01
3.646678481183904097e+01
3.646681359221803831e+01
3.646684641823274831e+01
3.646688326641269384e+01
3.646692411294942104e+01
3.646696893380455862e+01
3.646701770486368588e+01
3.646707040207846973e+01
3.646712700161173615e+01
3.646718748002243871e+01
3.646725181447018826e+01
3.646731998287875598e+01
3.646739196403926542e+01
3.646746773768603589e+01
3.646754728458708428e+01
3.646763058666283541e+01
3.646771762708829101e+01
3.646780839031627863e+01
3.646790286202760001e+01
3.646800102906956198e+01
3.646810287941685402e+01
3.646820840214412129e+01
3.646831758739561735e+01
3.646843042634701959e+01
3.646854691115366620e+01
3.646866703487923900e+01
3.646879079140308022e+01
3.646891817531280822e+01
3.646904918179701127e+01
3.646918380654469871e+01
3.646932204564769364e+01
3.646946389550787160e+01
3.646960935276390359e+01
3.646975841425302178e+01
3.646991107700691259e+01
3.647006733825733704e+01
3.647022719542516711e+01
3.647039064609190007e+01
3.647055768797115860e+01
3.647072831889184386e+01
3.647090253679111527e+01
3.647108033970627616e+01
3.647126172575504910e+01
3.647144669310414145e+01
3.647163523993483381e+01
3.647182736441448014e+01
3.647202306468253141e+01
3.647222233885126030e+01
3.647242518500638653e+01
3.647263160119704395e+01
3.647284158541599197e+01
3.647305513557490997e+01
3.647327224948171676e+01
3.647349292482363836e+01
3.647371715916005996e+01
3.647394494993288561e+01
3.647417629448764842e+01
3.647441119008190213e+01
3.647464963387218262e+01
3.647489162289518561e+01
3.647513715406148549e+01
3.647538622417079068e+01
3.647563882994465700e+01
3.647589496806702414e+01
3.647615463523253254e+01
3.647641782819870571e+01
3.647668454381965120e+01
3.647695477904370165e+01
3.647722853087987005e+01
3.647750579635361134e+01
3.647778657247227585e+01
3.647807085620717515e+01
3.647835864448728671e+01
3.647864993419977964e+01
3.647894472220417583e+01
3.647924300537575704e+01
3.647954478067519801e+01
3.647985004521631680e+01
3.648015879631137182e+01
3.648047103149399106e+01
3.648078674852547465e+01
3.648110594539531348e+01
3.648142862032750600e+01
3.648175477179368187e+01
3.648208439852820106e+01
3.648241749954031832e+01
3.648275407411363602e+01
3.648309412178225131e+01
3.648343764228148700e+01
3.648378463548211670e+01
3.648413510132747462e+01
3.648448903979979718e+01
3.648484645092749190e+01
3.648520733480794576e+01
3.648557169160793734e+01
3.648593952153580489e+01
3.648631082480386567e+01
3.648668560159472207e+01
3.648706385203535518e+01
3.648744557617413165e+01
3.648783077395586361e+01
3.648821944520175009e+01
3.648861158960386319e+01
3.648900720672653364e+01
3.648940629598818930e+01
3.648980885661398332e+01
3.649021488759815668e+01
3.649062438773263750e+01
3.649103735570086116e+01
3.649145379017461011e+01
3.649187368987077917e+01
3.649229705356830067e+01
3.649272388008603230e+01
3.649315416822464186e+01
3.649358791669580881e+01
3.649402512406405208e+01
3.649446578871298641e+01
3.649490990883875696e+01
3.649535748246006506e+01
3.649580850742530913e+01
3.649626298142352709e+01
3.649672090203436881e+01
3.649718226682090716e+01
3.649764707342242076e+01
3.649811531962385658e+01
3.649858700342028328e+01
3.649906212308346198e+01
3.649954067720686623e+01
3.650002266471367562e+01
3.650050808483756271e+01
3.650099693708978776e+01
3.650148922121362460e+01
3.650198493712514392e+01
3.650248408484817020e+01
3.650298666445019791e+01
3.650349267598119951e+01
3.650400211942317696e+01
3.650451499466306871e+01
3.650503130149001407e+01
3.650555103959842995e+01
3.650607420857260621e+01
3.650660080784792427e+01
3.650713083668273384e+01
3.650766429418774806e+01
3.650820117940510556e+01
3.650874149138251568e+01
3.650928522922115604e+01
3.650983239211279141e+01
3.651038297937304122e+01
3.651093699046683128e+01
3.651149442502212139e+01
3.651205528282809354e+01
3.651261956381478058e+01
3.651318726801812176e+01
3.651375839554497560e+01
3.651433294655177519e+01
3.651491092123875859e+01
3.651549231985593025e+01
3.651607714271284522e+01
3.651666539017477220e+01
3.651725706261602511e+01
3.651785216031091608e+01
3.651845068329741650e+01
3.651905263128273305e+01
3.651965800361118397e+01
3.652026679926230912e+01
3.652087901686159199e+01
3.652149465471459422e+01
3.652211371085179792e+01
3.652273618303345160e+01
3.652336206870285906e+01
3.652399136496104148e+01
3.652462406863297417e+01
3.652526017641175571e+01
3.652589968502418571e+01
3.652654259136809145e+01
3.652718889256590273e+01
3.652783858589347687e+01
3.652849166862716146e+01
3.652914813790251003e+01
3.652980799062363104e+01
3.653047122341833841e+01
3.653113783262933367e+01
3.653180781430244650e+01
3.653248116414764013e+01
3.653315787751550658e+01
3.653383794943034957e+01
3.653452137466024396e+01
3.653520814778217130e+01
3.653589826321119460e+01
3.653659171519742443e+01
3.653728849784540955e+01
3.653798860519779623e+01
3.653869203135696608e+01
3.653939877058625285e+01
3.654010881736336103e+01
3.654082216641534586e+01
3.654153881276812399e+01
3.654225875179020022e+01
3.654298197919833768e+01
3.654370849103601415e+01
3.654443828364986757e+01
3.654517135366812397e+01
3.654590769798481631e+01
3.654664731376356457e+01
3.654739019845293768e+01
3.654813634978824410e+01
3.654888576576895076e+01
3.654963844461464362e+01
3.655039438470640079e+01
3.655115358452520979e+01
3.655191604259626104e+01
3.655268175744196668e+01
3.655345072753891600e+01
3.655422295126692944e+01
3.655499842685728140e+01
3.655577715236515246e+01
3.655655912567331711e+01
3.655734434450943127e+01
3.655813280645747199e+01
3.655892450895066759e+01
3.655971944924201722e+01
3.656051762436314334e+01
3.656131903108696690e+01
3.656212366589338814e+01
3.656293152492514054e+01
3.656374260393396014e+01
3.656455689823353339e+01
3.656537440267290862e+01
3.656619511162743663e+01
3.656701901899649698e+01
3.656784611819936259e+01
3.656867640215922677e+01
3.656950986327274222e+01
3.657034649337947485e+01
3.657118628375380354e+01
3.657202922514159127e+01
3.657287530784754637e+01
3.657372452183713563e+01
3.657457685680736148e+01
3.657543230221855168e+01
3.657629084730278635e+01
3.657715248106157446e+01
3.657801719226549864e+01
3.657888496946942070e+01
3.657975580105011204e+01
3.658062967526822717e+01
3.658150658035069824e+01
3.658238650457411723e+01
3.658326943631988826e+01
3.658415536407964197e+01
3.658504427640715306e+01
3.658593616183217989e+01
3.658683100876164929e+01
3.658772880538479200e+01
3.658862953959088316e+01
3.658953319890937905e+01
3.659043977047153362e+01
3.659134924097778452e+01
3.659226159665836775e+01
3.659317682322903664e+01
3.659409490585262859e+01
3.659501582911424578e+01
3.659593957701203948e+01
3.659686613296162960e+01
3.659779547980730285e+01
3.659872759983228718e+01
3.659966247476897649e+01
3.660060008582378543e+01
3.660154041372828004e+01
3.660248343879519695e+01
3.660342914094231759e+01
3.660437749968416199e+01
3.660532849412176404e+01
3.660628210294410678e+01
3.660723830443050275e+01
3.660819707644332510e+01
3.660915839641187830e+01
3.661012224131141579e+01
3.661108858764216478e+01
3.661205741141612435e+01
3.661302868815070610e+01
3.661400239285845259e+01
3.661497850002796639e+01
3.661595698360392248e+01
3.661693781698066630e+01
3.661792097301917437e+01
3.661890642409230878e+01
3.661989414215827310e+01
3.662088409883602935e+01
3.662187626544761088e+01
3.662287061303606350e+01
3.662386711239309278e+01
3.662486573410038915e+01
3.662586644857096019e+01
3.662686922608941131e+01
3.662787403684649234e+01
3.662888085095597290e+01
3.662988963845702273e+01
3.663090036930871918e+01
3.663191301337290895e+01
3.663292754039215282e+01
3.663394391998233601e+01
3.663496212163496324e+01
3.663598211470387866e+01
3.663700386836863032e+01
3.663802735159388391e+01
3.663905253311911281e+01
3.664007938148812116e+01
3.664110786508451412e+01
3.664213795213783698e+01
3.664316961069960854e+01
3.664420280862027113e+01
3.664523751355439884e+01
3.664627369297953408e+01
3.664731131420044363e+01
3.664835034433482974e+01
3.664939075029223403e+01
3.665043249875682108e+01
3.665147555617018327e+01
3.665251988869852795e+01
3.665356546219015854e+01
3.665461224215825808e+01
3.665566019381626717e+01
3.665670928216004398e+01
3.665775947206459051e+01
3.665881072836133114e+01
3.665986301587641805e+01
3.666091629941642083e+01
3.666197054368292640e+01
3.666302571311015157e+01
3.666408177166362492e+01
3.666513868265248988e+01
3.666619640858660034e+01
3.666725491113201230e+01
3.666831415120482518e+01
3.666937408913899077e+01
3.667043468483177548e+01
3.667149589783169716e+01
3.667255768738172605e+01
3.667362001246045367e+01
3.667468283185643685e+01
3.667574610425906911e+01
3.667680978832609640e+01
3.667787384270143036e+01
3.667893822597358167e+01
3.668000289657751978e+01
3.668106781266155281e+01
3.668213293198628122e+01
3.668319821192392993e+01
3.668426360951998788e+01
3.668532908152175054e+01
3.668639458437375822e+01
3.668746007426187816e+01
3.668852550722758821e+01
3.668959083929782850e+01
3.669065602660704428e+01
3.669172102552604287e+01
3.669278579277820285e+01
3.669385028551479166e+01
3.669491446136294854e+01
3.669597827846497040e+01
3.669704169551658168e+01
3.669810467183539515e+01
3.669916716747714247e+01
3.670022914335187636e+01
3.670129056127978373e+01
3.670235138398467711e+01
3.670341157506015861e+01
3.670447109892710102e+01
3.670552992078129506e+01
3.670658800653241371e+01
3.670764532274778702e+01
3.670870183661961050e+01
3.670975751595644709e+01
3.671081232916698411e+01
3.671186624517268626e+01
3.671291923320739414e+01
3.671397126255659060e+01
3.671502230234730035e+01
3.671607232143735899e+01
3.671712128837479838e+01
3.671816917140108671e+01
3.671921593848357190e+01
3.672026155735091635e+01
3.672130599551768881e+01
3.672234922030227722e+01
3.672339119884764358e+01
3.672443189815086129e+01
3.672547128507807201e+01
3.672650932634044096e+01
3.672754598845065743e+01
3.672858123768916272e+01
3.672961504008598155e+01
3.673064736138698549e+01
3.673167816694607524e+01
3.673270742156088886e+01
3.673373508935628706e+01
3.673476113376617036e+01
3.673578551758445343e+01
3.673680820305214922e+01
3.673782915197165977e+01
3.673884832584938920e+01
3.673986568603437775e+01
3.674088119379857886e+01
3.674189481035278249e+01
3.674290649684503762e+01
3.674391621439317390e+01
3.674492392419326592e+01
3.674592958771876283e+01
3.674693316696340872e+01
3.674793462464033666e+01
3.674893392428376870e+01
3.674993103028054975e+01
3.675092590789979141e+01
3.675191852335072440e+01
3.675290884384641288e+01
3.675389683764700521e+01
3.675488247408157605e+01
3.675586572355732784e+01
3.675684655755802055e+01
3.675782494863270955e+01
3.675880087037766231e+01
3.675977429740853353e+01
3.676074520531693679e+01
3.676171357061342349e+01
3.676267937066558744e+01
3.676364258363806670e+01
3.676460318843653141e+01
3.676556116465648927e+01
3.676651649253794574e+01
3.676746915292495288e+01
3.676841912722611738e+01
3.676936639736638313e+01
3.677031094572708980e+01
3.677125275509385460e+01
3.677219180863071557e+01
3.677312808987385040e+01
3.677406158273004877e+01
3.677499227147431782e+01
3.677592014074453175e+01
3.677684517553704779e+01
3.677776736121401058e+01
3.677868668352144255e+01
3.677960312859845260e+01
3.678051668296124888e+01
3.678142733346369653e+01
3.678233506725206325e+01
3.678323987173241960e+01
3.678414173455269776e+01
3.678504064359050574e+01
3.678593658694691726e+01
3.678682955295086998e+01
3.678771953017142948e+01
3.678860650743099825e+01
3.678949047381367876e+01
3.679037141866387373e+01
3.679124933157714139e+01
3.679212420239392856e+01
3.679299602120405410e+01
3.679386477835704028e+01
3.679473046446853601e+01
3.679559307042287486e+01
3.679645258737658509e+01
3.679730900675705385e+01
3.679816232025044798e+01
3.679901251978970578e+01
3.679985959755804004e+01
3.680070354601100746e+01
3.680154435790441170e+01
3.680238202631248612e+01
3.680321654463335790e+01
3.680404790658875669e+01
3.680487610622172667e+01
3.680570113788946429e+01
3.680652299624745183e+01
3.680734167622771480e+01
3.680815717301802437e+01
3.680896948204508590e+01
3.680977859896248816e+01
3.681058451964363343e+01
3.681138724017464625e+01
3.681218675684139185e+01
3.681298306610973725e+01
3.681377616460189728e+01
3.681456604907084085e+01
3.681535271636789020e+01
3.681613616339081574e+01
3.681691638701153124e+01
3.681769338401345948e+01
3.681846715106699719e+01
3.681923768473797764e+01
3.682000498152159906e+01
3.682076903789378264e+01
3.682152985034797865e+01
3.682228741539397987e+01
3.682304172953237043e+01
3.682379278922412880e+01
3.682454059085829101e+01
3.682528513072058018e+01
3.682602640497077573e+01
3.682676440961823516e+01
3.682749914046711126e+01
3.682823059303438384e+01
3.682895876249802569e+01
3.682968364372221970e+01
3.683040523132727628e+01
3.683112351974504151e+01
3.683183850326254571e+01
3.683255017608618687e+01
3.683325853240975789e+01
3.683396356643084602e+01
3.683466527227380993e+01
3.683536364383861184e+01
3.683605867465558248e+01
3.683675035782004414e+01
3.683743868603308869e+01
3.683812365171841208e+01
3.683880524714783888e+01
3.683948346453864531e+01
3.684015829613237969e+01
3.684082973426490781e+01
3.684149777142381055e+01
3.684216240029019929e+01
3.684282361376496340e+01
3.684348140498232738e+01
3.684413576731464701e+01
3.684478669435001308e+01
3.684543417978499491e+01
3.684607821721226628e+01
3.684671879992088606e+01
3.684735592085535671e+01
3.684798957271492981e+01
3.684861974807441243e+01
3.684924643946889233e+01
3.684986963944925265e+01
3.685048934063280512e+01
3.685110553576564740e+01
3.685171821779380252e+01
3.685232737994501662e+01
3.685293301581745595e+01
3.685353511945180571e+01
3.685413368539361301e+01
3.685472870877519114e+01
3.685532018540916255e+01
3.685590811186544613e+01
3.685649248552099522e+01
3.685707330458227204e+01
3.685765056808529039e+01
3.685822427588595218e+01
3.685879442864843014e+01
3.685936102782967794e+01
3.685992407566291718e+01
3.686048357513929119e+01
3.686103952996793964e+01
3.686159194451575871e+01
3.686214082376560697e+01
3.686268617331643327e+01
3.686322799941160611e+01
3.686376630896732820e+01
3.686430110957275730e+01
3.686483240945116080e+01
3.686536021739186708e+01
3.686588454265498171e+01
3.686640539482343826e+01
3.686692278358790986e+01
3.686743671850537396e+01
3.686794720878984322e+01
3.686845426316449448e+01
3.686895788978388566e+01
3.686945809621567349e+01
3.686995488947682276e+01
3.687044827614678866e+01
3.687093826252554152e+01
3.687142485474384301e+01
3.687190805880142364e+01
3.687238788057793926e+01
3.687286432583803730e+01
3.687333740021895068e+01
3.687380710917907578e+01
3.687427345791446243e+01
3.687473645130641842e+01
3.687519609396172626e+01
3.687565239033853004e+01
3.687610534490541170e+01
3.687655496228479990e+01
3.687700124735652452e+01
3.687744420532725087e+01
3.687788384178431755e+01
3.687832016273595315e+01
3.687875317462815161e+01
3.687918288434591574e+01
3.687960929921941755e+01
3.688003242703500462e+01
3.688045227603259235e+01
3.688086885487774680e+01
3.688128217260742758e+01
3.688169223855629753e+01
3.688209906227618262e+01
3.688250265345754997e+01
3.688290302185577474e+01
3.688330017722329046e+01
3.688369412924469515e+01
3.688408488747086977e+01
3.688447246125797108e+01
3.688485685972589323e+01
3.688523809174112245e+01
3.688561616591320558e+01
3.688599109059219927e+01
3.688636287386323431e+01
3.688673152354979834e+01
3.688709704724337257e+01
3.688745945235839230e+01
3.688781874619204615e+01
3.688817493597924368e+01
3.688852802897389438e+01
3.688887803259151354e+01
3.688922495458210449e+01
3.688956880317179099e+01
3.688990958715483970e+01
3.689024731593986672e+01
3.689058199953959161e+01
3.689091364848166421e+01
3.689124227363374331e+01
3.689156788598773318e+01
3.689189049647612961e+01
3.689221011584002952e+01
3.689252675450097740e+01
3.689284042241145301e+01
3.689315112891997472e+01
3.689345888268678664e+01
3.689376369165906766e+01
3.689406556311622154e+01
3.689436450379017174e+01
3.689466052002175900e+01
3.689495361789368388e+01
3.689524380331774722e+01
3.689553108209087640e+01
3.689581545993657130e+01
3.689609694252587246e+01
3.689637553546231175e+01
3.689665124425322063e+01
3.689692407431905252e+01
3.689719403104456319e+01
3.689746111981344967e+01
3.689772534595243769e+01
3.689798671454089174e+01
3.689824523015322910e+01
3.689850089669195654e+01
3.689875371740577492e+01
3.689900369506743516e+01
3.689925083219252144e+01
3.689949513116569335e+01
3.689973659425687913e+01
3.689997522360429372e+01
3.690021102122675245e+01
3.690044398909247292e+01
3.690067412924143042e+01
3.690090144394667249e+01
3.690112593591175028e+01
3.690134760848268058e+01
3.690156646582976663e+01
3.690178251307487045e+01
3.690199575636997054e+01
3.690220620294063991e+01
3.690241386109838828e+01
3.690261874021988575e+01
3.690282085070476370e+01
3.690302020393336591e+01
3.690321681223239381e+01
3.690341068884338682e+01
3.690360184789125242e+01
3.690379030435182273e+01
3.690397607401649083e+01
3.690415917345586649e+01
3.690433961999026735e+01
3.690451743167579934e+01
3.690469262732064237e+01
3.690486522655392321e+01
3.690503524994427664e+01
3.690520271911551475e+01
3.690536765678822917e+01
3.690553008671038526e+01
3.690569003351482991e+01
3.690584752257001355e+01
3.690600257979952659e+01
3.690615523138182397e+01
3.690630550334183368e+01
3.690645342119518801e+01
3.690659900980089247e+01
3.690674229341075829e+01
3.690688329578609483e+01
3.690702204028902855e+01
3.690715854994171252e+01
3.690729284748844918e+01
3.690742495547342372e+01
3.690755489628624275e+01
3.690768269212279762e+01
3.690780836489836503e+01
3.690793193621132673e+01
3.690805342738684658e+01
3.690817285953122706e+01
3.690829025353853154e+01
3.690840563006993591e+01
3.690851900956521803e+01
3.690863041231958164e+01
3.690873985860519468e+01
3.690884736880158101e+01
3.690895296352011457e+01
3.690905666369248905e+01
3.690915849057348908e+01
3.690925846568335800e+01
3.690935661080081331e+01
3.690945294806321897e+01
3.690954750010866547e+01
3.690964029014692471e+01
3.690973134186481275e+01
3.690982067915133769e+01
3.690990832574883740e+01
3.690999430498010270e+01
3.691007863963327651e+01
3.691016135196561976e+01
3.691024246370437822e+01
3.691032199598428321e+01
3.691039996931235123e+01
3.691047640367982297e+01
3.691055131883378237e+01
3.691062473461310844e+01
3.691069667118117792e+01
3.691076714908126633e+01
3.691083618921890519e+01
3.691090381279651211e+01
3.691097004108240043e+01
3.691103489503762347e+01
3.691109839501678636e+01
3.691116056071050622e+01
3.691122141130798440e+01
3.691128096573748962e+01
3.691133924283869305e+01
3.691139626138887309e+01
3.691145203999958113e+01
3.691150659696457836e+01
3.691155995014578650e+01
3.691161211694397792e+01
3.691166311433374858e+01
3.691171295889560611e+01
3.691176166679054660e+01
3.691180925367619636e+01
3.691185573463663161e+01
3.691190112422026459e+01
3.691194543657809390e+01
3.691198868561075130e+01
3.691203088510965813e+01
3.691207204893716920e+01
3.691211219120086184e+01
3.691215132632459728e+01
3.691218946900071529e+01
3.691222663409257621e+01
3.691226283655849727e+01
3.691229809140887852e+01
3.691233241367199724e+01
3.691236581836964348e+01
3.691239832051022773e+01
3.691242993506924108e+01
3.691246067691227495e+01
3.691249056066051537e+01
3.691251960055921444e+01
3.691254781041334354e+01
3.691257520360313293e+01
3.691260179314249257e+01
3.691262759174321673e+01
3.691265261189388980e+01
3.691267686597378628e+01
3.691270036638047003e+01
3.691272312563686597e+01
3.691274515650036392e+01
3.691276647214492357e+01
3.691278708640163586e+01
3.691280701391942642e+01
3.691282627015623774e+01
3.691284487123682823e+01
3.691286283371988475e+01
3.691288017427556412e+01
3.691289690934552681e+01
3.691291305490814523e+01
3.691292862634112737e+01
3.691294363829680236e+01
3.691295810459690330e+01
3.691297203823057060e+01
3.691298545154333510e+01
3.691299835661210693e+01
3.691301076566889350e+01
3.691302269142516224e+01
3.691303414723353171e+01
3.691304514709455020e+01
3.691305570554759896e+01
3.691306583751497783e+01
3.691307555819186348e+01
3.691308488301801560e+01
3.691309382769921399e+01
3.691310240825788469e+01
3.691311064109834916e+01
3.691311854303992135e+01
3.691312613129451137e+01
3.691313342343057258e+01
3.691314043737988726e+01
3.691314719150867063e+01
3.691315370474126212e+01
3.691315999669166104e+01
3.691316608773457375e+01
3.691317199897816437e+01
3.691317775215883756e+01
3.691318336952917178e+01
3.691318887381413560e+01
3.691319428818959381e+01
3.691319963613037203e+01
3.691320494108683903e+01
3.691321022611959535e+01
3.691321551366083042e+01
3.691322082549287131e+01
3.691322618287382795e+01
3.691323160666618719e+01
3.691323711740594149e+01
3.691324273531039779e+01
3.691324848024405014e+01
3.691325437170397805e+01
3.691326042887341430e+01
3.691326667073081325e+01
3.691327311616772988e+01
3.691327978407160515e+01
3.691328669336179047e+01
3.691329386299830873e+01
3.691330131198378695e+01
3.691330905936540319e+01
3.691331712422999800e+01
3.691332552568164260e+01
3.691333428280172768e+01
3.691334341459923252e+01
3.691335293996399258e+01
3.691336287764617907e+01
3.691337324627581040e+01
3.691338406440264919e+01
3.691339535052541265e+01
3.691340712309663274e+01
3.691341940050511994e+01
3.691343220104473488e+01
3.691344554288225055e+01
3.691345944403492751e+01
3.691347392236173164e+01
3.691348899556230378e+01
3.691350468116626615e+01
3.691352099649908070e+01
3.691353795863721388e+01
3.691355558436916340e+01
3.691357389015061585e+01
3.691359289204498140e+01
3.691361260566786484e+01
3.691363304614904450e+01
3.691365422811487917e+01
3.691367616569903021e+01
3.691369887257356908e+01
3.691372236197332057e+01
3.691374664669776706e+01
3.691377173909249620e+01
3.691379765101996213e+01
3.691382439383699676e+01
3.691385197839286292e+01
3.691388041504477968e+01
3.691390971367930973e+01
3.691393988372888657e+01
3.691397093417371167e+01
3.691400287352514198e+01
3.691403570980032356e+01
3.691406945050265875e+01
3.691410410261102726e+01
3.691413967257389572e+01
3.691417616631122911e+01
3.691421358923193452e+01
3.691425194627279893e+01
3.691429124195295941e+01
3.691433148042452927e+01
3.691437266550853735e+01
3.691441480072020909e+01
3.691445788927866545e+01
3.691450193409317393e+01
3.691454693773778928e+01
3.691459290244544178e+01
3.691463983016532779e+01
3.691468772270211929e+01
3.691473658189904228e+01
3.691478640980925263e+01
3.691483720882724384e+01
3.691488898178425160e+01
3.691494173201731854e+01
3.691499546340234161e+01
3.691505018033839747e+01
3.691510588769798318e+01
3.691516259077334894e+01
3.691522029522868564e+01
3.691527900705233378e+01
3.691533873251183451e+01
3.691539947812170652e+01
3.691546125063266004e+01
3.691552405703539819e+01
3.691558790455464134e+01
3.691565280062859244e+01
3.691571875289326954e+01
3.691578576917849830e+01
3.691585385750584436e+01
3.691592302607975995e+01
3.691599328326896057e+01
3.691606463757707957e+01
3.691613709760169115e+01
3.691621067198934014e+01
3.691628536939942506e+01
3.691636119847679254e+01
3.691643816782433873e+01
3.691651628597465873e+01
3.691659556136752229e+01
3.691667600231561863e+01
3.691675761691975310e+01
3.691684041297320107e+01
3.691692439796064207e+01
3.691700957915151093e+01
3.691709596367977753e+01
3.691718355852042777e+01
3.691727237034125153e+01
3.691736240529231594e+01
3.691745366881390567e+01
3.691754616547567736e+01
3.691763989885571817e+01
3.691773487150924637e+01
3.691783108503078381e+01
3.691792854015142922e+01
3.691802723682054221e+01
3.691812717425427337e+01
3.691822835096076716e+01
3.691833076476919473e+01
3.691843441287638683e+01
3.691853929189633732e+01
3.691864539791361466e+01
3.691875272657769358e+01
3.691886127322940325e+01
3.691897103295728755e+01
3.691908200050976774e+01
3.691919417015271421e+01
3.691930753563133294e+01
3.691942209026149868e+01
3.691953782705529363e+01
3.691965473880846815e+01
3.691977281814020273e+01
3.691989205751046654e+01
3.692001244924028214e+01
3.692013398553395831e+01
3.692025665849737948e+01
3.692038046017388808e+01
3.692050538261032955e+01
3.692063141791042113e+01
3.692075855824430874e+01
3.692088679583862643e+01
3.692101612295582669e+01
3.692114653185504380e+01
3.692127801474997995e+01
3.692141056378437014e+01
3.692154417104637787e+01
3.692167882862976569e+01
3.692181452872426917e+01
3.692195126373618308e+01
3.692208902645568713e+01
3.692222781025147782e+01
3.692236760922246930e+01
3.692250841822294660e+01
3.692265023276394231e+01
3.692279304890003289e+01
3.692293686317940882e+01
3.692308167263686869e+01
3.692322747480818634e+01
3.692337426781464416e+01
3.692352205054009318e+01
3.692367082281871404e+01
3.692382058555168101e+01
3.692397134073420517e+01
3.692412309138030935e+01
3.692427584136283514e+01
3.692442959526025703e+01
3.692458435828338992e+01
3.692474013627127505e+01
3.692489693574059118e+01
3.692505476400719999e+01
3.692521362936024332e+01
3.692537354121191839e+01
3.692553451016833321e+01
3.692569654803123314e+01
3.692585966775776996e+01
3.692602388339307851e+01
3.692618920999692023e+01
3.692635566358502075e+01
3.692652326108397176e+01
3.692669202029399145e+01
3.692686195985744035e+01
3.692703309922549693e+01
3.692720545861887871e+01
3.692737905899838324e+01
3.692755392206949239e+01
3.692773007031812682e+01
3.692790752704447499e+01
3.692808631637537786e+01
3.692826646326015094e+01
3.692844799345471785e+01
3.692863093349701131e+01
3.692881531068231027e+01
3.692900115304637865e+01
3.692918848935254061e+01
3.692937734907092562e+01
3.692956776234604632e+01
3.692975975995944538e+01
3.692995337329634253e+01
3.693014863431800876e+01
3.693034557553128394e+01
3.693054422995124497e+01
3.693074463106684391e+01
3.693094681281522895e+01
3.693115080956587093e+01
3.693135665612118856e+01
3.693156438773186778e+01
3.693177404010526743e+01
3.693198564939246609e+01
3.693219925216840949e+01
3.693241488542285111e+01
3.693263258655611736e+01
3.693285239336901071e+01
3.693307434405370770e+01
3.693329847719928694e+01
3.693352483178063750e+01
3.693375344705680874e+01
3.693398436237681892e+01
3.693421761697085515e+01
3.693445324978623034e+01
3.693469129942469920e+01
3.693493180419955735e+01
3.693517480222197236e+01
3.693542033143370418e+01
3.693566842958631469e+01
3.693591913419007966e+01
3.693617248248052931e+01
3.693642851146087480e+01
3.693668725802439212e+01
3.693694875911959485e+01
3.693721305192322291e+01
3.693748017398694117e+01
3.693775016332748606e+01
3.693802305845257905e+01
3.693829889833907032e+01
3.693857772238965254e+01
3.693885957039735501e+01
3.693914448253342186e+01
3.693943249934395823e+01
3.693972366173780841e+01
3.694001801096951709e+01
3.694031558862720743e+01
3.694061643662723782e+01
3.694092059721276655e+01
3.694122811295233788e+01
3.694153902673350842e+01
3.694185338174779076e+01
3.694217122146775978e+01
3.694249258961345816e+01
3.694281753009538960e+01
3.694314608693412794e+01
3.694347830418092826e+01
3.694381422586362618e+01
3.694415389596566968e+01
3.694449735842950133e+01
3.694484465716476507e+01
3.694519583605268309e+01
3.694555093895230158e+01
3.694591000970775241e+01
3.694627309214574495e+01
3.694664023005454112e+01
3.694701146714250228e+01
3.694738684698294406e+01
3.694776641295901243e+01
3.694815020822024820e+01
3.694853827565081161e+01
3.694893065784161479e+01
3.694932739706440827e+01
3.694972853525164425e+01
3.695013411398615943e+01
3.695054417450344175e+01
3.695095875770272187e+01
3.695137790415895296e+01
3.695180165413291462e+01
3.695223004757736618e+01
3.695266312414028675e+01
3.695310092317101436e+01
3.695354348372932662e+01
3.695399084459254624e+01
3.695444304425679150e+01
3.695490012092946586e+01
3.695536211251588554e+01
3.695582905660788242e+01
3.695630099047816230e+01
3.695677795107669539e+01
3.695725997502120208e+01
3.695774709857982998e+01
3.695823935765193369e+01
3.695873678775265603e+01
3.695923942400831663e+01
3.695974730116921592e+01
3.696026045363326773e+01
3.696077891546172367e+01
3.696130272036862863e+01
3.696183190166647137e+01
3.696236649217279790e+01
3.696290652411882860e+01
3.696345202908818095e+01
3.696400303797224751e+01
3.696455958092739991e+01
3.696512168734204806e+01
3.696568938581916797e+01
3.696626270416375348e+01
3.696684166936731231e+01
3.696742630760016368e+01
3.696801664422319078e+01
3.696861270381032227e+01
3.696921451016122262e+01
3.696982208629651012e+01
3.697043545444410029e+01
3.697105463602952113e+01
3.697167965167789561e+01
3.697231052122268125e+01
3.697294726370862605e+01
3.697358989738588519e+01
3.697423843970030077e+01
3.697489290728260869e+01
3.697555331594162453e+01
3.697621968066417253e+01
3.697689201561699690e+01
3.697757033414669081e+01
3.697825464877767843e+01
3.697894497120529422e+01
3.697964131228011553e+01
3.698034368198840127e+01
3.698105208944218703e+01
3.698176654288604226e+01
3.698248704971054934e+01
3.698321361646092953e+01
3.698394624884662107e+01
3.698468495176843618e+01
3.698542972936512285e+01
3.698618058506481532e+01
3.698693752163257642e+01
3.698770054121210649e+01
3.698846964533331771e+01
3.698924483483028069e+01
3.699002610967446003e+01
3.699081346882736909e+01
3.699160691019842773e+01
3.699240643067786749e+01
3.699321202615104909e+01
3.699402369144851832e+01
3.699484142026682321e+01
3.699566520511367429e+01
3.699649503729400379e+01
3.699733090690869375e+01
3.699817280284644738e+01
3.699902071281269400e+01
3.699987462343445088e+01
3.700073452040315658e+01
3.700160038859804246e+01
3.700247221217441762e+01
3.700334997461100528e+01
3.700423365869203707e+01
3.700512324642891571e+01
3.700601871899262107e+01
3.700692005675223584e+01
3.700782723944305275e+01
3.700874024638728343e+01
3.700965905668939371e+01
3.701058364938958789e+01
3.701151400358311605e+01
3.701245009850459411e+01
3.701339191356845504e+01
3.701433942836548852e+01
3.701529262262634745e+01
3.701625147615673228e+01
3.701721596875020737e+01
3.701818608009512701e+01
3.701916178968835425e+01
3.702014307676368077e+01
3.702112992024252947e+01
3.702212229870222160e+01
3.702312019034233259e+01
3.702412357293439271e+01
3.702513242375805191e+01
3.702614671953709546e+01
3.702716643638727589e+01
3.702819154977573390e+01
3.702922203448535754e+01
3.703025786458586310e+01
3.703129901341564789e+01
3.703234545356071550e+01
3.703339715681890709e+01
3.703445409417103917e+01
3.703551623578218965e+01
3.703658355101755006e+01
3.703765600844469930e+01
3.703873357581829140e+01
3.703981622007739816e+01
3.704090390739549576e+01
3.704199660326832344e+01
3.704309427258143472e+01
3.704419687963667229e+01
3.704530438815342563e+01
3.704641676125519467e+01
3.704753396145034117e+01
3.704865595061185957e+01
3.704978268995321145e+01
3.705091414000807504e+01
3.705205026062372298e+01
3.705319101094561773e+01
3.705433634937668330e+01
3.705548623355993243e+01
3.705664062043803852e+01
3.705779946635193056e+01
3.705896272708859129e+01
3.706013035786373422e+01
3.706130231331216862e+01
3.706247854754246873e+01
3.706365901425109399e+01
3.706484366686275678e+01
3.706603245866884322e+01
3.706722534295222005e+01
3.706842227308279547e+01
3.706962320255752275e+01
3.707082808498297055e+01
3.707203687403739423e+01
3.707324952345230429e+01
3.707446598701157114e+01
3.707568621853587132e+01
3.707691017184184545e+01
3.707813780068466514e+01
3.707936905868112376e+01
3.708060389922297162e+01
3.708184227541557476e+01
3.708308414006821607e+01
3.708432944575739754e+01
3.708557814497104488e+01
3.708683019026924654e+01
3.708808553432807287e+01
3.708934412977689021e+01
3.709060592890324415e+01
3.709187088340634375e+01
3.709313894431622316e+01
3.709441006206091629e+01
3.709568418655898370e+01
3.709696126722239029e+01
3.709824125289608077e+01
3.709952409184626276e+01
3.710080973182071062e+01
3.710209812011402164e+01
3.710338920362014647e+01
3.710468292890636377e+01
3.710597924229698918e+01
3.710727808992881194e+01
3.710857941777051394e+01
3.710988317162457406e+01
3.711118929714564274e+01
3.711249773988824785e+01
3.711380844534172496e+01
3.711512135890385622e+01
3.711643642579407754e+01
3.711775359094036730e+01
3.711907279887298472e+01
3.712039399364932990e+01
3.712171711881588010e+01
3.712304211740515569e+01
3.712436893197844512e+01
3.712569750471532615e+01
3.712702777751580641e+01
3.712835969206158637e+01
3.712969318980810840e+01
3.713102821193285763e+01
3.713236469929428551e+01
3.713370259244045002e+01
3.713504183165661487e+01
3.713638235700015855e+01
3.713772410829072612e+01
3.713906702506428559e+01
3.714041104650383573e+01
3.714175611135449628e+01
3.714310215784350078e+01
3.714444912362257867e+01
3.714579694573271951e+01
3.714714556059819728e+01
3.714849490405563870e+01
3.714984491138794453e+01
3.715119551731149983e+01
3.715254665588345517e+01
3.715389826035349330e+01
3.715525026303806300e+01
3.715660259527634679e+01
3.715795518747101767e+01
3.715930796917965750e+01
3.716066086920906031e+01
3.716201381568428275e+01
3.716336673609811214e+01
3.716471955735670463e+01
3.716607220584762672e+01
3.716742460757799194e+01
3.716877668837792470e+01
3.717012837407278880e+01
3.717147959055316875e+01
3.717283026377570820e+01
3.717418031976387738e+01
3.717552968463220964e+01
3.717687828460952204e+01
3.717822604604653236e+01
3.717957289542642485e+01
3.718091875939004609e+01
3.718226356475327066e+01
3.718360723848737592e+01
3.718494970766920460e+01
3.718629089944010957e+01
3.718763074100290567e+01
3.718896915965678573e+01
3.719030608286046657e+01
3.719164143832464475e+01
3.719297515411896171e+01
3.719430715874982951e+01
3.719563738118465324e+01
3.719696575083318635e+01
3.719829219750454996e+01
3.719961665135743800e+01
3.720093904285319297e+01
3.720225930271387682e+01
3.720357736189581033e+01
3.720489315159239396e+01
3.720620660325936058e+01
3.720751764863506139e+01
3.720882621973069604e+01
3.721013224879412462e+01
3.721143566827670668e+01
3.721273641083315908e+01
3.721403440938482987e+01
3.721532959724720513e+01
3.721662190827010619e+01
3.721791127694089596e+01
3.721919763843700224e+01
3.722048092863362712e+01
3.722176108408035589e+01
3.722303804195624366e+01
3.722431174000845289e+01
3.722558211648983928e+01
3.722684911012576947e+01
3.722811266013071219e+01
3.722937270627245709e+01
3.723062918897342399e+01
3.723188204941097013e+01
3.723313122955730847e+01
3.723437667215321056e+01
3.723561832066027932e+01
3.723685611921616356e+01
3.723809001260335805e+01
3.723931994625412756e+01
3.724054586630798980e+01
3.724176771971403355e+01
3.724298545433615715e+01
3.724419901901546126e+01
3.724540836357905249e+01
3.724661343880017483e+01
3.724781419631643331e+01
3.724901058853833291e+01
3.725020256858891798e+01
3.725139009028049486e+01
3.725257310810400924e+01
3.725375157721257580e+01
3.725492545340600969e+01
3.725609469314263578e+01
3.725725925357930635e+01
3.725841909258715390e+01
3.725957416870397054e+01
3.726072444105350456e+01
3.726186986927548617e+01
3.726301041347997511e+01
3.726414603422902161e+01
3.726527669253879083e+01
3.726640234988948919e+01
3.726752296824794541e+01
3.726863851010188000e+01
3.726974893847478398e+01
3.727085421690851774e+01
3.727195430944406951e+01
3.727304918062181827e+01
3.727413879549244058e+01
3.727522311962788137e+01
3.727630211913621139e+01
3.727737576069305447e+01
3.727844401159251930e+01
3.727950683979910451e+01
3.728056421397523934e+01
3.728161610348158916e+01
3.728266247837344594e+01
3.728370330940690280e+01
3.728473856804304631e+01
3.728576822644244260e+01
3.728679225745574399e+01
3.728781063461525491e+01
3.728882333212553846e+01
3.728983032484333648e+01
3.729083158824870026e+01
3.729182709843369992e+01
3.729281683212226284e+01
3.729380076671248645e+01
3.729477888034228528e+01
3.729575115195802226e+01
3.729671756133242866e+01
3.729767808903196880e+01
3.729863271638703281e+01
3.729958142547681632e+01
3.730052419910155947e+01
3.730146102073719305e+01
3.730239187449008398e+01
3.730331674506434325e+01
3.730423561774582453e+01
3.730514847840257175e+01
3.730605531349512205e+01
3.730695611008773227e+01
3.730785085585377203e+01
3.730873953906458951e+01
3.730962214856766224e+01
3.731049867378229123e+01
3.731136910471575163e+01
3.731223343197655851e+01
3.731309164678573609e+01
3.731394374100083411e+01
3.731478970714184129e+01
3.731562953840057872e+01
3.731646322863939247e+01
3.731729077239762660e+01
3.731811216490589800e+01
3.731892740209944748e+01
3.731973648064118976e+01
3.732053939795452635e+01
3.732133615224258705e+01
3.732212674250348527e+01
3.732291116856808344e+01
3.732368943114060755e+01
3.732446153180720216e+01
3.732522747300644284e+01
3.732598725796871264e+01
3.732674089063223732e+01
3.732748837556004418e+01
3.732822971787744137e+01
3.732896492321141579e+01
3.732969399761643814e+01
3.733041694750705375e+01
3.733113377961390711e+01
3.733184450095727414e+01
3.733254911882745830e+01
3.733324764076806446e+01
3.733394007457201269e+01
3.733462642830379252e+01
3.733530671034615267e+01
3.733598092944769320e+01
3.733664909474718030e+01
3.733731121576954592e+01
3.733796730239561867e+01
3.733861736481045313e+01
3.733926141345066441e+01
3.733989945897324247e+01
3.734053151225256784e+01
3.734115758439697430e+01
3.734177768676138953e+01
3.734239183093077941e+01
3.734300002868216239e+01
3.734360229196419567e+01
3.734419863290494135e+01
3.734478906381875873e+01
3.734537359719563199e+01
3.734595224568075622e+01
3.734652502204831137e+01
3.734709193917326076e+01
3.734765301001588966e+01
3.734820824762087454e+01
3.734875766512422501e+01
3.734930127577873549e+01
3.734983909299499061e+01
3.735037113037559209e+01
3.735089740175911999e+01
3.735141792129823557e+01
3.735193270353772732e+01
3.735244176345948830e+01
3.735294511651292737e+01
3.735344277863652707e+01
3.735393476624052767e+01
3.735442109614867690e+01
3.735490178553608587e+01
3.735537685188658230e+01
3.735584631297055580e+01
3.735631018684419047e+01
3.735676849186918247e+01
3.735722124674224887e+01
3.735766847051677786e+01
3.735811018260899630e+01
3.735854640280209082e+01
3.735897715125528151e+01
3.735940244850119285e+01
3.735982231542472931e+01
3.736023677323902348e+01
3.736064584347308681e+01
3.736104954796242339e+01
3.736144790881135691e+01
3.736184094831936875e+01
3.736222868891028526e+01
3.736261115310444580e+01
3.736298836354048802e+01
3.736336034302539133e+01
3.736372711458358964e+01
3.736408870149435302e+01
3.736444512731267054e+01
3.736479641586088718e+01
3.736514259120281167e+01
3.736548367762564737e+01
3.736581969962191607e+01
3.736615068185483324e+01
3.736647664912759126e+01
3.736679762638379998e+01
3.736711363872746716e+01
3.736742471143512034e+01
3.736773086995047777e+01
3.736803213985959360e+01
3.736832854684360683e+01
3.736862011660431193e+01
3.736890687476619632e+01
3.736918884679127473e+01
3.736946605794750553e+01
3.736973853332874995e+01
3.737000629789431372e+01
3.737026937650066571e+01
3.737052779391171242e+01
3.737078157478381257e+01
3.737103074363221111e+01
3.737127532479756553e+01
3.737151534242994444e+01
3.737175082049139263e+01
3.737198178276916849e+01
3.737220825290168591e+01
3.737243025441421196e+01
3.737264781074187425e+01
3.737286094523710034e+01
3.737306968119563066e+01
3.737327404191454860e+01
3.737347405074951467e+01
3.737366973115042157e+01
3.737386110669521599e+01
3.737404820112561055e+01
3.737423103835460125e+01
3.737440964243010910e+01
3.737458403747724844e+01
3.737475424765517573e+01
3.737492029713636299e+01
3.737508221008977216e+01
3.737524001066987722e+01
3.737539372301350227e+01
3.737554337119571812e+01
3.737568897911079091e+01
3.737583057034919420e+01
3.737596816817301004e+01
3.737610179558880930e+01
3.737623147544190516e+01
3.737635723049600500e+01
3.737647908350998449e+01
3.737659705731854842e+01
3.737671117490896933e+01
3.737682145947351842e+01
3.737692793441805605e+01
3.737703062333847015e+01
3.737712954999521031e+01
3.737722473829751380e+01
3.737731621228961387e+01
3.737740399613212361e+01
3.737748811407942640e+01
3.737756859045426694e+01
3.737764544961739688e+01
3.737771871594407713e+01
3.737778841383077122e+01
3.737785456772619597e+01
3.737791720215656710e+01
3.737797634173910666e+01
3.737803201119073293e+01
3.737808423532209190e+01
3.737813303901705808e+01
3.737817844722481908e+01
3.737822048498222927e+01
3.737825917744490312e+01
3.737829454989591937e+01
3.737832662773016779e+01
3.737835543643286940e+01
3.737838100156393040e+01
3.737840334875597392e+01
3.737842250373570607e+01
3.737843849235993332e+01
3.737845134063987018e+01
3.737846107474310031e+01
3.737846772098280468e+01
3.737847130579730504e+01
3.737847185571887110e+01
3.737846939735133134e+01
3.737846395737394545e+01
3.737845556256383617e+01
3.737844423982909348e+01
3.737843001624386119e+01
3.737841291906103436e+01
3.737839297569472308e+01
3.737837021368913071e+01
3.737834466068155592e+01
3.737831634436834349e+01
3.737828529250393927e+01
3.737825153294575387e+01
3.737821509371263318e+01
3.737817600302587095e+01
3.737813428933843340e+01
3.737808998136234351e+01
3.737804310807454300e+01
3.737799369868583454e+01
3.737794178260391220e+01
3.737788738943149269e+01
3.737783054899465185e+01
3.737777129137018761e+01
3.737770964689153885e+01
3.737764564612550799e+01
3.737757931981978032e+01
3.737751069883672983e+01
3.737743981410974214e+01
3.737736669664718647e+01
3.737729137757343523e+01
3.737721388818939516e+01
3.737713426003885075e+01
3.737705252495046437e+01
3.737696871504179796e+01
3.737688286271751537e+01
3.737679500068897198e+01
3.737670516201429649e+01
3.737661338015696799e+01
3.737651968903271893e+01
3.737642412298433925e+01
3.737632671667859086e+01
3.737622750498554325e+01
3.737612652288424897e+01
3.737602380539666314e+01
3.737591938755175391e+01
3.737581330439051897e+01
3.737570559100124967e+01
3.737559628255181110e+01
3.737548541429467974e+01
3.737537302153986474e+01
3.737525913960538304e+01
3.737514380378237888e+01
3.737502704935182862e+01
3.737490891162860862e+01
3.737478942599084775e+01
3.737466862790937228e+01
3.737454655299462303e+01
3.737442323703193381e+01
3.737429871596806663e+01
3.737417302583251910e+01
3.737404620262761767e+01
3.737391828227807622e+01
3.737378930068476990e+01
3.737365929382235663e+01
3.737352829781252694e+01
3.737339634896704865e+01
3.737326348381234453e+01
3.737312973908969838e+01
3.737299515171550723e+01
3.737285975869674814e+01
3.737272359702795654e+01
3.737258670360763801e+01
3.737244911518783397e+01
3.737231086834607652e+01
3.737217199946419299e+01
3.737203254471292269e+01
3.737189254005409111e+01
3.737175202124958417e+01
3.737161102386060207e+01
3.737146958326928115e+01
3.737132773474907310e+01
3.737118551353608353e+01
3.737104295485168848e+01
3.737090009389105205e+01
3.737075696580973982e+01
3.737061360571025403e+01
3.737047004861992150e+01
3.737032632947450139e+01
3.737018248313402324e+01
3.737003854442684059e+01
3.736989454818100853e+01
3.736975052920797680e+01
3.736960652224335888e+01
3.736946256187608384e+01
3.736931868248723276e+01
3.736917491819669834e+01
3.736903130280884255e+01
3.736888786975427479e+01
3.736874465203457873e+01
3.736860168218451150e+01
3.736845899225374268e+01
3.736831661379343927e+01
3.736817457783601526e+01
3.736803291486514667e+01
3.736789165478194974e+01
3.736775082688080829e+01
3.736761045984082585e+01
3.736747058171730629e+01
3.736733121991173334e+01
3.736719240112429929e+01
3.736705415131611119e+01
3.736691649570160934e+01
3.736677945877509188e+01
3.736664306436159677e+01
3.736650733566871452e+01
3.736637229532190219e+01
3.736623796539485198e+01
3.736610436745843344e+01
3.736597152264615573e+01
3.736583945171867782e+01
3.736570817511855580e+01
3.736557771300455499e+01
3.736544808525573558e+01
3.736531931145999152e+01
3.736519141093175023e+01
3.736506440279595864e+01
3.736493830610811528e+01
3.736481313993628817e+01
3.736468892337103398e+01
3.736456567549443264e+01
3.736444341536567748e+01
3.736432216204560319e+01
3.736420193462708994e+01
3.736408275222939324e+01
3.736396463394476797e+01
3.736384759875681993e+01
3.736373166547348745e+01
3.736361685271357658e+01
3.736350317893909079e+01
3.736339066248950047e+01
3.736327932159167631e+01
3.736316917434249518e+01
3.736306023866424653e+01
3.736295253224145796e+01
3.736284607246166445e+01
3.736274087638049224e+01
3.736263696071208784e+01
3.736253434182832933e+01
3.736243303575211883e+01
3.736233305814396033e+01
3.736223442428747887e+01
3.736213714907498229e+01
3.736204124698224405e+01
3.736194673202293615e+01
3.736185361769710056e+01
3.736176191695818005e+01
3.736167164219664016e+01
3.736158280523326169e+01
3.736149541735630919e+01
3.736140948942883000e+01
3.736132503201733357e+01
3.736124205548549071e+01
3.736116057005754243e+01
3.736108058586423653e+01
3.736100211296145091e+01
3.736092516132251262e+01
3.736084974081497734e+01
3.736077586116857674e+01
3.736070353193734661e+01
3.736063276245980092e+01
3.736056356184056426e+01
3.736049593897190135e+01
3.736042990256787988e+01
3.736036546117719581e+01
3.736030262317934358e+01
3.736024139679057043e+01
3.736018179009124651e+01
3.736012381104740143e+01
3.736006746748548579e+01
3.736001276702621254e+01
3.735995971702718066e+01
3.735990832456835165e+01
3.735985859646577012e+01
3.735981053926968798e+01
3.735976415924126570e+01
3.735971946235556373e+01
3.735967645435911066e+01
3.735963514086540016e+01
3.735959552745337930e+01
3.735955761972203248e+01
3.735952142327391101e+01
3.735948694365768574e+01
3.735945418631855830e+01
3.735942315654860835e+01
3.735939385937776791e+01
3.735936629938485964e+01
3.735934048052234857e+01
3.735931640609200599e+01
3.735929407887743992e+01
3.735927350132431002e+01
3.735925467572353398e+01
3.735923760439250429e+01
3.735922228978418502e+01
3.735920873446182355e+01
3.735919694095579047e+01
3.735918691157167615e+01
3.735917864823643697e+01
3.735917215243799916e+01
3.735916742525255785e+01
3.735916446742346864e+01
3.735916327945770377e+01
3.735916386171059145e+01
3.735916621445110053e+01
3.735917033792709674e+01
3.735917623243158658e+01
3.735918389834360198e+01
3.735919333614381799e+01
3.735920454642130295e+01
3.735921752986575228e+01
3.735923228725186362e+01
3.735924881944908549e+01
3.735926712746537959e+01
3.735928721249497642e+01
3.735930907594365635e+01
3.735933271943942202e+01
3.735935814483831763e+01
3.735938535421270501e+01
3.735941434982007081e+01
3.735944513406690248e+01
3.735947770947262114e+01
3.735951207863251256e+01
3.735954824418750064e+01
3.735958620881236669e+01
3.735962597521572803e+01
3.735966754612534402e+01
3.735971092427637075e+01
3.735975611247950212e+01
3.735980311377186069e+01
3.735985193154066764e+01
3.735990256955723510e+01
3.735995503196230061e+01
3.736000932325033830e+01
3.736006544825877285e+01
3.736012341215523946e+01
3.736018322043360484e+01
3.736024487892262158e+01
3.736030839379169066e+01
3.736037377155271599e+01
3.736044101906487924e+01
3.736051014352965183e+01
3.736058115245663203e+01
3.736065405359813241e+01
3.736072885488575679e+01
3.736080556439524258e+01
3.736088419029470487e+01
3.736096474073054452e+01
3.736104722369970688e+01
3.736113164698626576e+01
3.736121801816712207e+01
3.736130634463622613e+01
3.736139663362295238e+01
3.736148889222798886e+01
3.736158312749532939e+01
3.736167934648609901e+01
3.736177755630182418e+01
3.736187776405408556e+01
3.736197997680589822e+01
3.736208420150631326e+01
3.736219044496196773e+01
3.736229871387301671e+01
3.736240901489918542e+01
3.736252135471511338e+01
3.736263574005207744e+01
3.736275217774653612e+01
3.736287067480714796e+01
3.736299123848569081e+01
3.736311387632755299e+01
3.736323859619101029e+01
3.736336540624704128e+01
3.736349431497816198e+01
3.736362533117628715e+01
3.736375846392693489e+01
3.736389372257685437e+01
3.736403111669001476e+01
3.736417065599673748e+01
3.736431235035157528e+01
3.736445620971851866e+01
3.736460224417463394e+01
3.736475046390400934e+01
3.736490087916246949e+01
3.736505350021303684e+01
3.736520833727701785e+01
3.736536540056001598e+01
3.736552470033454654e+01
3.736568624700502994e+01
3.736585005112117130e+01
3.736601612335337563e+01
3.736618447445059843e+01
3.736635511518162645e+01
3.736652805625400475e+01
3.736670330824163955e+01
3.736688088157190180e+01
3.736706078657304886e+01
3.736724303353827992e+01
3.736742763277802482e+01
3.736761459465571988e+01
3.736780392960211827e+01
3.736799564810721819e+01
3.736818976070826892e+01
3.736838627800604229e+01
3.736858521070836048e+01
3.736878656964049128e+01
3.736899036568251375e+01
3.736919660969789447e+01
3.736940531254094822e+01
3.736961648511789491e+01
3.736983013840308843e+01
3.737004628337147949e+01
3.737026493087167012e+01
3.737048609147552014e+01
3.737070977536483696e+01
3.737093599229790897e+01
3.737116475161791840e+01
3.737139606226818955e+01
3.737162993285708268e+01
3.737186637180666082e+01
3.737210538753352296e+01
3.737234698856340032e+01
3.737259118352977083e+01
3.737283798112090949e+01
3.737308739006488167e+01
3.737333941911648338e+01
3.737359407694291491e+01
3.737385137194024054e+01
3.737411131214238225e+01
3.737437390528601355e+01
3.737463915892606536e+01
3.737490708050543020e+01
3.737517767738867747e+01
3.737545095688985697e+01
3.737572692629350968e+01
3.737600559286789093e+01
3.737628696388304661e+01
3.737657104664349816e+01
3.737685784851215232e+01
3.737714737689036326e+01
3.737743963916003764e+01
3.737773464261303502e+01
3.737803239438058966e+01
3.737833290137244546e+01
3.737863617023351992e+01
3.737894220731617878e+01
3.737925101865540256e+01
3.737956260992838509e+01
3.737987698639362577e+01
3.738019415284178848e+01
3.738051411359223408e+01
3.738083687251496201e+01
3.738116243304180841e+01
3.738149079817566189e+01
3.738182197051919076e+01
3.738215595231815769e+01
3.738249274551157697e+01
3.738283235178670338e+01
3.738317477262524591e+01
3.738352000933015518e+01
3.738386806303869037e+01
3.738421893473164914e+01
3.738457262524448055e+01
3.738492913527943529e+01
3.738528846541084505e+01
3.738565061607872053e+01
3.738601558757944332e+01
3.738638338007099549e+01
3.738675399359681251e+01
3.738712742811437550e+01
3.738750368351707465e+01
3.738788275964238750e+01
3.738826465626153350e+01
3.738864937305648795e+01
3.738903690960088255e+01
3.738942726535842809e+01
3.738982043969498648e+01
3.739021643188670652e+01
3.739061524111554036e+01
3.739101686645884826e+01
3.739142130687712040e+01
3.739182856118802789e+01
3.739223862801413389e+01
3.739265150571702634e+01
3.739306719234795651e+01
3.739348568562186870e+01
3.739390698289629000e+01
3.739433108114732818e+01
3.739475797694463211e+01
3.739518766641860026e+01
3.739562014522365985e+01
3.739605540852007692e+01
3.739649345097619459e+01
3.739693426676485899e+01
3.739737784954613886e+01
3.739782419245886302e+01
3.739827328813260721e+01
3.739872512870741872e+01
3.739917970585555196e+01
3.739963701082361780e+01
3.740009703450785850e+01
3.740055976753328792e+01
3.740102520029683575e+01
3.740149332297441731e+01
3.740196412550849203e+01
3.740243759757716191e+01
3.740291372854863994e+01
3.740339250744054311e+01
3.740387392290551816e+01
3.740435796324123174e+01
3.740484461639641722e+01
3.740533386997306309e+01
3.740582571126946476e+01
3.740632012737300016e+01
3.740681710525285553e+01
3.740731663181479405e+01
3.740781869391596359e+01
3.740832327836508853e+01
3.740883037194702609e+01
3.740933996147651186e+01
3.740985203384510527e+01
3.741036657603696369e+01
3.741088357511439000e+01
3.741140301817029723e+01
3.741192489225044682e+01
3.741244918427857868e+01
3.741297588101763694e+01
3.741350496905820222e+01
3.741403643479238639e+01
3.741457026434772359e+01
3.741510644349769876e+01
3.741564495757617692e+01
3.741618579140836687e+01
3.741672892926420957e+01
3.741727435483708319e+01
3.741782205124876981e+01
3.741837200107883632e+01
3.741892418639592677e+01
3.741947858876174848e+01
3.742003518922732042e+01
3.742059396837591834e+01
3.742115490641573672e+01
3.742171798326960186e+01
3.742228317863449405e+01
3.742285047202157244e+01
3.742341984277772582e+01
3.742399127007784188e+01
3.742456473288400076e+01
3.742514020987638901e+01
3.742571767937544536e+01
3.742629711928837111e+01
3.742687850711309494e+01
3.742746182000166755e+01
3.742804703484214457e+01
3.742863412832296177e+01
3.742922307697681816e+01
3.742981385721578391e+01
3.743040644536451111e+01
3.743100081768559306e+01
3.743159695039227586e+01
3.743219481965046214e+01
3.743279440159629701e+01
3.743339567241900312e+01
3.743399860849826410e+01
3.743460318653090013e+01
3.743520938360687467e+01
3.743581717720641677e+01
3.743642654512405699e+01
3.743703746538294297e+01
3.743764991619006111e+01
3.743826387594890548e+01
3.743887932332086876e+01
3.743949623729832155e+01
3.744011459726404922e+01
3.744073438303509960e+01
3.744135557487835797e+01
3.744197815350085534e+01
3.744260210006240897e+01
3.744322739622629825e+01
3.744385402420890330e+01
3.744448196681580043e+01
3.744511120742614452e+01
3.744574172982122917e+01
3.744637351787957869e+01
3.744700655534024492e+01
3.744764082578232944e+01
3.744827631278764812e+01
3.744891300014625557e+01
3.744955087197234178e+01
3.745018991267986763e+01
3.745083010686759906e+01
3.745147143922265798e+01
3.745211389451756645e+01
3.745275745768812925e+01
3.745340211391918217e+01
3.745404784867857728e+01
3.745469464770749823e+01
3.745534249699697682e+01
3.745599138273823314e+01
3.745664129122813080e+01
3.745729220877269938e+01
3.745794412164325138e+01
3.745859701607538739e+01
3.745925087828065614e+01
3.745990569446497176e+01
3.746056145084517652e+01
3.746121813364896269e+01
3.746187572910704233e+01
3.746253422346381967e+01
3.746319360300363854e+01
3.746385385406044577e+01
3.746451496300219475e+01
3.746517691621323110e+01
3.746583970009912434e+01
3.746650330112943550e+01
3.746716770592730938e+01
3.746783290138629496e+01
3.746849887476965080e+01
3.746916561377261701e+01
3.746983310656521127e+01
3.747050134183015047e+01
3.747117030878422383e+01
3.747183999716848035e+01
3.747251039722281973e+01
3.747318149965868628e+01
3.747385329560344047e+01
3.747452577650287253e+01
3.747519893401791080e+01
3.747587275997288714e+01
3.747654724640124613e+01
3.747722238565750530e+01
3.747789817049704908e+01
3.747857459407216396e+01
3.747925164987057656e+01
3.747992933165984653e+01
3.748060763347171331e+01
3.748128654958642869e+01
3.748196607448394246e+01
3.748264620280392023e+01
3.748332692937486144e+01
3.748400824931920283e+01
3.748469015817208572e+01
3.748537265192707935e+01
3.748605572700095934e+01
3.748673938024536767e+01
3.748742360910838300e+01
3.748810841183512821e+01
3.748879378753291292e+01
3.748947973613122286e+01
3.749016625838454075e+01
3.749085335590927315e+01
3.749154103113103531e+01
3.749222928719398595e+01
3.749291812800552748e+01
3.749360755838230119e+01
3.749429758412318847e+01
3.749498821200334220e+01
3.749567944981304635e+01
3.749637130646672034e+01
3.749706379206125462e+01
3.749775691775805342e+01
3.749845069552576859e+01
3.749914513787227577e+01
3.749984025761180106e+01
3.750053606772939929e+01
3.750123258144415672e+01
3.750192981237468359e+01
3.750262777459548857e+01
3.750332648253654355e+01
3.750402595080880275e+01
3.750472619406578190e+01
3.750542722699951526e+01
3.750612906443006977e+01
3.750683172134927190e+01
3.750753521291667880e+01
3.750823955451887315e+01
3.750894476186384452e+01
3.750965085097110574e+01
3.751035783805860291e+01
3.751106573944707634e+01
3.751177457152297023e+01
3.751248435072658793e+01
3.751319509355877102e+01
3.751390681660125637e+01
3.751461953651941883e+01
3.751533327005731167e+01
3.751604803407354183e+01
3.751676384560153821e+01
3.751748072186499172e+01
3.751819868023582671e+01
3.751891773816684150e+01
3.751963791310488716e+01
3.752035922238549404e+01
3.752108168313435499e+01
3.752180531219800486e+01
3.752253012611834748e+01
3.752325614116076480e+01
3.752398337337918122e+01
3.752471183868220095e+01
3.752544155287674243e+01
3.752617253169613321e+01
3.752690479083602071e+01
3.752763834600188630e+01
3.752837321294398976e+01
3.752910940746691892e+01
3.752984694544988287e+01
3.753058584292153199e+01
3.753132611616305070e+01
3.753206778177811032e+01
3.753281085672776385e+01
3.753355535837312118e+01
3.753430130454528779e+01
3.753504871361923989e+01
3.753579760455645697e+01
3.753654799690963273e+01
3.753729991079715234e+01
3.753805336684539640e+01
3.753880838610579218e+01
3.753956498995423630e+01
3.754032319995940270e+01
3.754108303772864019e+01
3.754184452477917233e+01
3.754260768245801927e+01
3.754337253190085022e+01
3.754413909402595095e+01
3.754490738955543350e+01
3.754567743904033250e+01
3.754644926287108575e+01
3.754722288127246088e+01
3.754799831429356516e+01
3.754877558179887131e+01
3.754955470345041846e+01
3.755033569868422205e+01
3.755111858672073311e+01
3.755190338662890071e+01
3.755269011740481488e+01
3.755347879802697975e+01
3.755426944747947005e+01
3.755506208473602925e+01
3.755585672869072056e+01
3.755665339802902736e+01
3.755745211106982140e+01
3.755825288562578379e+01
3.755905573890766647e+01
3.755986068748310913e+01
3.756066774729488600e+01
3.756147693375118735e+01
3.756228826191141934e+01
3.756310174672358215e+01
3.756391740320417938e+01
3.756473524651586615e+01
3.756555529198372767e+01
3.756637755509007803e+01
3.756720205145762037e+01
3.756802879682281571e+01
3.756885780700344668e+01
3.756968909786224486e+01
3.757052268526859962e+01
3.757135858506217829e+01
3.757219681302142789e+01
3.757303738484088029e+01
3.757388031612005364e+01
3.757472562235827240e+01
3.757557331894361141e+01
3.757642342112624334e+01
3.757727594396938997e+01
3.757813090227982400e+01
3.757898831053541500e+01
3.757984818282924522e+01
3.758071053283613594e+01
3.758157537380836999e+01
3.758244271861724428e+01
3.758331257982960238e+01
3.758418496976106127e+01
3.758505990044933753e+01
3.758593738356518799e+01
3.758681743034679101e+01
3.758770005160612726e+01
3.758858525777831261e+01
3.758947305898252012e+01
3.759036346508688808e+01
3.759125648576259238e+01
3.759215213051272286e+01
3.759305040866500747e+01
3.759395132932757377e+01
3.759485490134174057e+01
3.759576113326993152e+01
3.759667003340887703e+01
3.759758160978913821e+01
3.759849587012405436e+01
3.759941282168554721e+01
3.760033247114005661e+01
3.760125482443115885e+01
3.760217988676355816e+01
3.760310766266493943e+01
3.760403815606538558e+01
3.760497137035341098e+01
3.760590730840565499e+01
3.760684597260201656e+01
3.760778736483489837e+01
3.760873148651749176e+01
3.760967833858133247e+01
3.761062792144463174e+01
3.761158023496014380e+01
3.761253527838348276e+01
3.761349305039016144e+01
3.761445354912961392e+01
3.761541677228508718e+01
3.761638271711692738e+01
3.761735138047864524e+01
3.761832275881343435e+01
3.761929684816533381e+01
3.762027364422057474e+01
3.762125314234697981e+01
3.762223533759536309e+01
3.762322022465806981e+01
3.762420779781870550e+01
3.762519805094187575e+01
3.762619097750377506e+01
3.762718657062377048e+01
3.762818482307842771e+01
3.762918572730387012e+01
3.763018927538836778e+01
3.763119545905129115e+01
3.763220426961039777e+01
3.763321569794809562e+01
3.763422973448844999e+01
3.763524636918781141e+01
3.763626559152349671e+01
3.763728739046297278e+01
3.763831175443112187e+01
3.763933867130860733e+01
3.764036812846246249e+01
3.764140011279317832e+01
3.764243461079447428e+01
3.764347160862375574e+01
3.764451109217260694e+01
3.764555304712359884e+01
3.764659745898960352e+01
3.764764431312872262e+01
3.764869359472026389e+01
3.764974528871632486e+01
3.765079937979732705e+01
3.765185585232359955e+01
3.765291469026555404e+01
3.765397587712313054e+01
3.765503939586085380e+01
3.765610522887594414e+01
3.765717335799475762e+01
3.765824376448279054e+01
3.765931642905859889e+01
3.766039133189892851e+01
3.766146845262540666e+01
3.766254777027943845e+01
3.766362926328937277e+01
3.766471290941524330e+01
3.766579868567210099e+01
3.766688656826594439e+01
3.766797653256382006e+01
3.766906855309208169e+01
3.767016260356491131e+01
3.767125865693912345e+01
3.767235668548062222e+01
3.767345666085428491e+01
3.767455855423232691e+01
3.767566233637146667e+01
3.767676797764725194e+01
3.767787544808645350e+01
3.767898471740915767e+01
3.768009575504459008e+01
3.768120853010013604e+01
3.768232301132945139e+01
3.768343916717842745e+01
3.768455696592958049e+01
3.768567637588735408e+01
3.768679736554486936e+01
3.768791990368836053e+01
3.768904395939448904e+01
3.769016950193601190e+01
3.769129650067291237e+01
3.769242492498145936e+01
3.769355474423686303e+01
3.769468592784856042e+01
3.769581844531785464e+01
3.769695226626148354e+01
3.769808736034262608e+01
3.769922369710550214e+01
3.770036124580119008e+01
3.770149997529235009e+01
3.770263985403388318e+01
3.770378085009259905e+01
3.770492293117371219e+01
3.770606606459565313e+01
3.770721021718507870e+01
3.770835535515521286e+01
3.770950144404665849e+01
3.771064844873433231e+01
3.771179633347145455e+01
3.771294506198911023e+01
3.771409459766488936e+01
3.771524490369353799e+01
3.771639594319232458e+01
3.771754767925864371e+01
3.771870007501986066e+01
3.771985309366559846e+01
3.772100669842843956e+01
3.772216085250318685e+01
3.772331551892233392e+01
3.772447066041889485e+01
3.772562623932621761e+01
3.772678221755960237e+01
3.772793855667195828e+01
3.772909521793386745e+01
3.773025216239022228e+01
3.773140935087007364e+01
3.773256674395663168e+01
3.773372430194449834e+01
3.773488198482621669e+01
3.773603975235278085e+01
3.773719756416724636e+01
3.773835537994222733e+01
3.773951315945503637e+01
3.774067086260048143e+01
3.774182844937154613e+01
3.774298587982251263e+01
3.774414311401260846e+01
3.774530011192626944e+01
3.774645683338367519e+01
3.774761323798244206e+01
3.774876928512015439e+01
3.774992493408806382e+01
3.775108014414134061e+01
3.775223487447683368e+01
3.775338908415819361e+01
3.775454273207123634e+01
3.775569577693477896e+01
3.775684817732711451e+01
3.775799989169395587e+01
3.775915087834176376e+01
3.776030109543495428e+01
3.776145050101363410e+01
3.776259905302488562e+01
3.776374670934144717e+01
3.776489342776576308e+01
3.776603916603891520e+01
3.776718388185931019e+01
3.776832753290618427e+01
3.776947007686609936e+01
3.777061147145159481e+01
3.777175167439259695e+01
3.777289064338495450e+01
3.777402833600003618e+01
3.777516470959527339e+01
3.777629972127535751e+01
3.777743332791778386e+01
3.777856548623240229e+01
3.777969615280643723e+01
3.778082528410467944e+01
3.778195283643067626e+01
3.778307876588213077e+01
3.778420302833257693e+01
3.778532557944522807e+01
3.778644637470333834e+01
3.778756536943478750e+01
3.778868251881909401e+01
3.778979777788370598e+01
3.779091110150032762e+01
3.779202244438998548e+01
3.779313176113787165e+01
3.779423900620133026e+01
3.779534413389352210e+01
3.779644709834666116e+01
3.779754785347909518e+01
3.779864635297897024e+01
3.779974255028303531e+01
3.780083639853890531e+01
3.780192785057799654e+01
3.780301685891288344e+01
3.780410337573070478e+01
3.780518735286224796e+01
3.780626874175104035e+01
3.780734749345162982e+01
3.780842355864450610e+01
3.780949688763924854e+01
3.781056743035825463e+01
3.781163513630681905e+01
3.781269995453737920e+01
3.781376183361472698e+01
3.781482072159484176e+01
3.781587656603300474e+01
3.781692931401429547e+01
3.781797891217823349e+01
3.781902530671909091e+01
3.782006844336769547e+01
3.782110826737908837e+01
3.782214472356012891e+01
3.782317775635939938e+01
3.782420730998740055e+01
3.782523332849285680e+01
3.782625575577377930e+01
3.782727453557485831e+01
3.782828961151708569e+01
3.782930092718965653e+01
3.783030842632958723e+01
3.783131205304513145e+01
3.783231175201098750e+01
3.783330746862261407e+01
3.783429914908620617e+01
3.783528674038892348e+01
3.783627019016582693e+01
3.783724944655610756e+01
3.783822445811291857e+01
3.783919517375413477e+01
3.784016154272379140e+01
3.784112351456818857e+01
3.784208103913633181e+01
3.784303406658717250e+01
3.784398254737256906e+01
3.784492643218414543e+01
3.784586567188168260e+01
3.784680021743807288e+01
3.784773001997196928e+01
3.784865503094209771e+01
3.784957520243317930e+01
3.785049048735805854e+01
3.785140083952450141e+01
3.785230621362202896e+01
3.785320656515137472e+01
3.785410185032953478e+01
3.785499202606014535e+01
3.785587705002848224e+01
3.785675688086764268e+01
3.785763147826722985e+01
3.785850080293985798e+01
3.785936481647755159e+01
3.786022348120428660e+01
3.786107676009085310e+01
3.786192461670581366e+01
3.786276701514497489e+01
3.786360391993951424e+01
3.786443529600787627e+01
3.786526110868273065e+01
3.786608132375449287e+01
3.786689590745833556e+01
3.786770482639304447e+01
3.786850804743206567e+01
3.786930553769985153e+01
3.787009726461249670e+01
3.787088319589891938e+01
3.787166329949826604e+01
3.787243754331421286e+01
3.787320589495564604e+01
3.787396832161558535e+01
3.787472479009242932e+01
3.787547526685206378e+01
3.787621971807053001e+01
3.787695810966987153e+01
3.787769040737053672e+01
3.787841657675063090e+01
3.787913658329446065e+01
3.787985039244009045e+01
3.788055796962693478e+01
3.788125928030731870e+01
3.788195428990835012e+01
3.788264296378504525e+01
3.788332526720753890e+01
3.788400116538830531e+01
3.788467062353168302e+01
3.788533360689229568e+01
3.788599008083730268e+01
3.788664001090381817e+01
3.788728336283198672e+01
3.788792010254740461e+01
3.788855019609873409e+01
3.788917360961290370e+01
3.788979030931162839e+01
3.789040026156211383e+01
3.789100343293058160e+01
3.789159979024079661e+01
3.789218930063153579e+01
3.789277193159756507e+01
3.789334765101208546e+01
3.789391642713169261e+01
3.789447822858181780e+01
3.789503302431783283e+01
3.789558078355410231e+01
3.789612147568124101e+01
3.789665507021658897e+01
3.789718153680039592e+01
3.789770084520868210e+01
3.789821296535337325e+01
3.789871786727757552e+01
3.789921552117721149e+01
3.789970589744989837e+01
3.790018896674286708e+01
3.790066469998144782e+01
3.790113306837219653e+01
3.790159404338754001e+01
3.790204759676211665e+01
3.790249370053299316e+01
3.790293232711199067e+01
3.790336344934151214e+01
3.790378704052110947e+01
3.790420307444678372e+01
3.790461152548139268e+01
3.790501236861538814e+01
3.790540557947982592e+01
3.790579113433015834e+01
3.790616901006409734e+01
3.790653918431846847e+01
3.790690163562540960e+01
3.790725634358425822e+01
3.790760328899926179e+01
3.790794245387906614e+01
3.790827382121891276e+01
3.790859737468451129e+01
3.790891309839823009e+01
3.790922097683138503e+01
3.790952099469856762e+01
3.790981313686268805e+01
3.791009738829456666e+01
3.791037373407343125e+01
3.791064215941086246e+01
3.791090264968440948e+01
3.791115519046255145e+01
3.791139976751495766e+01
3.791163636681019256e+01
3.791186497450360093e+01
3.791208557692820591e+01
3.791229816062646307e+01
3.791250271244640402e+01
3.791269921965329104e+01
3.791288766999455362e+01
3.791306805172288819e+01
3.791324035361933653e+01
3.791340456502902612e+01
3.791356067588625223e+01
3.791370867671323452e+01
3.791384855859845970e+01
3.791398031315453920e+01
3.791410393245079291e+01
3.791421940891272868e+01
3.791432673516985119e+01
3.791442590386557043e+01
3.791451690749919123e+01
3.791459973836442288e+01
3.791467438857650052e+01
3.791474085012366402e+01
3.791479911489629728e+01
3.791484917470238969e+01
3.791489102129666833e+01
3.791492464640879234e+01
3.791495004172767125e+01
3.791496719886247746e+01
3.791497610935426366e+01
3.791497676474705969e+01
3.791496915664924927e+01
3.791495327672769378e+01
3.791492911664443710e+01
3.791489666799731140e+01
3.791485592230828416e+01
3.791480687105079994e+01
3.791474950568975544e+01
3.791468381771859697e+01
3.791460979869643921e+01
3.791452744030465993e+01
3.791443673441519735e+01
3.791433767312673808e+01
3.791423024876093706e+01
3.791411445385770662e+01
3.791399028119585779e+01
3.791385772385366693e+01
3.791371677532497841e+01
3.791356742968014970e+01
3.791340968173868475e+01
3.791324352722043756e+01
3.791306896285497885e+01
3.791288598645100194e+01
3.791269459692779265e+01
3.791249479429793467e+01
3.791228657960724746e+01
3.791206995486398057e+01
3.791184492299920805e+01
3.791161148788565072e+01
3.791136965438577278e+01
3.791111942835703275e+01
3.791086081660059648e+01
3.791059382681402923e+01
3.791031846757901036e+01
3.791003474836079334e+01
3.790974267949498966e+01
3.790944227215391038e+01
3.790913353829443366e+01
3.790881649060001735e+01
3.790849114244223017e+01
3.790815750787149341e+01
3.790781560157567753e+01
3.790746543870923091e+01
3.790710703465307319e+01
3.790674040493624375e+01
3.790636556536702528e+01
3.790598253215617319e+01
3.790559132191174285e+01
3.790519195158312016e+01
3.790478443841686129e+01
3.790436879989301389e+01
3.790394505362250754e+01
3.790351321725816547e+01
3.790307330846323453e+01
3.790262534490327084e+01
3.790216934417673400e+01
3.790170532363736555e+01
3.790123330018941061e+01
3.790075329018797845e+01
3.790026530944953009e+01
3.789976937326919426e+01
3.789926549639620390e+01
3.789875369300249019e+01
3.789823397667668559e+01
3.789770636043465402e+01
3.789717085673295571e+01
3.789662747749791549e+01
3.789607623419077953e+01
3.789551713789909115e+01
3.789495019942236098e+01
3.789437542933720238e+01
3.789379283804010612e+01
3.789320243576003122e+01
3.789260423254661703e+01
3.789199823827894420e+01
3.789138446275018879e+01
3.789076291582058076e+01
3.789013360758001880e+01
3.788949654850004833e+01
3.788885174958289781e+01
3.788819922247643035e+01
3.788753897951024641e+01
3.788687103366160613e+01
3.788619539850582640e+01
3.788551208819488636e+01
3.788482111747801184e+01
3.788412250175528584e+01
3.788341625712746463e+01
3.788270240038926318e+01
3.788198094893206758e+01
3.788125192056485702e+01
3.788051533331951504e+01
3.787977120531657249e+01
3.787901955469719439e+01
3.787826039958051183e+01
3.787749375802580687e+01
3.787671964800158264e+01
3.787593808737211987e+01
3.787514909390257145e+01
3.787435268524658483e+01
3.787354887887052968e+01
3.787273769193301831e+01
3.787191914120918312e+01
3.787109324310947756e+01
3.787026001375107853e+01
3.786941946904588718e+01
3.786857162481966554e+01
3.786771649696437692e+01
3.786685410158655429e+01
3.786598445511581446e+01
3.786510757436948893e+01
3.786422347658029963e+01
3.786333217938701523e+01
3.786243370080855186e+01
3.786152805923560294e+01
3.786061527343789379e+01
3.785969536255976919e+01
3.785876834610404984e+01
3.785783424392570140e+01
3.785689307623715649e+01
3.785594486360587752e+01
3.785498962693537095e+01
3.785402738744134865e+01
3.785305816663176159e+01
3.785208198629857179e+01
3.785109886853582140e+01
3.785010883577331242e+01
3.784911191079758908e+01
3.784810811675937003e+01
3.784709747717408845e+01
3.784608001589621296e+01
3.784505575705748015e+01
3.784402472501685821e+01
3.784298694438163579e+01
3.784194244007915842e+01
3.784089123740034211e+01
3.783983336197692182e+01
3.783876883971785787e+01
3.783769769674276517e+01
3.783661995932320110e+01
3.783553565382882766e+01
3.783444480669493970e+01
3.783334744442712605e+01
3.783224359362243661e+01
3.783113328097012129e+01
3.783001653322413205e+01
3.782889337719217338e+01
3.782776383978518453e+01
3.782662794808923223e+01
3.782548572938089393e+01
3.782433721107059199e+01
3.782318242062255820e+01
3.782202138548937143e+01
3.782085413306121069e+01
3.781968069062379101e+01
3.781850108532901089e+01
3.781731534418999274e+01
3.781612349411991403e+01
3.781492556200788613e+01
3.781372157478706697e+01
3.781251155946571885e+01
3.781129554312913399e+01
3.781007355293758110e+01
3.780884561615161488e+01
3.780761176018945946e+01
3.780637201268060466e+01
3.780512640148520376e+01
3.780387495468826131e+01
3.780261770058303483e+01
3.780135466764669161e+01
3.780008588454133189e+01
3.779881138017628928e+01
3.779753118379002075e+01
3.779624532497645362e+01
3.779495383363435224e+01
3.779365673984561624e+01
3.779235407367472277e+01
3.779104586491254025e+01
3.778973214284656024e+01
3.778841293611294105e+01
3.778708827260695813e+01
3.778575817941883486e+01
3.778442268279098926e+01
3.778308180809577266e+01
3.778173557982486841e+01
3.778038402157191200e+01
3.777902715599854844e+01
3.777766500481703815e+01
3.777629758884888389e+01
3.777492492819548175e+01
3.777354704249643191e+01
3.777216395119273074e+01
3.777077567372276690e+01
3.776938222965309677e+01
3.776798363879449738e+01
3.776657992131723063e+01
3.776517109781451609e+01
3.776375718928721170e+01
3.776233821711193173e+01
3.776091420307537305e+01
3.775948516946711209e+01
3.775805113915102140e+01
3.775661213557331308e+01
3.775516818271898956e+01
3.775371930503131068e+01
3.775226552732049612e+01
3.775080687471342600e+01
3.774934337266170559e+01
3.774787504696441687e+01
3.774640192377527370e+01
3.774492402960588322e+01
3.774344139131927278e+01
3.774195403609029142e+01
3.774046199133974966e+01
3.773896528466757161e+01
3.773746394380350466e+01
3.773595799659094041e+01
3.773444747099995311e+01
3.773293239513841968e+01
3.773141279723392927e+01
3.772988870558548058e+01
3.772836014851034037e+01
3.772682715431717781e+01
3.772528975131333340e+01
3.772374796782862916e+01
3.772220183223819845e+01
3.772065137297565229e+01
3.771909661852571105e+01
3.771753759739740985e+01
3.771597433809925093e+01
3.771440686912897888e+01
3.771283521896916824e+01
3.771125941607896692e+01
3.770967948888485211e+01
3.770809546578409766e+01
3.770650737518126761e+01
3.770491524557159124e+01
3.770331910564664923e+01
3.770171898437772029e+01
3.770011491107576518e+01
3.769850691544942833e+01
3.769689502765232447e+01
3.769527927831285297e+01
3.769365969855129350e+01
3.769203631997845605e+01
3.769040917468942098e+01
3.768877829527676937e+01
3.768714371484582415e+01
3.768550546698402570e+01
3.768386358563397920e+01
3.768221810485631096e+01
3.768056905860823491e+01
3.767891648072758670e+01
3.767726040510003571e+01
3.767560086578925649e+01
3.767393789701319662e+01
3.767227153303854692e+01
3.767060180810248227e+01
3.766892875638507121e+01
3.766725241198751917e+01
3.766557280889775683e+01
3.766388998096773832e+01
3.766220396191312147e+01
3.766051478532368435e+01
3.765882248467862325e+01
3.765712709337546471e+01
3.765542864478926077e+01
3.765372717235893418e+01
3.765202270967470355e+01
3.765031529055769965e+01
3.764860494914053390e+01
3.764689171994692174e+01
3.764517563796253086e+01
3.764345673868731978e+01
3.764173505815870158e+01
3.764001063294833926e+01
3.763828350015219115e+01
3.763655369739611700e+01
3.763482126286584162e+01
3.763308623535055375e+01
3.763134865428946085e+01
3.762960855982512953e+01
3.762786599285100664e+01
3.762612099501608753e+01
3.762437360868281644e+01
3.762262387687915322e+01
3.762087184327400990e+01
3.761911755217513331e+01
3.761736104854252005e+01
3.761560237800968309e+01
3.761384158690587753e+01
3.761207872228706606e+01
3.761031383198252342e+01
3.760854696463943014e+01
3.760677816974417453e+01
3.760500749762898209e+01
3.760323499949024750e+01
3.760146072741762424e+01
3.759968473440163450e+01
3.759790707430136791e+01
3.759612780179466540e+01
3.759434697234678424e+01
3.759256464220926830e+01
3.759078086843928901e+01
3.758899570891898634e+01
3.758720922234753914e+01
3.758542146819619489e+01
3.758363250664678645e+01
3.758184239854580966e+01
3.758005120538672372e+01
3.757825898930305186e+01
3.757646581305848343e+01
3.757467174004672472e+01
3.757287683432062408e+01
3.757108116065828796e+01
3.756928478464962495e+01
3.756748777277026363e+01
3.756569019243698193e+01
3.756389211206889911e+01
3.756209360114195306e+01
3.756029473017706977e+01
3.755849557065430844e+01
3.755669619493487232e+01
3.755489667625604255e+01
3.755309708875548580e+01
3.755129750743893169e+01
3.754949800810702953e+01
3.754769866733086303e+01
3.754589956248107541e+01
3.754410077174527061e+01
3.754230237410938287e+01
3.754050444930204833e+01
3.753870707769122106e+01
3.753691034014865835e+01
3.753511431793387487e+01
3.753331909263264521e+01
3.753152474613546730e+01
3.752973136062767878e+01
3.752793901857377534e+01
3.752614780268996952e+01
3.752435779592948251e+01
3.752256908149992398e+01
3.752078174289923140e+01
3.751899586398952380e+01
3.751721152914117852e+01
3.751542882340507390e+01
3.751364783265077563e+01
3.751186864365506324e+01
3.751009134415144075e+01
3.750831602286798017e+01
3.750654276958659494e+01
3.750477167523053623e+01
3.750300283196165196e+01
3.750123633328058048e+01
3.749947227413468198e+01
3.749771075100554896e+01
3.749595186191857721e+01
3.749419570635414800e+01
3.749244238510133442e+01
3.749069200007650693e+01
3.748894465407573051e+01
3.748720045049307714e+01
3.748545949312170222e+01
3.748372188608154687e+01
3.748198773380158855e+01
3.748025714098848482e+01
3.747853021258637796e+01
3.747680705376500043e+01
3.747508776993211654e+01
3.747337246670891631e+01
3.747166124981482227e+01
3.746995422487731986e+01
3.746825149721932036e+01
3.746655317167480348e+01
3.746485935250575494e+01
3.746317014345058993e+01
3.746148564781445600e+01
3.745980596850304778e+01
3.745813120799112994e+01
3.745646146825504275e+01
3.745479685069052778e+01
3.745313745603256450e+01
3.745148338428779766e+01
3.744983473468163027e+01
3.744819160561694815e+01
3.744655409463969420e+01
3.744492229840633968e+01
3.744329631265429015e+01
3.744167623217813201e+01
3.744006215080588618e+01
3.743845416136837656e+01
3.743685235566476166e+01
3.743525682442994196e+01
3.743366765730106493e+01
3.743208494277612175e+01
3.743050876817749639e+01
3.742893921965635684e+01
3.742737638226041241e+01
3.742582034003176972e+01
3.742427117607174125e+01
3.742272897254912323e+01
3.742119381067629291e+01
3.741966577068532018e+01
3.741814493181282586e+01
3.741663137227507718e+01
3.741512516923237541e+01
3.741362639878069984e+01
3.741213513599010554e+01
3.741065145496062172e+01
3.740917542886549541e+01
3.740770712997201031e+01
3.740624662963404035e+01
3.740479399827584928e+01
3.740334930541091296e+01
3.740191261969773961e+01
3.740048400898988490e+01
3.739906354035181835e+01
3.739765128002801475e+01
3.739624729336823350e+01
3.739485164475471635e+01
3.739346439757708396e+01
3.739208561424523225e+01
3.739071535620416853e+01
3.738935368393222802e+01
3.738800065692084473e+01
3.738665633363965668e+01
3.738532077149768185e+01
3.738399402681715600e+01
3.738267615483079709e+01
3.738136720970230442e+01
3.738006724456354846e+01
3.737877631155941316e+01
3.737749446189663871e+01
3.737622174588769042e+01
3.737495821296540299e+01
3.737370391164505179e+01
3.737245888943571970e+01
3.737122319273606763e+01
3.736999686675445531e+01
3.736877995545924591e+01
3.736757250153690535e+01
3.736637454634611544e+01
3.736518612988169252e+01
3.736400729076282801e+01
3.736283806624953030e+01
3.736167849228929327e+01
3.736052860358513072e+01
3.735938843366268003e+01
3.735825801491481712e+01
3.735713737861907191e+01
3.735602655495102908e+01
3.735492557301824235e+01
3.735383446090190063e+01
3.735275324567900412e+01
3.735168195342696151e+01
3.735062060923797844e+01
3.734956923725383149e+01
3.734852786070062791e+01
3.734749650190021697e+01
3.734647518225229135e+01
3.734546392220484279e+01
3.734446274123919807e+01
3.734347165787353617e+01
3.734249068967225327e+01
3.734151985325333811e+01
3.734055916428697941e+01
3.733960863748052361e+01
3.733866828655852999e+01
3.733773812425161509e+01
3.733681816229790940e+01
3.733590841145810657e+01
3.733500888154228647e+01
3.733411958143369702e+01
3.733324051909406904e+01
3.733237170154453111e+01
3.733151313482412093e+01
3.733066482394147556e+01
3.732982677284693551e+01
3.732899898444068754e+01
3.732818146060134978e+01
3.732737420220576752e+01
3.732657720912735044e+01
3.732579048021494117e+01
3.732501401326386770e+01
3.732424780499863459e+01
3.732349185107222667e+01
3.732274614607310781e+01
3.732201068354006424e+01
3.732128545599257308e+01
3.732057045498259384e+01
3.731986567115710329e+01
3.731917109430203539e+01
3.731848671335410472e+01
3.731781251639604591e+01
3.731714849066937489e+01
3.731649462265823303e+01
3.731585089827744639e+01
3.731521730311514062e+01
3.731459382262853808e+01
3.731398044222385835e+01
3.731337714721931320e+01
3.731278392276325917e+01
3.731220075379712853e+01
3.731162762508949271e+01
3.731106452131488282e+01
3.731051142714238011e+01
3.730996832730854607e+01
3.730943520666798463e+01
3.730891205022243184e+01
3.730839884313424193e+01
3.730789557073403273e+01
3.730740221852538241e+01
3.730691877218560393e+01
3.730644521756165943e+01
3.730598154066115058e+01
3.730552772764431069e+01
3.730508376482373478e+01
3.730464963867094497e+01
3.730422533582487432e+01
3.730381084309741624e+01
3.730340614746723560e+01
3.730301123605708824e+01
3.730262609610421265e+01
3.730225071493564570e+01
3.730188507994737535e+01
3.730152917858740835e+01
3.730118299835339712e+01
3.730084652680391599e+01
3.730051975156388266e+01
3.730020266031240084e+01
3.729989524075796936e+01
3.729959748060779390e+01
3.729930936753220294e+01
3.729903088912520559e+01
3.729876203287081893e+01
3.729850278612599368e+01
3.729825313611613069e+01
3.729801306993161347e+01
3.729778257451847168e+01
3.729756163665727797e+01
3.729735024293042045e+01
3.729714837969322616e+01
3.729695603306455354e+01
3.729677318893290305e+01
3.729659983296263448e+01
3.729643595059516770e+01
3.729628152705804922e+01
3.729613654739344497e+01
3.729600099649735512e+01
3.729587485915098455e+01
3.729575812004340207e+01
3.729565076379702759e+01
3.729555277499121502e+01
3.729546413816630235e+01
3.729538483780818581e+01
3.729531485833285842e+01
3.729525418408071857e+01
3.729520279930981985e+01
3.729516068818431762e+01
3.729512783477257187e+01
3.729510422305599349e+01
3.729508983692421964e+01
3.729508466014593893e+01
3.729508867634160652e+01
3.729510186899226198e+01
3.729512422149014128e+01
3.729515571720687461e+01
3.729519633954699742e+01
3.729524607197325281e+01
3.729530489801625492e+01
3.729537280128122489e+01
3.729544976544401180e+01
3.729553577422274913e+01
3.729563081132218372e+01
3.729573486036927221e+01
3.729584790487601254e+01
3.729596992824416191e+01
3.729610091378158643e+01
3.729624084468555623e+01
3.729638970397821396e+01
3.729654747442356921e+01
3.729671413847661654e+01
3.729688967829869739e+01
3.729707407582245082e+01
3.729726731281003538e+01
3.729746937086743230e+01
3.729768023143147815e+01
3.729789987576763366e+01
3.729812828498421595e+01
3.729836544003502041e+01
3.729861132169360616e+01
3.729886591051398881e+01
3.729912918680101086e+01
3.729940113060022355e+01
3.729968172170136143e+01
3.729997093963986998e+01
3.730026876369062450e+01
3.730057517287625757e+01
3.730089014600465447e+01
3.730121366170941144e+01
3.730154569846397550e+01
3.730188623457134156e+01
3.730223524814508096e+01
3.730259271709027047e+01
3.730295861909615951e+01
3.730333293165896436e+01
3.730371563213098085e+01
3.730410669776288302e+01
3.730450610570991898e+01
3.730491383299818153e+01
3.730532985647336375e+01
3.730575415276891960e+01
3.730618669831518019e+01
3.730662746937179008e+01
3.730707644204847639e+01
3.730753359230239852e+01
3.730799889592481833e+01
3.730847232853061968e+01
3.730895386555856419e+01
3.730944348228321417e+01
3.730994115382783605e+01
3.731044685516457804e+01
3.731096056111275061e+01
3.731148224636724109e+01
3.731201188555812109e+01
3.731254945330535122e+01
3.731309492424524166e+01
3.731364827301985798e+01
3.731420947422453338e+01
3.731477850233399352e+01
3.731535533164006324e+01
3.731593993620989380e+01
3.731653228985973669e+01
3.731713236614817220e+01
3.731774013837717519e+01
3.731835557957259653e+01
3.731897866244920436e+01
3.731960935939993362e+01
3.732024764252219740e+01
3.732089348365199299e+01
3.732154685439015651e+01
3.732220772612961923e+01
3.732287607007679497e+01
3.732355185723495339e+01
3.732423505832622368e+01
3.732492564368340737e+01
3.732562358316999251e+01
3.732632884613720137e+01
3.732704140138490345e+01
3.732776121711378181e+01
3.732848826089010430e+01
3.732922249964266115e+01
3.732996389968306516e+01
3.733071242674064649e+01
3.733146804602267821e+01
3.733223072229404238e+01
3.733300041994812091e+01
3.733377710305921937e+01
3.733456073542908626e+01
3.733535128062953135e+01
3.733614870202946179e+01
3.733695296281018727e+01
3.733776402599441013e+01
3.733858185450630174e+01
3.733940641124723925e+01
3.734023765915779336e+01
3.734107556126811289e+01
3.734192008076383473e+01
3.734277118106852100e+01
3.734362882591154431e+01
3.734449297935692869e+01
3.734536360578645287e+01
3.734624066985541191e+01
3.734712413646792584e+01
3.734801397077747254e+01
3.734891013815437333e+01
3.734981260410549453e+01
3.735072133420758433e+01
3.735163629409026242e+01
3.735255744945021661e+01
3.735348476607412493e+01
3.735441820986059014e+01
3.735535774684012722e+01
3.735630334319612444e+01
3.735725496528866074e+01
3.735821257968329689e+01
3.735917615317779195e+01
3.736014565280648014e+01
3.736112104581342663e+01
3.736210229962462392e+01
3.736308938186206063e+01
3.736408226040159519e+01
3.736508090342987742e+01
3.736608527945644198e+01
3.736709535728486742e+01
3.736811110598298313e+01
3.736913249487347599e+01
3.737015949352550592e+01
3.737119207171606661e+01
3.737223019935439794e+01
3.737327384639755934e+01
3.737432298280008780e+01
3.737537757851435316e+01
3.737643760351909350e+01
3.737750302784602496e+01
3.737857382159281627e+01
3.737964995492919229e+01
3.738073139810212808e+01
3.738181812142829585e+01
3.738291009525925546e+01
3.738400728992133537e+01
3.738510967564281628e+01
3.738621722248107915e+01
3.738732990025858527e+01
3.738844767850756767e+01
3.738957052641860201e+01
3.739069841279697215e+01
3.739183130603563399e+01
3.739296917409977539e+01
3.739411198451046658e+01
3.739525970432629975e+01
3.739641230012898632e+01
3.739756973801470963e+01
3.739873198358846196e+01
3.739989900195150341e+01
3.740107075768494127e+01
3.740224721485183323e+01
3.740342833701382119e+01
3.740461408722837433e+01
3.740580442801478256e+01
3.740699932130552696e+01
3.740819872840160087e+01
3.740940260994043598e+01
3.741061092586870984e+01
3.741182363540928435e+01
3.741304069703204505e+01
3.741426206844425906e+01
3.741548770659156276e+01
3.741671756764923629e+01
3.741795160701350653e+01
3.741918977933465840e+01
3.742043203860671952e+01
3.742167833827166845e+01
3.742292863129156899e+01
3.742418287017775924e+01
3.742544100698600573e+01
3.742670299328920436e+01
3.742796878015791862e+01
3.742923831818760760e+01
3.743051155756289461e+01
3.743178844810526584e+01
3.743306893927792345e+01
3.743435298015943147e+01
3.743564051940177251e+01
3.743693150518354429e+01
3.743822588516802341e+01
3.743952360647485733e+01
3.744082461566536324e+01
3.744212885872978802e+01
3.744343628106874178e+01
3.744474682747458871e+01
3.744606044212162743e+01
3.744737706856405168e+01
3.744869664973292345e+01
3.745001912792923804e+01
3.745134444481799108e+01
3.745267254142415680e+01
3.745400335812672665e+01
3.745533683465372121e+01
3.745667291008984989e+01
3.745801152289781299e+01
3.745935261093670476e+01
3.746069611147060385e+01
3.746204196118012675e+01
3.746339009618761651e+01
3.746474045210083403e+01
3.746609296408293233e+01
3.746744756695262879e+01
3.746880419529607309e+01
3.747016278354754348e+01
3.747152326601167260e+01
3.747288557684672128e+01
3.747424965004103825e+01
3.747561541938168261e+01
3.747698281839875989e+01
3.747835178029996683e+01
3.747972223792947943e+01
3.748109412375415417e+01
3.748246736984382466e+01
3.748384190781658987e+01
3.748521766875679617e+01
3.748659458314177328e+01
3.748797258080072226e+01
3.748935159089897695e+01
3.749073154193090573e+01
3.749211236171881012e+01
3.749349397742535217e+01
3.749487631557672529e+01
3.749625930208388525e+01
3.749764286225599363e+01
3.749902692080605249e+01
3.750041140185261668e+01
3.750179622892253661e+01
3.750318132494587076e+01
3.750456661223132926e+01
3.750595201243683618e+01
3.750733744656248803e+01
3.750872283497274395e+01
3.751010809744203556e+01
3.751149315321295319e+01
3.751287792105743790e+01
3.751426231935838018e+01
3.751564626621559739e+01
3.751702967952938650e+01
3.751841247703636384e+01
3.751979457632191384e+01
3.752117589482779891e+01
3.752255634985385768e+01
3.752393585855200797e+01
3.752531433791138937e+01
3.752669170473381399e+01
3.752806787561216595e+01
3.752944276693992265e+01
3.753081629495380867e+01
3.753218837576967104e+01
3.753355892538420591e+01
3.753492785965529777e+01
3.753629509428041899e+01
3.753766054477596015e+01
3.753902412645466313e+01
3.754038575441177272e+01
3.754174534353659709e+01
3.754310280854834048e+01
3.754445806404757491e+01
3.754581102458035247e+01
3.754716160469943986e+01
3.754850971899526257e+01
3.754985528208219847e+01
3.755119820854866930e+01
3.755253841291126093e+01
3.755387580961649263e+01
3.755521031308647650e+01
3.755654183777528488e+01
3.755787029823211043e+01
3.755919560918494682e+01
3.756051768562032578e+01
3.756183644281922085e+01
3.756315179636087009e+01
3.756446366213334898e+01
3.756577195634907440e+01
3.756707659553399736e+01
3.756837749647782232e+01
3.756967457615697725e+01
3.757096775166924374e+01
3.757225694023273377e+01
3.757354205925011570e+01
3.757482302638452865e+01
3.757609975961016602e+01
3.757737217723270362e+01
3.757864019788436849e+01
3.757990374050736193e+01
3.758116272433532856e+01
3.758241706887382350e+01
3.758366669390422743e+01
3.758491151955580989e+01
3.758615146645572480e+01
3.758738645590536009e+01
3.758861641000892462e+01
3.758984125171632229e+01
3.759106090479785678e+01
3.759227529380046207e+01
3.759348434401947259e+01
3.759468798147043600e+01
3.759588613282782887e+01
3.759707872533645912e+01
3.759826568671803670e+01
3.759944694503197837e+01
3.760062242842905533e+01
3.760179206487485004e+01
3.760295578200179989e+01
3.760411350711032696e+01
3.760526516723029289e+01
3.760641068919035490e+01
3.760754999966971468e+01
3.760868302521387818e+01
3.760980969222994474e+01
3.761092992699461490e+01
3.761204365568258368e+01
3.761315080439796077e+01
3.761425129920076671e+01
3.761534506613636353e+01
3.761643203127758994e+01
3.761751212079514062e+01
3.761858526105912404e+01
3.761965137874743448e+01
3.762071040096198260e+01
3.762176225537896812e+01
3.762280687040016147e+01
3.762384417523799129e+01
3.762487409992946397e+01
3.762589657532188880e+01
3.762691153306352021e+01
3.762791890560773567e+01
3.762891862621933114e+01
3.762991062898652928e+01
3.763089484888179470e+01
3.763187122188787725e+01
3.763283968512583044e+01
3.763380017691682156e+01
3.763475263678937921e+01
3.763569700547790831e+01
3.763663322491631646e+01
3.763756123821610089e+01
3.763848098965124223e+01
3.763939242467139934e+01
3.764029548992673568e+01
3.764119013328112118e+01
3.764207630381658731e+01
3.764295395184750248e+01
3.764382302895231192e+01
3.764468348800919983e+01
3.764553528322295506e+01
3.764637837014411303e+01
3.764721270568222877e+01
3.764803824813183297e+01
3.764885495724128361e+01
3.764966279432250928e+01
3.765046172237249067e+01
3.765125170616258998e+01
3.765203271221488990e+01
3.765280470857496908e+01
3.765356766438306124e+01
3.765432154941404264e+01
3.765506633385318480e+01
3.765580198844595827e+01
3.765652848485729720e+01
3.765724579594512988e+01
3.765795389586155295e+01
3.765865276009067486e+01
3.765934236549522041e+01
3.766002269037195305e+01
3.766069371450710435e+01
3.766135541921133978e+01
3.766200778730217991e+01
3.766265080302598989e+01
3.766328445196637631e+01
3.766390872100033249e+01
3.766452359829528973e+01
3.766512907329064319e+01
3.766572513664317512e+01
3.766631178015209258e+01
3.766688899667628476e+01
3.766745678005450060e+01
3.766801512503724325e+01
3.766856402724105379e+01
3.766910348315838775e+01
3.766963349024732111e+01
3.767015404704567061e+01
3.767066515321594977e+01
3.767116680952312890e+01
3.767165901782116322e+01
3.767214178106099354e+01
3.767261510327222140e+01
3.767307898950102185e+01
3.767353344573047735e+01
3.767397847882239148e+01
3.767441409649124751e+01
3.767484030726847521e+01
3.767525712041893371e+01
3.767566454583116098e+01
3.767606259392907475e+01
3.767645127561967655e+01
3.767683060225349578e+01
3.767720058557720364e+01
3.767756123765997245e+01
3.767791257077408318e+01
3.767825459729107962e+01
3.767858732972506886e+01
3.767891078092308277e+01
3.767922496425065759e+01
3.767952989370528627e+01
3.767982558399675952e+01
3.768011205059637803e+01
3.768038930975014011e+01
3.768065737849095598e+01
3.768091627466743887e+01
3.768116601697170864e+01
3.768140662495756033e+01
3.768163811905656502e+01
3.768186052058259605e+01
3.768207385170906321e+01
3.768227813543935412e+01
3.768247339559674458e+01
3.768265965682017793e+01
3.768283694454839150e+01
3.768300528500208912e+01
3.768316470517392247e+01
3.768331523282432727e+01
3.768345689647835428e+01
3.768358972542252161e+01
3.768371374971334120e+01
3.768382900020732507e+01
3.768393550860364627e+01
3.768403330748778757e+01
3.768412243037523268e+01
3.768420291174831505e+01
3.768427478705998368e+01
3.768433809269078694e+01
3.768439286589718051e+01
3.768443914480846502e+01
3.768447696847542261e+01
3.768450637692089344e+01
3.768452741115336835e+01
3.768454011313576046e+01
3.768454452573178770e+01
3.768454069266798001e+01
3.768452865852197675e+01
3.768450846872057980e+01
3.768448016953685453e+01
3.768444380808529104e+01
3.768439943230431766e+01
3.768434709089401480e+01
3.768428683319148575e+01
3.768421870903555515e+01
3.768414276869281565e+01
3.768405906283631168e+01
3.768396764252032938e+01
3.768386855913962563e+01
3.768376186438863584e+01
3.768364761021293674e+01
3.768352584874319433e+01
3.768339663222612046e+01
3.768326001296627936e+01
3.768311604327463016e+01
3.768296477542295975e+01
3.768280626161391211e+01
3.768264055396856094e+01
3.768246770452083183e+01
3.768228776521285539e+01
3.768210078789524431e+01
3.768190682433226613e+01
3.768170592620602122e+01
3.768149814511867390e+01
3.768128353259572805e+01
3.768106214008824395e+01
3.768083401897322204e+01
3.768059922055976330e+01
3.768035779610307401e+01
3.768010979681164940e+01
3.767985527383304856e+01
3.767959427821821805e+01
3.767932686087319638e+01
3.767905307250983071e+01
3.767877296360433093e+01
3.767848658434604658e+01
3.767819398454926016e+01
3.767789521355329896e+01
3.767759032016358844e+01
3.767727935264043282e+01
3.767696235872088550e+01
3.767663938567383042e+01
3.767631048037154073e+01
3.767597568934182561e+01
3.767563505878803909e+01
3.767528863459542521e+01
3.767493646234530758e+01
3.767457858734092468e+01
3.767421505463042308e+01
3.767384590901323094e+01
3.767347119503283182e+01
3.767309095696860055e+01
3.767270523883539113e+01
3.767231408438704676e+01
3.767191753710825708e+01
3.767151564018298160e+01
3.767110843645129137e+01
3.767069596838170042e+01
3.767027827806595752e+01
3.766985540721483972e+01
3.766942739714517074e+01
3.766899428878335954e+01
3.766855612271481846e+01
3.766811293927033688e+01
3.766766477860664253e+01
3.766721168075289228e+01
3.766675368562984971e+01
3.766629083305159043e+01
3.766582316271061615e+01
3.766535071415032832e+01
3.766487352672680089e+01
3.766439163956761149e+01
3.766390509154533106e+01
3.766341392127049659e+01
3.766291816709426143e+01
3.766241786711603368e+01
3.766191305920175125e+01
3.766140378101098207e+01
3.766089007001523470e+01
3.766037196350070104e+01
3.765984949856223096e+01
3.765932271208564686e+01
3.765879164071640872e+01
3.765825632083023322e+01
3.765771678852320292e+01
3.765717307962429317e+01
3.765662522971374671e+01
3.765607327412393346e+01
3.765551724792264565e+01
3.765495718590035068e+01
3.765439312256908977e+01
3.765382509216237139e+01
3.765325312863119933e+01
3.765267726563811124e+01
3.765209753654446700e+01
3.765151397439183967e+01
3.765092661188538870e+01
3.765033548135581754e+01
3.764974061467066946e+01
3.764914204312905355e+01
3.764853979738563083e+01
3.764793390741063206e+01
3.764732440252002021e+01
3.764671131149528094e+01
3.764609466271977567e+01
3.764547448427026666e+01
3.764485080397538042e+01
3.764422364945063038e+01
3.764359304810430018e+01
3.764295902712961350e+01
3.764232161351453954e+01
3.764168083407680143e+01
3.764103671549610652e+01
3.764038928432096043e+01
3.763973856695797338e+01
3.763908458965634196e+01
3.763842737848932529e+01
3.763776695933486849e+01
3.763710335786101524e+01
3.763643659951815579e+01
3.763576670953813874e+01
3.763509371293724826e+01
3.763441763450556010e+01
3.763373849877097399e+01
3.763305632996226535e+01
3.763237115200527683e+01
3.763168298855615035e+01
3.763099186304718557e+01
3.763029779870446845e+01
3.762960081850317806e+01
3.762890094508975380e+01
3.762819820074889776e+01
3.762749260742900503e+01
3.762678418675398007e+01
3.762607295995615431e+01
3.762535894772446454e+01
3.762464217003117284e+01
3.762392264605602321e+01
3.762320039428482232e+01
3.762247543270920147e+01
3.762174777899923583e+01
3.762101745063898761e+01
3.762028446504355372e+01
3.761954883957582041e+01
3.761881059141897055e+01
3.761806973740134197e+01
3.761732629390310478e+01
3.761658027688858397e+01
3.761583170199700987e+01
3.761508058460895398e+01
3.761432693988746934e+01
3.761357078280259714e+01
3.761281212809554830e+01
3.761205099019317544e+01
3.761128738316142517e+01
3.761052132072308041e+01
3.760975281628624600e+01
3.760898188297085198e+01
3.760820853365855498e+01
3.760743278105434939e+01
3.760665463773840855e+01
3.760587411620431908e+01
3.760509122886905686e+01
3.760430598805666591e+01
3.760351840599073370e+01
3.760272849481020074e+01
3.760193626659008004e+01
3.760114173335338705e+01
3.760034490707826649e+01
3.759954579970403898e+01
3.759874442313054033e+01
3.759794078920474902e+01
3.759713490969668470e+01
3.759632679627146246e+01
3.759551646046422491e+01
3.759470391365707087e+01
3.759388916704622119e+01
3.759307223159358102e+01
3.759225311797253255e+01
3.759143183651754327e+01
3.759060839717577096e+01
3.758978280946742956e+01
3.758895508248806294e+01
3.758812522496143771e+01
3.758729324529637239e+01
3.758645915161238804e+01
3.758562295174778711e+01
3.758478465327172557e+01
3.758394426349813244e+01
3.758310178948605795e+01
3.758225723802051732e+01
3.758141061557584095e+01
3.758056192825853259e+01
3.757971118173745140e+01
3.757885838118283317e+01
3.757800353121791659e+01
3.757714663587449166e+01
3.757628769855430306e+01
3.757542672199432587e+01
3.757456370823108927e+01
3.757369865857087632e+01
3.757283157356569347e+01
3.757196245298836601e+01
3.757109129581439078e+01
3.757021810022423836e+01
3.756934286362911735e+01
3.756846558270441960e+01
3.756758625341061730e+01
3.756670487100336686e+01
3.756582143004268204e+01
3.756493592439919382e+01
3.756404834724963848e+01
3.756315869105004168e+01
3.756226694749322093e+01
3.756137310748488289e+01
3.756047716115960355e+01
3.755957909792703475e+01
3.755867890652883290e+01
3.755777657509849377e+01
3.755687209123483683e+01
3.755596544209693377e+01
3.755505661449318211e+01
3.755414559492657389e+01
3.755323236959900157e+01
3.755231692439710400e+01
3.755139924487031067e+01
3.755047931624105928e+01
3.754955712350554364e+01
3.754863265159396235e+01
3.754770588549077104e+01
3.754677681030628378e+01
3.754584541136088660e+01
3.754491167427710252e+01
3.754397558504141585e+01
3.754303713004178888e+01
3.754209629609248822e+01
3.754115307043556271e+01
3.754020744071890192e+01
3.753925939497338504e+01
3.753830892161337118e+01
3.753735600947224071e+01
3.753640064787114738e+01
3.753544282670617349e+01
3.753448253652581457e+01
3.753351976856755101e+01
3.753255451473692261e+01
3.753158676753892564e+01
3.753061652000153714e+01
3.752964376563247129e+01
3.752866849841090158e+01
3.752769071279681157e+01
3.752671040376560541e+01
3.752572756688075373e+01
3.752474219837810665e+01
3.752375429522882655e+01
3.752276385519641622e+01
3.752177087693080182e+01
3.752077536010626346e+01
3.751977730556323820e+01
3.751877671541704018e+01
3.751777359314220917e+01
3.751676794367244128e+01
3.751575977352491975e+01
3.751474909091289334e+01
3.751373590582421969e+01
3.751272023007360445e+01
3.751170207732948825e+01
3.751068146310395690e+01
3.750965840470659884e+01
3.750863292118176417e+01
3.750760503325079043e+01
3.750657476326974660e+01
3.750554213519011171e+01
3.750450717448930504e+01
3.750346990808554892e+01
3.750243036432199517e+01
3.750138857303746676e+01
3.750034456562167406e+01
3.749929837497981566e+01
3.749825003543291047e+01
3.749719958262882358e+01
3.749614705351663702e+01
3.749509248635702363e+01
3.749403592070153479e+01
3.749297739731918711e+01
3.749191695809390978e+01
3.749085464592098305e+01
3.748979050463174190e+01
3.748872457896209198e+01
3.748765691455225380e+01
3.748658755796886055e+01
3.748551655674361882e+01
3.748444395939742435e+01
3.748336981543126711e+01
3.748229417531918273e+01
3.748121709054983342e+01
3.748013861370806410e+01
3.747905879853698963e+01
3.747797769992310180e+01
3.747689537378400360e+01
3.747581187690446569e+01
3.747472726680857846e+01
3.747364160170783975e+01
3.747255494048535240e+01
3.747146734265657386e+01
3.747037886829797770e+01
3.746928957797758386e+01
3.746819953271095471e+01
3.746710879394430549e+01
3.746601742354845754e+01
3.746492548380008714e+01
3.746383303735513692e+01
3.746274014723496038e+01
3.746164687682022532e+01
3.746055328983411670e+01
3.745945945031188273e+01
3.745836542256163426e+01
3.745727127111538834e+01
3.745617706067527308e+01
3.745508285607039056e+01
3.745398872223126574e+01
3.745289472417304211e+01
3.745180092697769680e+01
3.745070739577337093e+01
3.744961419571069428e+01
3.744852139193338303e+01
3.744742904954286189e+01
3.744633723355911314e+01
3.744524600887461219e+01
3.744415544020245790e+01
3.744306559202938445e+01
3.744197652857263137e+01
3.744088831372417303e+01
3.743980101099106861e+01
3.743871468346596032e+01
3.743762939383267963e+01
3.743654520437768696e+01
3.743546217698199996e+01
3.743438037308881405e+01
3.743329985366425916e+01
3.743222067917669449e+01
3.743114290959740487e+01
3.743006660440423872e+01
3.742899182258037172e+01
3.742791862261500313e+01
3.742684706250404503e+01
3.742577719974110551e+01
3.742470909129869483e+01
3.742364279360650414e+01
3.742257836253163106e+01
3.742151585336468145e+01
3.742045532081168346e+01
3.741939681898890768e+01
3.741834040142160944e+01
3.741728612105055163e+01
3.741623403024726002e+01
3.741518418083032316e+01
3.741413662407283880e+01
3.741309141070409083e+01
3.741204859091308066e+01
3.741100821435213675e+01
3.740997033013561435e+01
3.740893498683566065e+01
3.740790223247701363e+01
3.740687211452110716e+01
3.740584467982869654e+01
3.740481997460788222e+01
3.740379804435922750e+01
3.740277893382278762e+01
3.740176268694270334e+01
3.740074934687171293e+01
3.739973895600973464e+01
3.739873155604345811e+01
3.739772718796446327e+01
3.739672589206299591e+01
3.739572770790324086e+01
3.739473267429175252e+01
3.739374082924786080e+01
3.739275220997890159e+01
3.739176685286130919e+01
3.739078479342560257e+01
3.738980606634233794e+01
3.738883070540804709e+01
3.738785874353312977e+01
3.738689021273653879e+01
3.738592514414634138e+01
3.738496356799635123e+01
3.738400551361691981e+01
3.738305100942864101e+01
3.738210008294383613e+01
3.738115276077585492e+01
3.738020906865320114e+01
3.737926903143269897e+01
3.737833267310681151e+01
3.737740001680024449e+01
3.737647108475385949e+01
3.737554589830179452e+01
3.737462447785437547e+01
3.737370684289664524e+01
3.737279301199761505e+01
3.737188300282238629e+01
3.737097683215111488e+01
3.737007451591354368e+01
3.736917606924497193e+01
3.736828150655681924e+01
3.736739084159842150e+01
3.736650408750323038e+01
3.736562125684962865e+01
3.736474236174901620e+01
3.736386741392216493e+01
3.736299642474055815e+01
3.736212940526083770e+01
3.736126636626515563e+01
3.736040731828200734e+01
3.735955227158559921e+01
3.735870123620402694e+01
3.735785422195080230e+01
3.735701123847489669e+01
3.735617229533317385e+01
3.735533740208712317e+01
3.735450656839480388e+01
3.735367980406083888e+01
3.735285711905036266e+01
3.735203852350397113e+01
3.735122402775163408e+01
3.735041364227599558e+01
3.734960737761526417e+01
3.734880524427388337e+01
3.734800725270235233e+01
3.734721341332089395e+01
3.734642373650996205e+01
3.734563823253843395e+01
3.734485691148106667e+01
3.734407978318368038e+01
3.734330685727314147e+01
3.734253814317609965e+01
3.734177365013190553e+01
3.734101338720449093e+01
3.734025736329333256e+01
3.733950558713949874e+01
3.733875806732680047e+01
3.733801481227814634e+01
3.733727583024592889e+01
3.733654112930154412e+01
3.733581071733457435e+01
3.733508460206756752e+01
3.733436279108055800e+01
3.733364529182974678e+01
3.733293211164470193e+01
3.733222325770417171e+01
3.733151873701479673e+01
3.733081855643068536e+01
3.733012272272761578e+01
3.732943124270637725e+01
3.732874412329810099e+01
3.732806137165495386e+01
3.732738299520962499e+01
3.732670900170177930e+01
3.732603939918587344e+01
3.732537419603124818e+01
3.732471340091248635e+01
3.732405702278606441e+01
3.732340507086118464e+01
3.732275755457744282e+01
3.732211448359120709e+01
3.732147586776497405e+01
3.732084171716149967e+01
3.732021204205361187e+01
3.731958685295245459e+01
3.731896616064448580e+01
3.731834997622755878e+01
3.731773831114109896e+01
3.731713117718361161e+01
3.731652858651268190e+01
3.731593055163129691e+01
3.731533708536247929e+01
3.731474820081029264e+01
3.731416391131497790e+01
3.731358423041393024e+01
3.731300917181048504e+01
3.731243874934946092e+01
3.731187297700638084e+01
3.731131186889811602e+01
3.731075543930322880e+01
3.731020370265994046e+01
3.730965667352023019e+01
3.730911436648057844e+01
3.730857679614285161e+01
3.730804397712977760e+01
3.730751592412572393e+01
3.730699265191454828e+01
3.730647417540572519e+01
3.730596050963614374e+01
3.730545166973391957e+01
3.730494767084125129e+01
3.730444852801682032e+01
3.730395425615964200e+01
3.730346486997768807e+01
3.730298038398282756e+01
3.730250081248863836e+01
3.730202616961214090e+01
3.730155646928430713e+01
3.730109172526832140e+01
3.730063195117492825e+01
3.730017716044172715e+01
3.729972736625595786e+01
3.729928258145000797e+01
3.729884281841638227e+01
3.729840808906067906e+01
3.729797840478766346e+01
3.729755377651654413e+01
3.729713421471378609e+01
3.729671972942009717e+01
3.729631033026276299e+01
3.729590602645822628e+01
3.729550682680786622e+01
3.729511273969279017e+01
3.729472377307052966e+01
3.729433993446693307e+01
3.729396123095627047e+01
3.729358766912679357e+01
3.729321925503845847e+01
3.729285599419524999e+01
3.729249789155161920e+01
3.729214495154419495e+01
3.729179717810990269e+01
3.729145457465921254e+01
3.729111714403190092e+01
3.729078488849560813e+01
3.729045780979412683e+01
3.729013590919173993e+01
3.728981918747857094e+01
3.728950764496043035e+01
3.728920128147484547e+01
3.728890009643831149e+01
3.728860408890329126e+01
3.728831325762490678e+01
3.728802760115588910e+01
3.728774711796584995e+01
3.728747180654698212e+01
3.728720166547388004e+01
3.728693669341761563e+01
3.728667688911887268e+01
3.728642225132117716e+01
3.728617277868455915e+01
3.728592846970806818e+01
3.728568932267559433e+01
3.728545533564748382e+01
3.728522650652227810e+01
3.728500283313739772e+01
3.728478431333866894e+01
3.728457094498653390e+01
3.728436272591058298e+01
3.728415965384660069e+01
3.728396172640471917e+01
3.728376894107849893e+01
3.728358129524525566e+01
3.728339878612545988e+01
3.728322141072550977e+01
3.728304916580007244e+01
3.728288204785233262e+01
3.728272005316447490e+01
3.728256317783007034e+01
3.728241141777382950e+01
3.728226476875963868e+01
3.728212322638592013e+01
3.728198678607709127e+01
3.728185544308475130e+01
3.728172919249182371e+01
3.728160802919323658e+01
3.728149194783381404e+01
3.728138094271881187e+01
3.728127500773620540e+01
3.728117413630617705e+01
3.728107832134624999e+01
3.728098755524899843e+01
3.728090182987832435e+01
3.728082113657641372e+01
3.728074546617069274e+01
3.728067480898176456e+01
3.728060915483029447e+01
3.728054849303815388e+01
3.728049281243139035e+01
3.728044210134718384e+01
3.728039634762903631e+01
3.728035553860446072e+01
3.728031966105778139e+01
3.728028870121262628e+01
3.728026264472620710e+01
3.728024147668247679e+01
3.728022518157663256e+01
3.728021374329856741e+01
3.728020714512413036e+01
3.728020536970737453e+01
3.728020839905518358e+01
3.728021621448252887e+01
3.728022879656860056e+01
3.728024612513051039e+01
3.728026817922227565e+01
3.728029493715916232e+01
3.728032637654978032e+01
3.728036247431067807e+01
3.728040320664872809e+01
3.728044854902309879e+01
3.728049847611791279e+01
3.728055296184023604e+01
3.728061197933070758e+01
3.728067550096734806e+01
3.728074349835476653e+01
3.728081594231333185e+01
3.728089280288685359e+01
3.728097404936391257e+01
3.728105965029917712e+01
3.728114957354053161e+01
3.728124378628352531e+01
3.728134225515593414e+01
3.728144494630434735e+01
3.728155182547192226e+01
3.728166285808687519e+01
3.728177800933829644e+01
3.728189724418377438e+01
3.728202052730243565e+01
3.728214782305581565e+01
3.728227909547792507e+01
3.728241430828381198e+01
3.728255342488786539e+01
3.728269640841725163e+01
3.728284322170680554e+01
3.728299382727934841e+01
3.728314818732209091e+01
3.728330626366394540e+01
3.728346801775779795e+01
3.728363341067244363e+01
3.728380240309332549e+01
3.728397495532517780e+01
3.728415102728887121e+01
3.728433057849967724e+01
3.728451356801733851e+01
3.728469995438540252e+01
3.728488969559682431e+01
3.728508274910048925e+01
3.728527907182625256e+01
3.728547862019829040e+01
3.728568135012796603e+01
3.728588721699986763e+01
3.728609617566859669e+01
3.728630818047204087e+01
3.728652318525447384e+01
3.728674114338275558e+01
3.728696200773627112e+01
3.728718573066861097e+01
3.728741226396530095e+01
3.728764155882205245e+01
3.728787356583663382e+01
3.728810823499386373e+01
3.728834551565941524e+01
3.728858535660771167e+01
3.728882770604687380e+01
3.728907251158327085e+01
3.728931972013739937e+01
3.728956927786359188e+01
3.728982113009998045e+01
3.729007522135540853e+01
3.729033149532564551e+01
3.729058989490561515e+01
3.729085036218121019e+01
3.729111283842694746e+01
3.729137726413674159e+01
3.729164357907902172e+01
3.729191172234890672e+01
3.729218163241063877e+01
3.729245324714104015e+01
3.729272650386705124e+01
3.729300133938186690e+01
3.729327768995327830e+01
3.729355549136224113e+01
3.729383467899103977e+01
3.729411518793687463e+01
3.729439695311170766e+01
3.729467990932174359e+01
3.729496399136731100e+01
3.729524913421774812e+01
3.729553527323500361e+01
3.729582234432517396e+01
3.729611028395557781e+01
3.729639902911240767e+01
3.729668851729446288e+01
3.729697868656334236e+01
3.729726947562969031e+01
3.729756082395210370e+01
3.729785267182724340e+01
3.729814496046542160e+01
3.729843763204560503e+01
3.729873062973253184e+01
3.729902389766262161e+01
3.729931738092399485e+01
3.729961102552490360e+01
3.729990477833185025e+01
3.730019858700097757e+01
3.730049239994252019e+01
3.730078616631063682e+01
3.730107983597761034e+01
3.730137335948466415e+01
3.730166668800159613e+01
3.730195977331656820e+01
3.730225256783856480e+01
3.730254502457550814e+01
3.730283709707146045e+01
3.730312873932339812e+01
3.730341990571251642e+01
3.730371055096777155e+01
3.730400063014983658e+01
3.730429009863601664e+01
3.730457891210423327e+01
3.730486702652672193e+01
3.730515439818125856e+01
3.730544098367119688e+01
3.730572673992789845e+01
3.730601162418987116e+01
3.730629559398671091e+01
3.730657860713867535e+01
3.730686062174650175e+01
3.730714159615490644e+01
3.730742148891123833e+01
3.730770025875920481e+01
3.730797786469494071e+01
3.730825426608247142e+01
3.730852942277991247e+01
3.730880329521699679e+01
3.730907584442091718e+01
3.730934703202371594e+01
3.730961682026573101e+01
3.730988517199420329e+01
3.731015205065605755e+01
3.731041742029260178e+01
3.731068124555272902e+01
3.731094349172859381e+01
3.731120412479509696e+01
3.731146311143385219e+01
3.731172041904056158e+01
3.731197601572558398e+01
3.731222987031354421e+01
3.731248195234196174e+01
3.731273223205596423e+01
3.731298068039621540e+01
3.731322726898001463e+01
3.731347197007855243e+01
3.731371475659305048e+01
3.731395560203402795e+01
3.731419448050817778e+01
3.731443136670733196e+01
3.731466623588662657e+01
3.731489906383200150e+01
3.731512982681795165e+01
3.731535850154772760e+01
3.731558506508674355e+01
3.731580949481059406e+01
3.731603176836087954e+01
3.731625186359027424e+01
3.731646975850183168e+01
3.731668543120185433e+01
3.731689885988006239e+01
3.731711002281609524e+01
3.731731889839963401e+01
3.731752546515637192e+01
3.731772970178079873e+01
3.731793158716804015e+01
3.731813110043204063e+01
3.731832822091207191e+01
3.731852292817433181e+01
3.731871520200976278e+01
3.731890502243074792e+01
3.731909236967087651e+01
3.731927722418654270e+01
3.731945956665573760e+01
3.731963937797672770e+01
3.731981663928047510e+01
3.731999133195759555e+01
3.732016343768052735e+01
3.732033293840225951e+01
3.732049981632393099e+01
3.732066405383707064e+01
3.732082563347078263e+01
3.732098453787878611e+01
3.732114074986643715e+01
3.732129425242556664e+01
3.732144502875956249e+01
3.732159306231527296e+01
3.732173833683634001e+01
3.732188083643798393e+01
3.732202054570321081e+01
3.732215744978488203e+01
3.732229153449021908e+01
3.732242278634586086e+01
3.732255119264443266e+01
3.732267674145794700e+01
3.732279942161328279e+01
3.732291922264230521e+01
3.732303613471834325e+01
3.732315014858878754e+01
3.732326125550478935e+01
3.732336944713924964e+01
3.732347471550774287e+01
3.732357705292451300e+01
3.732367645199548178e+01
3.732377290561811378e+01
3.732386640696469016e+01
3.732395694945584097e+01
3.732404452674191475e+01
3.732412913268920818e+01
3.732421076135835136e+01
3.732428940697499797e+01
3.732436506389851871e+01
3.732443772659069481e+01
3.732450738958344516e+01
3.732457404744270946e+01
3.732463769472737880e+01
3.732469832594834003e+01
3.732475593553422044e+01
3.732481051780892756e+01
3.732486206697790010e+01
3.732491057710759463e+01
3.732495604209224638e+01
3.732499845562949048e+01
3.732503781122220232e+01
3.732507410219792376e+01
3.732510732173120260e+01
3.732513746286301881e+01
3.732516451851826389e+01
3.732518848152325575e+01
3.732520934461637552e+01
3.732522710044317193e+01
3.732524174154463736e+01
3.732525326035718649e+01
3.732526164922627743e+01
3.732526690041903095e+01
3.732526900612618448e+01
3.732526795845819834e+01
3.732526374944523440e+01
3.732525637103812954e+01
3.732524581509088790e+01
3.732523207331293236e+01
3.732521513722336692e+01
3.732519499817436781e+01
3.732517164746321470e+01
3.732514507646776281e+01
3.732511527675649177e+01
3.732508224020356380e+01
3.732504595913492551e+01
3.732500642648424360e+01
3.732496363593418920e+01
3.732491758202658616e+01
3.732486826022289250e+01
3.732481566692371899e+01
3.732475979950105938e+01
3.732470065638314338e+01
3.732463823717625928e+01
3.732457254279051284e+01
3.732450357553832987e+01
3.732443133918127387e+01
3.732435583893212794e+01
3.732427708144039968e+01
3.732419507477587217e+01
3.732410982840047353e+01
3.732402135311971136e+01
3.732392966103311238e+01
3.732383476552170976e+01
3.732373668128908406e+01
3.732363542442678295e+01
3.732353101245734450e+01
3.732342346434125346e+01
3.732331280047227295e+01
3.732319904267852451e+01
3.732308221422270833e+01
3.732296233980908795e+01
3.732283944562261269e+01
3.732271355938273416e+01
3.732258471035134306e+01
3.732245292926769764e+01
3.732231824824248179e+01
3.732218070065668769e+01
3.732204032107902236e+01
3.732189714519112300e+01
3.732175120973420235e+01
3.732160255251412195e+01
3.732145121246787056e+01
3.732129722973978403e+01
3.732114064570028944e+01
3.732098150287891514e+01
3.732081984484666748e+01
3.732065571611404664e+01
3.732048916208545819e+01
3.732032022907701929e+01
3.732014896438208496e+01
3.731997541632996018e+01
3.731979963427838243e+01
3.731962166854168572e+01
3.731944157030343234e+01
3.731925939154751148e+01
3.731907518500290166e+01
3.731888900408646492e+01
3.731870090285065089e+01
3.731851093594775648e+01
3.731831915860973936e+01
3.731812562663878907e+01
3.731793039638521492e+01
3.731773352468149341e+01
3.731753506874225224e+01
3.731733508607401717e+01
3.731713363442285925e+01
3.731693077175819440e+01
3.731672655626721991e+01
3.731652104633968747e+01
3.731631430057012011e+01
3.731610637780686091e+01
3.731589733722059066e+01
3.731568723836210921e+01
3.731547614121137713e+01
3.731526410621973611e+01
3.731505119434526563e+01
3.731483746708337179e+01
3.731462298648069975e+01
3.731440781511699356e+01
3.731419201605185521e+01
3.731397565273639572e+01
3.731375878888893993e+01
3.731354148835215057e+01
3.731332381496282835e+01
3.731310583244702173e+01
3.731288760433178453e+01
3.731266919386267489e+01
3.731245066392910559e+01
3.731223207700816857e+01
3.731201349512213739e+01
3.731179497979594117e+01
3.731157659201949173e+01
3.731135839222856987e+01
3.731114044031100008e+01
3.731092279563816305e+01
3.731070551710818961e+01
3.731048866319308388e+01
3.731027229200915940e+01
3.731005646140992837e+01
3.730984122906243527e+01
3.730962665248946308e+01
3.730941278908547076e+01
3.730919969610619091e+01
3.730898743063487188e+01
3.730877604953977311e+01
3.730856560943746558e+01
3.730835616666782073e+01
3.730814777727585607e+01
3.730794049699061787e+01
3.730773438119723551e+01
3.730752948491001320e+01
3.730732586275517804e+01
3.730712356896150084e+01
3.730692265735375912e+01
3.730672318135012944e+01
3.730652519396155498e+01
3.730632874778229535e+01
3.730613389496879506e+01
3.730594068721565293e+01
3.730574917573157734e+01
3.730555941121823338e+01
3.730537144386083526e+01
3.730518532332646231e+01
3.730500109875950443e+01
3.730481881877706485e+01
3.730463853146729747e+01
3.730446028437705053e+01
3.730428412447802344e+01
3.730411009812129919e+01
3.730393825099373828e+01
3.730376862808127214e+01
3.730360127364286171e+01
3.730343623119612317e+01
3.730327354351080515e+01
3.730311325260709054e+01
3.730295539975193719e+01
3.730280002544666473e+01
3.730264716941261582e+01
3.730249687059428254e+01
3.730234916719464877e+01
3.730220409672605797e+01
3.730206169604161204e+01
3.730192200133833325e+01
3.730178504814276863e+01
3.730165087128294488e+01
3.730151950485938528e+01
3.730139098223653349e+01
3.730126533605270112e+01
3.730114259822222067e+01
3.730102279991518799e+01
3.730090597153328957e+01
3.730079214270610777e+01
3.730068134230101862e+01
3.730057359842438558e+01
3.730046893841681310e+01
3.730036738886698799e+01
3.730026897564689392e+01
3.730017372394313213e+01
3.730008165827074151e+01
3.729999280247917426e+01
3.729990717975631753e+01
3.729982481262284466e+01
3.729974572291375523e+01
3.729966993176103784e+01
3.729959745959475015e+01
3.729952832616554304e+01
3.729946255057788562e+01
3.729940015132621056e+01
3.729934114632909825e+01
3.729928555295182946e+01
3.729923338801616239e+01
3.729918466781018793e+01
3.729913940810498474e+01
3.729909762417023700e+01
3.729905933077335334e+01
3.729902454215130092e+01
3.729899327196486070e+01
3.729896553325485087e+01
3.729894133840516446e+01
3.729892069911164754e+01
3.729890362636069057e+01
3.729889013041367463e+01
3.729888022079435217e+01
3.729887390629274790e+01
3.729887119499149151e+01
3.729887209429599437e+01
3.729887661095202844e+01
3.729888475104861101e+01
3.729889652000633049e+01
3.729891192255687571e+01
3.729893096273426067e+01
3.729895364389521006e+01
3.729897996876690769e+01
3.729900993951025612e+01
3.729904355777829750e+01
3.729908082474440789e+01
3.729912174110906875e+01
3.729916630712997971e+01
3.729921452268339266e+01
3.729926638730105282e+01
3.729932190015842508e+01
3.729938106007266896e+01
3.729944386555906988e+01
3.729951031493318681e+01
3.729958040644521589e+01
3.729965413844742983e+01
3.729973150957132333e+01
3.729981251886487570e+01
3.729989716584308468e+01
3.729998545045178560e+01
3.730007737302174320e+01
3.730017293430455538e+01
3.730027213558746269e+01
3.730037497880812936e+01
3.730048146663046538e+01
3.730059160250389994e+01
3.730070539071581948e+01
3.730082283641282714e+01
3.730094394558397397e+01
3.730106872502359039e+01
3.730119718227168590e+01
3.730132932551337888e+01
3.730146516344333918e+01
3.730160470513602178e+01
3.730174795996359194e+01
3.730189493756460450e+01
3.730204564783396393e+01
3.730220010091299088e+01
3.730235830717555956e+01
3.730252027719959074e+01
3.730268602170349368e+01
3.730285555144655518e+01
3.730302887711764015e+01
3.730320600924528662e+01
3.730338695817605554e+01
3.730357173414724770e+01
3.730376034739381907e+01
3.730395280819482906e+01
3.730414912683907147e+01
3.730434931355266315e+01
3.730455337842667518e+01
3.730476133135640993e+01
3.730497318199435597e+01
3.730518893972255512e+01
3.730540861362697314e+01
3.730563221242019267e+01
3.730585974431929941e+01
3.730609121699490061e+01
3.730632663764577472e+01
3.730656601310271014e+01
3.730680934987688602e+01
3.730705665415949568e+01
3.730730793179893112e+01
3.730756318827507556e+01
3.730782242868335175e+01
3.730808565772457541e+01
3.730835287969965464e+01
3.730862409852088746e+01
3.730889931773786827e+01
3.730917854055164185e+01
3.730946176979480811e+01
3.730974900788919513e+01
3.731004025681036751e+01
3.731033551806570614e+01
3.731063479267452010e+01
3.731093808114614063e+01
3.731124538345897435e+01
3.731155669903571237e+01
3.731187202670386682e+01
3.731219136464561359e+01
3.731251471035736955e+01
3.731284206062883158e+01
3.731317341153270917e+01
3.731350875841840065e+01
3.731384809591537532e+01
3.731419141795307581e+01
3.731453871778769127e+01
3.731488998801329871e+01
3.731524522054186122e+01
3.731560440655393762e+01
3.731596753644166853e+01
3.731633459977214784e+01
3.731670558528297477e+01
3.731708048090504803e+01
3.731745927380389105e+01
3.731784195042094154e+01
3.731822849649341833e+01
3.731861889704495638e+01
3.731901313634411110e+01
3.731941119783943606e+01
3.731981306410725097e+01
3.732021871683931380e+01
3.732062813685879377e+01
3.732104130414200682e+01
3.732145819783726637e+01
3.732187879627984728e+01
3.732230307700299221e+01
3.732273101674996241e+01
3.732316259149962434e+01
3.732359777650869148e+01
3.732403654634901358e+01
3.732447887491860428e+01
3.732492473543507572e+01
3.732537410043403270e+01
3.732582694177222038e+01
3.732628323061810249e+01
3.732674293742189064e+01
3.732720603187102881e+01
3.732767248284466888e+01
3.732814225838760080e+01
3.732861532572512431e+01
3.732909165132367946e+01
3.732957120096705950e+01
3.733005393980438669e+01
3.733053983236300155e+01
3.733102884255843179e+01
3.733152093371892732e+01
3.733201606860908583e+01
3.733251420944759502e+01
3.733301531793662065e+01
3.733351935530294696e+01
3.733402628234395593e+01
3.733453605950086995e+01
3.733504864696315195e+01
3.733556400474856929e+01
3.733608209270823153e+01
3.733660287045470483e+01
3.733712629723745380e+01
3.733765233182711540e+01
3.733818093248738990e+01
3.733871205703464824e+01
3.733924566290818348e+01
3.733978170720250489e+01
3.734032014666652799e+01
3.734086093768420511e+01
3.734140403624348892e+01
3.734194939789851730e+01
3.734249697773266519e+01
3.734304673033534527e+01
3.734359860980110568e+01
3.734415256974050834e+01
3.734470856328799471e+01
3.734526654311859062e+01
3.734582646149084439e+01
3.734638827029662167e+01
3.734695192107680128e+01
3.734751736499215724e+01
3.734808455277665473e+01
3.734865343470155352e+01
3.734922396055696936e+01
3.734979607964318404e+01
3.735036974075710958e+01
3.735094489216118063e+01
3.735152148154060114e+01
3.735209945597318892e+01
3.735267876193533709e+01
3.735325934534978387e+01
3.735384115165192753e+01
3.735442412583765304e+01
3.735500821247799053e+01
3.735559335570748374e+01
3.735617949919310377e+01
3.735676658608655742e+01
3.735735455896496404e+01
3.735794335977533365e+01
3.735853292981227014e+01
3.735912320975306500e+01
3.735971413973864230e+01
3.736030565946318660e+01
3.736089770825117995e+01
3.736149022511488482e+01
3.736208314878756909e+01
3.736267641773812898e+01
3.736326997017896900e+01
3.736386374407284450e+01
3.736445767713971833e+01
3.736505170686560717e+01
3.736564577051526470e+01
3.736623980514393395e+01
3.736683374760517751e+01
3.736742753457140509e+01
3.736802110258844323e+01
3.736861438815159175e+01
3.736920732776507492e+01
3.736979985796839543e+01
3.737039191533833815e+01
3.737098343648803933e+01
3.737157435809334061e+01
3.737216461694836767e+01
3.737275414999869838e+01
3.737334289430344114e+01
3.737393078694954340e+01
3.737451776497782419e+01
3.737510376533727907e+01
3.737568872485586979e+01
3.737627258023574939e+01
3.737685526807376846e+01
3.737743672488492308e+01
3.737801688713357606e+01
3.737859569130075954e+01
3.737917307396898536e+01
3.737974897186126810e+01
3.738032332180517159e+01
3.738089606066859716e+01
3.738146712533938398e+01
3.738203645277217646e+01
3.738260398007518859e+01
3.738316964459504277e+01
3.738373338396456091e+01
3.738429513610973487e+01
3.738485483923905406e+01
3.738541243182416451e+01
3.738596785256874000e+01
3.738652104038138901e+01
3.738707193435912757e+01
3.738762047376515341e+01
3.738816659799773845e+01
3.738871024654361719e+01
3.738925135889044071e+01
3.738978987443240243e+01
3.739032573244605118e+01
3.739085887212251436e+01
3.739138923258325775e+01
3.739191675287633387e+01
3.739244137196483564e+01
3.739296302867248301e+01
3.739348166163897957e+01
3.739399720940104288e+01
3.739450961055036515e+01
3.739501880383312482e+01
3.739552472819693918e+01
3.739602732284655673e+01
3.739652652730347882e+01
3.739702228146653340e+01
3.739751452568804524e+01
3.739800320083833185e+01
3.739848824830399110e+01
3.739896960991988806e+01
3.739944722789629594e+01
3.739992104474028878e+01
3.740039100309421372e+01
3.740085704550314460e+01
3.740131911422321309e+01
3.740177715113224366e+01
3.740223109771538645e+01
3.740268089506732707e+01
3.740312648386917260e+01
3.740356780433810258e+01
3.740400479619254526e+01
3.740443739868559447e+01
3.740486555069587382e+01
3.740528919082139936e+01
3.740570825745388817e+01
3.740612268883165115e+01
3.740653242306819948e+01
3.740693739816815366e+01
3.740733755204122701e+01
3.740773282250641785e+01
3.740812314727875787e+01
3.740850846394337736e+01
3.740888870992566240e+01
3.740926382246627924e+01
3.740963373862255992e+01
3.740999839532440063e+01
3.741035772946721494e+01
3.741071167798148878e+01
3.741106017786827209e+01
3.741140316625315165e+01
3.741174058046853901e+01
3.741207235809987708e+01
3.741239843696757106e+01
3.741271875508752487e+01
3.741303325063165630e+01
3.741334186188065303e+01
3.741364452719326295e+01
3.741394118502922339e+01
3.741423177404034561e+01
3.741451623321906084e+01
3.741479450205972768e+01
3.741506652069059413e+01
3.741533222998251773e+01
3.741559157165567484e+01
3.741584448839018506e+01
3.741609092392996416e+01
3.741633082313391867e+01
3.741656413192301045e+01
3.741679079711519762e+01
3.741701076618645772e+01
3.741722398711652176e+01
3.741743040853854296e+01
3.741762998012644914e+01
3.741782265290828491e+01
3.741800837939837265e+01
3.741818711364768291e+01
3.741835881121918561e+01
3.741852342902000572e+01
3.741868092500798326e+01
3.741883125788455544e+01
3.741897438691137268e+01
3.741911027194904449e+01
3.741923887368582768e+01
3.741936015389164538e+01
3.741947407561855954e+01
3.741958060344411763e+01
3.741967970377800157e+01
3.741977134510831604e+01
3.741985549814462075e+01
3.741993213589572775e+01
3.742000123366761954e+01
3.742006276898344908e+01
3.742011672148797174e+01
3.742016307284516330e+01
3.742020180658325756e+01
3.742023290792227641e+01
3.742025636367652197e+01
3.742027216223506514e+01
3.742028029358703378e+01
3.742028074939173621e+01
3.742027352296888409e+01
3.742025860903952150e+01
3.742023600335289046e+01
3.742020570252968525e+01
3.742016770417503579e+01
3.742012200701203994e+01
3.742006861088668046e+01
3.742000751676108194e+01
3.741993872682756006e+01
3.741986224466651123e+01
3.741977807530206235e+01
3.741968622516322540e+01
3.741958670203823800e+01
3.741947951501527569e+01
3.741936467430340230e+01
3.741924219086351400e+01
3.741911207597701150e+01
3.741897434100344810e+01
3.741882899738460821e+01
3.741867605671974673e+01
3.741851553084566007e+01
3.741834743203470737e+01
3.741817177328240973e+01
3.741798856851421107e+01
3.741779783271335447e+01
3.741759958207510550e+01
3.741739383412488706e+01
3.741718060766989140e+01
3.741695992262309289e+01
3.741673179984966424e+01
3.741649626110401528e+01
3.741625332905546486e+01
3.741600302740160799e+01
3.741574538100214653e+01
3.741548041590557006e+01
3.741520815920151932e+01
3.741492863871822294e+01
3.741464188264595947e+01
3.741434791920434577e+01
3.741404677642556464e+01
3.741373848204085562e+01
3.741342306343323543e+01
3.741310054764482373e+01
3.741277096144452230e+01
3.741243433147950270e+01
3.741209068455142273e+01
3.741174004798024555e+01
3.741138244991361717e+01
3.741101791950856637e+01
3.741064648703724771e+01
3.741026818396353804e+01
3.740988304296305955e+01
3.740949109781176674e+01
3.740909238316833552e+01
3.740868693444813431e+01
3.740827478793588767e+01
3.740785598102689846e+01
3.740743055233192393e+01
3.740699854154340187e+01
3.740655998924517434e+01
3.740611493682845889e+01
3.740566342646034315e+01
3.740520550102018404e+01
3.740474120399709079e+01
3.740427057937273503e+01
3.740379367155489376e+01
3.740331052542296675e+01
3.740282118641057707e+01
3.740232570044881300e+01
3.740182411372641269e+01
3.740131647243043744e+01
3.740080282267496870e+01
3.740028321070744965e+01
3.739975768327476402e+01
3.739922628793674164e+01
3.739868907325302416e+01
3.739814608888129754e+01
3.739759738559568092e+01
3.739704301521741314e+01
3.739648303048421951e+01
3.739591748492355805e+01
3.739534643277266923e+01
3.739476992891027152e+01
3.739418802874932624e+01
3.739360078808207533e+01
3.739300826287739454e+01
3.739241050902059271e+01
3.739180758203579558e+01
3.739119953694170562e+01
3.739058642836748447e+01
3.738996831081964700e+01
3.738934523887004246e+01
3.738871726718504362e+01
3.738808445046225870e+01
3.738744684332434076e+01
3.738680450018653545e+01
3.738615747516900001e+01
3.738550582212415208e+01
3.738484959473504432e+01
3.738418884659823505e+01
3.738352363126472966e+01
3.738285400225954191e+01
3.738218001311386018e+01
3.738150171742749706e+01
3.738081916894103784e+01
3.738013242159340166e+01
3.737944152956867327e+01
3.737874654733712987e+01
3.737804752968261113e+01
3.737734453171820803e+01
3.737663760889612519e+01
3.737592681700974140e+01
3.737521221218790402e+01
3.737449385088142151e+01
3.737377178983690129e+01
3.737304608606379475e+01
3.737231679681892160e+01
3.737158397962321033e+01
3.737084769229303305e+01
3.737010799295889996e+01
3.736936494005973941e+01
3.736861859232266880e+01
3.736786900875242168e+01
3.736711624863645653e+01
3.736636037154119094e+01
3.736560143728402750e+01
3.736483950589452263e+01
3.736407463758931868e+01
3.736330689277135519e+01
3.736253633203789803e+01
3.736176301617588535e+01
3.736098700614459744e+01
3.736020836305448256e+01
3.735942714813622700e+01
3.735864342269128713e+01
3.735785724803080399e+01
3.735706868541638670e+01
3.735627779602143761e+01
3.735548464093624688e+01
3.735468928120917553e+01
3.735389177787811121e+01
3.735309219196385300e+01
3.735229058443928096e+01
3.735148701619549172e+01
3.735068154800897844e+01
3.734987424050486027e+01
3.734906515412018990e+01
3.734825434907693165e+01
3.734744188536667764e+01
3.734662782274507009e+01
3.734581222073114048e+01
3.734499513859883990e+01
3.734417663535686671e+01
3.734335676972169438e+01
3.734253560007599049e+01
3.734171318441633503e+01
3.734088958033302674e+01
3.734006484505328416e+01
3.733923903551559675e+01
3.733841220841870978e+01
3.733758442021901658e+01
3.733675572707149826e+01
3.733592618472769686e+01
3.733509584845523221e+01
3.733426477306048952e+01
3.733343301300877926e+01
3.733260062253178546e+01
3.733176765563959520e+01
3.733093416607232484e+01
3.733010020726534606e+01
3.732926583234672790e+01
3.732843109414726257e+01
3.732759604520666841e+01
3.732676073776998749e+01
3.732592522377822064e+01
3.732508955485692326e+01
3.732425378230485791e+01
3.732341795708556020e+01
3.732258212981985679e+01
3.732174635078037284e+01
3.732091066989281813e+01
3.732007513673730870e+01
3.731923980054673251e+01
3.731840471021778427e+01
3.731756991433857706e+01
3.731673546121528773e+01
3.731590139888706403e+01
3.731506777513124717e+01
3.731423463745685609e+01
3.731340203308059245e+01
3.731257000889401354e+01
3.731173861143756199e+01
3.731090788687654225e+01
3.731007788096638222e+01
3.730924863900521160e+01
3.730842020577085094e+01
3.730759262544324173e+01
3.730676594152679826e+01
3.730594019678643747e+01
3.730511543320895385e+01
3.730429169200136386e+01
3.730346901361653522e+01
3.730264743777980385e+01
3.730182700350490421e+01
3.730100774910589934e+01
3.730018971221020507e+01
3.729937292975984064e+01
3.729855743798542278e+01
3.729774327236071230e+01
3.729693046756389663e+01
3.729611905746917699e+01
3.729530907516259219e+01
3.729450055293748534e+01
3.729369352223825729e+01
3.729288801358079297e+01
3.729208405650209812e+01
3.729128167957421169e+01
3.729048091048920810e+01
3.728968177618128266e+01
3.728888430293122269e+01
3.728808851642610023e+01
3.728729444177807295e+01
3.728650210351000283e+01
3.728571152551190693e+01
3.728492273097985077e+01
3.728413574236360262e+01
3.728335058134641145e+01
3.728256726885503269e+01
3.728178582508139982e+01
3.728100626949941443e+01
3.728022862086619682e+01
3.727945289720668853e+01
3.727867911578277216e+01
3.727790729304087591e+01
3.727713744454694478e+01
3.727636958493797437e+01
3.727560372790858878e+01
3.727483988622685729e+01
3.727407807176274446e+01
3.727331829551172859e+01
3.727256056759693337e+01
3.727180489724697310e+01
3.727105129277177298e+01
3.727029976156083535e+01
3.726955031009904218e+01
3.726880294397950877e+01
3.726805766790764096e+01
3.726731448570234306e+01
3.726657340030008214e+01
3.726583441376772754e+01
3.726509752732030023e+01
3.726436274132694848e+01
3.726363005529459826e+01
3.726289946783497697e+01
3.726217097663170108e+01
3.726144457842286073e+01
3.726072026900315848e+01
3.725999804323573272e+01
3.725927789506015841e+01
3.725855981749251100e+01
3.725784380262366824e+01
3.725712984161742725e+01
3.725641792470677416e+01
3.725570804119404045e+01
3.725500017945881837e+01
3.725429432697854537e+01
3.725359047039292903e+01
3.725288859562583355e+01
3.725218868800131844e+01
3.725149073228175212e+01
3.725079471265917874e+01
3.725010061279240858e+01
3.724940841590067464e+01
3.724871810485725376e+01
3.724802966227430545e+01
3.724734307059648586e+01
3.724665831219358836e+01
3.724597536943566212e+01
3.724529422473690943e+01
3.724461486056164716e+01
3.724393725940687006e+01
3.724326140378376948e+01
3.724258727619842091e+01
3.724191485911475752e+01
3.724124413490405772e+01
3.724057508580116149e+01
3.723990769387434341e+01
3.723924194101271468e+01
3.723857780893798974e+01
3.723791527923474121e+01
3.723725433338453428e+01
3.723659495278551645e+01
3.723593711874656265e+01
3.723528081246305277e+01
3.723462601498665947e+01
3.723397270720010255e+01
3.723332086979770850e+01
3.723267048326403028e+01
3.723202152784464403e+01
3.723137398349653182e+01
3.723072782981019202e+01
3.723008304593464857e+01
3.722943961055607787e+01
3.722879750194651649e+01
3.722815669805547145e+01
3.722751717661127202e+01
3.722687891520969572e+01
3.722624189136370632e+01
3.722560608249372649e+01
3.722497146586334082e+01
3.722433801849654600e+01
3.722370571712513510e+01
3.722307453818581990e+01
3.722244445784458122e+01
3.722181545201421216e+01
3.722118749635041013e+01
3.722056056623039666e+01
3.721993463672560409e+01
3.721930968259390937e+01
3.721868567831370456e+01
3.721806259814238160e+01
3.721744041616112497e+01
3.721681910629632739e+01
3.721619864232640396e+01
3.721557899787983814e+01
3.721496014643909689e+01
3.721434206136591172e+01
3.721372471594708742e+01
3.721310808347627841e+01
3.721249213742056128e+01
3.721187685166493964e+01
3.721126220073831803e+01
3.721064815995278252e+01
3.721003470545617375e+01
3.720942181417947126e+01
3.720880946365949882e+01
3.720819763180121953e+01
3.720758629666437400e+01
3.720697543629690784e+01
3.720636502864143580e+01
3.720575505158000595e+01
3.720514548312601733e+01
3.720453630165500414e+01
3.720392748605757305e+01
3.720331901581927525e+01
3.720271087109458108e+01
3.720210303278870612e+01
3.720149548261698413e+01
3.720088820313796418e+01
3.720028117779428101e+01
3.719967439096625128e+01
3.719906782799323253e+01
3.719846147514341084e+01
3.719785531956507185e+01
3.719724934924369819e+01
3.719664355294837321e+01
3.719603792014311239e+01
3.719543244085239309e+01
3.719482710549944926e+01
3.719422190478930901e+01
3.719361682968444427e+01
3.719301187140277420e+01
3.719240702134945309e+01
3.719180227102040703e+01
3.719119761198477647e+01
3.719059303598129418e+01
3.718998853507705604e+01
3.718938410180677323e+01
3.718877972924092035e+01
3.718817541100229107e+01
3.718757114125814667e+01
3.718696691465883220e+01
3.718636272620330629e+01
3.718575857108229599e+01
3.718515444456329533e+01
3.718455034193989661e+01
3.718394625853467517e+01
3.718334218971472893e+01
3.718273813084977775e+01
3.718213407717088614e+01
3.718153002359117210e+01
3.718092596457917409e+01
3.718032189407406207e+01
3.717971780542714555e+01
3.717911369143787681e+01
3.717850954449314571e+01
3.717790535671333174e+01
3.717730112004191056e+01
3.717669682630483408e+01
3.717609246727771222e+01
3.717548803475005315e+01
3.717488352055935508e+01
3.717427891659788486e+01
3.717367421482627776e+01
3.717306940733097065e+01
3.717246448642451639e+01
3.717185944474100268e+01
3.717125427528863213e+01
3.717064897147501057e+01
3.717004352714219095e+01
3.716943793663191542e+01
3.716883219488298096e+01
3.716822629754222618e+01
3.716762024106101592e+01
3.716701402275650423e+01
3.716640764081751058e+01
3.716580109424889855e+01
3.716519438278492515e+01
3.716458750680344281e+01
3.716398046727424997e+01
3.716337326580485723e+01
3.716276590479728270e+01
3.716215838762239088e+01
3.716155071874064930e+01
3.716094290380343068e+01
3.716033494974451656e+01
3.715972686480250076e+01
3.715911865848178053e+01
3.715851034151845056e+01
3.715790192585983220e+01
3.715729342464491225e+01
3.715668485221120676e+01
3.715607622414046318e+01
3.715546755732199102e+01
3.715485887004612664e+01
3.715425018216881625e+01
3.715364151528892478e+01
3.715303289278617171e+01
3.715242433966134428e+01
3.715181588228203680e+01
3.715120754817709781e+01
3.715059936593723222e+01
3.714999136518869705e+01
3.714938357658547119e+01
3.714877603173419374e+01
3.714816876294483450e+01
3.714756180282926579e+01
3.714695518389702045e+01
3.714634893826398354e+01
3.714574309753258063e+01
3.714513769280731026e+01
3.714453275470737736e+01
3.714392831331991118e+01
3.714332439816292464e+01
3.714272103818429116e+01
3.714211826173640674e+01
3.714151609651185737e+01
3.714091456951511105e+01
3.714031370710537772e+01
3.713971353505889539e+01
3.713911407861273517e+01
3.713851536249593011e+01
3.713791741095672450e+01
3.713732024779660890e+01
3.713672389642093918e+01
3.713612837989830950e+01
3.713553372102089867e+01
3.713493994237261120e+01
3.713434706641087502e+01
3.713375511555618402e+01
3.713316411227583558e+01
3.713257407916764663e+01
3.713198503907386794e+01
3.713139701521556901e+01
3.713081003129192936e+01
3.713022411152401503e+01
3.712963928066056951e+01
3.712905556395359952e+01
3.712847298711544397e+01
3.712789157627489089e+01
3.712731135792254378e+01
3.712673235883185896e+01
3.712615460597531580e+01
3.712557812645709987e+01
3.712500294745168361e+01
3.712442909612875042e+01
3.712385659956932216e+01
3.712328548470824074e+01
3.712271577834670211e+01
3.712214750723599366e+01
3.712158069817770922e+01
3.712101537809769525e+01
3.712045157409664142e+01
3.711988931348305698e+01
3.711932862378005638e+01
3.711876953271252688e+01
3.711821206819248431e+01
3.711765625830140181e+01
3.711710213126769986e+01
3.711654971544814430e+01
3.711599903930919453e+01
3.711545013141134319e+01
3.711490302042166434e+01
3.711435773515067638e+01
3.711381430457660713e+01
3.711327275784525170e+01
3.711273312425133497e+01
3.711219543318483005e+01
3.711165971402753172e+01
3.711112599602729745e+01
3.711059430819949512e+01
3.711006467927526131e+01
3.710953713767113982e+01
3.710901171144995203e+01
3.710848842827685701e+01
3.710796731539576854e+01
3.710744839963702191e+01
3.710693170743570590e+01
3.710641726483346048e+01
3.710590509747537169e+01
3.710539523062733025e+01
3.710488768919827152e+01
3.710438249774292530e+01
3.710387968045186113e+01
3.710337926114841167e+01
3.710288126330890890e+01
3.710238571011025499e+01
3.710189262447353542e+01
3.710140202905893858e+01
3.710091394621784389e+01
3.710042839795461589e+01
3.709994540594293255e+01
3.709946499162106193e+01
3.709898717634453646e+01
3.709851198151356755e+01
3.709803942860883552e+01
3.709756953914840949e+01
3.709710233462418216e+01
3.709663783645781621e+01
3.709617606597026906e+01
3.709571704434748085e+01
3.709526079260697884e+01
3.709480733157715804e+01
3.709435668188535828e+01
3.709390886394295705e+01
3.709346389792269605e+01
3.709302180372822022e+01
3.709258260096165571e+01
3.709214630889894693e+01
3.709171294647205741e+01
3.709128253225600957e+01
3.709085508446564461e+01
3.709043062095436483e+01
3.709000915921186703e+01
3.708959071638720673e+01
3.708917530935376305e+01
3.708876295480144591e+01
3.708835366933473665e+01
3.708794746954739452e+01
3.708754437205522692e+01
3.708714439351327741e+01
3.708674755064274819e+01
3.708635386024818814e+01
3.708596333920937838e+01
3.708557600446336977e+01
3.708519187298176689e+01
3.708481096173332503e+01
3.708443328764754909e+01
3.708405886760940007e+01
3.708368771848233791e+01
3.708331985712931811e+01
3.708295530041438326e+01
3.708259406518567403e+01
3.708223616825848268e+01
3.708188162643332930e+01
3.708153045655011937e+01
3.708118267552082159e+01
3.708083830030664529e+01
3.708049734788058771e+01
3.708015983522310677e+01
3.707982577934991752e+01
3.707949519735149835e+01
3.707916810643742878e+01
3.707884452398659647e+01
3.707852446759545728e+01
3.707820795510478007e+01
3.707789500459338683e+01
3.707758563435134391e+01
3.707727986285316746e+01
3.707697770873202359e+01
3.707667919074415153e+01
3.707638432772843373e+01
3.707609313858151268e+01
3.707580564226996955e+01
3.707552185787361765e+01
3.707524180461130214e+01
3.707496550181596717e+01
3.707469296887668975e+01
3.707442422516407987e+01
3.707415928994402776e+01
3.707389818230798539e+01
3.707364092114900700e+01
3.707338752517387093e+01
3.707313801292002609e+01
3.707289240276182340e+01
3.707265071290800051e+01
3.707241296140010434e+01
3.707217916612845698e+01
3.707194934487053217e+01
3.707172351532830135e+01
3.707150169513837312e+01
3.707128390185575029e+01
3.707107015292983476e+01
3.707086046569210680e+01
3.707065485739055788e+01
3.707045334530495495e+01
3.707025594690496462e+01
3.707006267996345628e+01
3.706987356259480748e+01
3.706968861324839537e+01
3.706950785068453058e+01
3.706933129394454340e+01
3.706915896231988938e+01
3.706899087532126913e+01
3.706882705264674627e+01
3.706866751414695216e+01
3.706851227979316832e+01
3.706836136966201423e+01
3.706821480392787294e+01
3.706807260282515415e+01
3.706793478656183538e+01
3.706780137521541718e+01
3.706767238866306968e+01
3.706754784656617119e+01
3.706742776838225240e+01
3.706731217337006967e+01
3.706720108057707108e+01
3.706709450881042045e+01
3.706699247660206709e+01
3.706689500219234645e+01
3.706680210354867455e+01
3.706671379839781366e+01
3.706663010423382332e+01
3.706655103830750875e+01
3.706647661762942647e+01
3.706640685898464938e+01
3.706634177893481308e+01
3.706628139379585463e+01
3.706622571960007662e+01
3.706617477206998501e+01
3.706612856662126632e+01
3.706608711837067460e+01
3.706605044211368494e+01
3.706601855228171871e+01
3.706599146291880942e+01
3.706596918769138682e+01
3.706595173990782399e+01
3.706593913252817885e+01
3.706593137817302619e+01
3.706592848913903282e+01
3.706593047740484081e+01
3.706593735461156314e+01
3.706594913202189190e+01
3.706596582047038879e+01
3.706598743032354548e+01
3.706601397146609145e+01
3.706604545330781519e+01
3.706608188478642063e+01
3.706612327435482968e+01
3.706616962996358922e+01
3.706622095905007797e+01
3.706627726854234339e+01
3.706633856487948009e+01
3.706640485403684693e+01
3.706647614154839943e+01
3.706655243252509280e+01
3.706663373165866204e+01
3.706672004319812430e+01
3.706681137089897504e+01
3.706690771796466777e+01
3.706700908701035502e+01
3.706711548005403500e+01
3.706722689850952435e+01
3.706734334317172852e+01
3.706746481420670136e+01
3.706759131114463202e+01
3.706772283286799308e+01
3.706785937761133454e+01
3.706800094298738202e+01
3.706814752602382157e+01
3.706829912319233244e+01
3.706845573042779307e+01
3.706861734313978474e+01
3.706878395621135525e+01
3.706895556397635971e+01
3.706913216019192703e+01
3.706931373805085173e+01
3.706950029024366700e+01
3.706969180902753180e+01
3.706988828626778343e+01
3.707008971345231885e+01
3.707029608168927837e+01
3.707050738169509430e+01
3.707072360377465259e+01
3.707094473779563515e+01
3.707117077316384979e+01
3.707140169880729275e+01
3.707163750317091200e+01
3.707187817421920073e+01
3.707212369944068087e+01
3.707237406584556538e+01
3.707262925995176062e+01
3.707288926776401183e+01
3.707315407475207536e+01
3.707342366582597748e+01
3.707369802530926250e+01
3.707397713692203922e+01
3.707426098378153512e+01
3.707454954841235661e+01
3.707484281274994942e+01
3.707514075812164833e+01
3.707544336520433603e+01
3.707575061398402028e+01
3.707606248373881641e+01
3.707637895303165720e+01
3.707669999970005392e+01
3.707702560085363785e+01
3.707735573286980468e+01
3.707769037135421542e+01
3.707802949106917367e+01
3.707837306587759940e+01
3.707872106873858087e+01
3.707907347174580082e+01
3.707943024616111671e+01
3.707979136239450213e+01
3.708015678994603803e+01
3.708052649739462936e+01
3.708090045250649780e+01
3.708127862243728856e+01
3.708166097392041394e+01
3.708204747338530893e+01
3.708243808705037736e+01
3.708283278103925085e+01
3.708323152147661972e+01
3.708363427447887517e+01
3.708404100605508802e+01
3.708445168201578213e+01
3.708486626793529695e+01
3.708528472914723295e+01
3.708570703075066177e+01
3.708613313763377306e+01
3.708656301452391801e+01
3.708699662604438885e+01
3.708743393677122668e+01
3.708787491131536029e+01
3.708831951442807906e+01
3.708876771108608494e+01
3.708921946654338342e+01
3.708967474639586470e+01
3.709013351668482272e+01
3.709059574401121040e+01
3.709106139563132132e+01
3.709153043952331075e+01
3.709200284442542284e+01
3.709247857986642316e+01
3.709295761621456933e+01
3.709343992475185559e+01
3.709392547775411231e+01
3.709441424855553748e+01
3.709490621159468304e+01
3.709540134243999177e+01
3.709589961778417688e+01
3.709640101540932733e+01
3.709690551415012294e+01
3.709741309388232366e+01
3.709792373553756306e+01
3.709843742112984444e+01
3.709895413377324047e+01
3.709947385766940897e+01
3.709999657806196893e+01
3.710052228116948214e+01
3.710105095410276022e+01
3.710158258477545701e+01
3.710211716183308539e+01
3.710265467461906752e+01
3.710319511316416197e+01
3.710373846817199706e+01
3.710428473098995283e+01
3.710483389357522555e+01
3.710538594847351135e+01
3.710594088881424568e+01
3.710649870830390995e+01
3.710705940120956114e+01
3.710762296235702706e+01
3.710818938715628690e+01
3.710875867162496888e+01
3.710933081237382680e+01
3.710990580654644333e+01
3.711048365173260777e+01
3.711106434587779290e+01
3.711164788720434160e+01
3.711223427416963716e+01
3.711282350547786990e+01
3.711341558011806541e+01
3.711401049738658031e+01
3.711460825688321563e+01
3.711520885849280660e+01
3.711581230236765805e+01
3.711641858892863866e+01
3.711702771888561614e+01
3.711763969325601664e+01
3.711825451336678583e+01
3.711887218084174123e+01
3.711949269758017778e+01
3.712011606573739186e+01
3.712074228771492557e+01
3.712137136614989430e+01
3.712200330389156022e+01
3.712263810397505637e+01
3.712327576960969822e+01
3.712391630418865418e+01
3.712455971131431198e+01
3.712520599482257921e+01
3.712585515878772213e+01
3.712650720749993383e+01
3.712716214542633963e+01
3.712781997718563076e+01
3.712848070755967456e+01
3.712914434152564525e+01
3.712981088427348908e+01
3.713048034118930474e+01
3.713115271779197002e+01
3.713182801962783230e+01
3.713250625217621348e+01
3.713318742082978474e+01
3.713387153095198556e+01
3.713455858794610265e+01
3.713524859727756677e+01
3.713594156445243755e+01
3.713663749499001199e+01
3.713733639440619072e+01
3.713803826819675891e+01
3.713874312181978610e+01
3.713945096068476204e+01
3.714016179013786001e+01
3.714087561542967109e+01
3.714159244167222340e+01
3.714231227380083311e+01
3.714303511655156598e+01
3.714376097446690750e+01
3.714448985194047737e+01
3.714522175327722664e+01
3.714595668271274320e+01
3.714669464436636304e+01
3.714743564217182126e+01
3.714817967983616143e+01
3.714892676081812795e+01
3.714967688828998860e+01
3.715043006507112011e+01
3.715118629355278301e+01
3.715194557563852840e+01
3.715270791270791761e+01
3.715347330561925787e+01
3.715424175476298529e+01
3.715501326012763172e+01
3.715578782132788405e+01
3.715656543759072150e+01
3.715734610772884849e+01
3.715812983011810644e+01
3.715891660266796492e+01
3.715970642277454061e+01
3.716049928727161955e+01
3.716129519240801926e+01
3.716209413385605842e+01
3.716289610673860011e+01
3.716370110567553553e+01
3.716450912483998792e+01
3.716532015799213440e+01
3.716613419848185629e+01
3.716695123923185662e+01
3.716777127270329828e+01
3.716859429085653943e+01
3.716942028513522445e+01
3.717024924647769524e+01
3.717108116533223239e+01
3.717191603166163105e+01
3.717275383493799268e+01
3.717359456412878416e+01
3.717443820767308438e+01
3.717528475345110195e+01
3.717613418874774567e+01
3.717698650020554396e+01
3.717784167377755011e+01
3.717869969471139058e+01
3.717956054757326001e+01
3.718042421627482952e+01
3.718129068406313564e+01
3.718215993346760939e+01
3.718303194620715857e+01
3.718390670306413170e+01
3.718478418377582528e+01
3.718566436700775313e+01
3.718654723041562704e+01
3.718743275075307508e+01
3.718832090397353340e+01
3.718921166528825495e+01
3.719010500919515039e+01
3.719100090955044635e+01
3.719189933972413797e+01
3.719280027278752243e+01
3.719370368165992602e+01
3.719460953919396218e+01
3.719551781821503766e+01
3.719642849153552788e+01
3.719734153195724957e+01
3.719825691226031950e+01
3.719917460515495833e+01
3.720009458317097994e+01
3.720101681850437814e+01
3.720194128288636648e+01
3.720286794752055215e+01
3.720379678307759264e+01
3.720472775971519042e+01
3.720566084710782206e+01
3.720659601448231513e+01
3.720753323065532214e+01
3.720847246406791697e+01
3.720941368281047090e+01
3.721035685464062936e+01
3.721130194701009941e+01
3.721224892710507959e+01
3.721319776189641715e+01
3.721414841820338637e+01
3.721510086276818186e+01
3.721605506232653937e+01
3.721701098366272475e+01
3.721796859366654786e+01
3.721892785943992266e+01
3.721988874844543460e+01
3.722085122862466733e+01
3.722181526845997723e+01
3.722278083701005613e+01
3.722374790395515021e+01
3.722471643967156041e+01
3.722568641531292144e+01
3.722665780286520487e+01
3.722763057516564089e+01
3.722860470586031312e+01
3.722958016927597669e+01
3.723055694027149087e+01
3.723153499419048273e+01
3.723251430693778730e+01
3.723349485509478995e+01
3.723447661602799030e+01
3.723545956798387380e+01
3.723644369010204258e+01
3.723742896229189370e+01
3.723841536509178951e+01
3.723940287969576701e+01
3.724039148812248357e+01
3.724138117335296272e+01
3.724237191938459546e+01
3.724336371125001222e+01
3.724435653501267041e+01
3.724535037772727009e+01
3.724634522735740205e+01
3.724734107264538352e+01
3.724833790295581792e+01
3.724933570813477957e+01
3.725033447841473588e+01
3.725133420435842169e+01
3.725233487681541078e+01
3.725333648691277943e+01
3.725433902612657988e+01
3.725534248639814905e+01
3.725634686020366360e+01
3.725735214055940503e+01
3.725835832103089018e+01
3.725936539579170415e+01
3.726037335970278264e+01
3.726138220837806614e+01
3.726239193824136464e+01
3.726340254658225604e+01
3.726441403160322352e+01
3.726542639244047450e+01
3.726643962914485542e+01
3.726745374262473831e+01
3.726846873456648268e+01
3.726948460735593471e+01
3.727050136401353342e+01
3.727151900813132102e+01
3.727253754379541562e+01
3.727355697549771207e+01
3.727457730805637937e+01
3.727559854655776661e+01
3.727662069631387709e+01
3.727764376281892567e+01
3.727866775170000579e+01
3.727969266867847153e+01
3.728071851955471061e+01
3.728174531020751203e+01
3.728277304660027625e+01
3.728380173479789050e+01
3.728483138099048944e+01
3.728586199151035174e+01
3.728689357283708716e+01
3.728792613159607328e+01
3.728895967455194693e+01
3.728999420859821612e+01
3.729102974075082955e+01
3.729206627815235464e+01
3.729310382808403546e+01
3.729414239797781505e+01
3.729518199542344092e+01
3.729622262817567702e+01
3.729726430417112937e+01
3.729830703155395355e+01
3.729935081869952995e+01
3.730039567422843305e+01
3.730144160700771749e+01
3.730248862613565564e+01
3.730353674090990523e+01
3.730458596079278522e+01
3.730563629538913517e+01
3.730668775443692908e+01
3.730774034779882697e+01
3.730879408544783615e+01
3.730984897745692308e+01
3.731090503400612590e+01
3.731196226539847771e+01
3.731302068206123579e+01
3.731408029452673958e+01
3.731514111340833750e+01
3.731620314938705718e+01
3.731726641320992144e+01
3.731833091569417604e+01
3.731939666773924813e+01
3.732046368034750827e+01
3.732153196464889078e+01
3.732260153193333707e+01
3.732367239369199297e+01
3.732474456165155630e+01
3.732581804779018597e+01
3.732689286433677722e+01
3.732796902376150427e+01
3.732904653876926915e+01
3.733012542230191144e+01
3.733120568753948021e+01
3.733228734788975345e+01
3.733337041697197378e+01
3.733445490860442817e+01
3.733554083679106839e+01
3.733662821569838997e+01
3.733771705962647758e+01
3.733880738298683610e+01
3.733989920029390674e+01
3.734099252616139353e+01
3.734208737528982880e+01
3.734318376244641513e+01
3.734428170244962786e+01
3.734538121016461076e+01
3.734648230049953099e+01
3.734758498838628071e+01
3.734868928873984828e+01
3.734979521640885025e+01
3.735090278613679260e+01
3.735201201253892123e+01
3.735312291008294494e+01
3.735423549306980817e+01
3.735534977563094117e+01
3.735646577175968019e+01
3.735758349536794753e+01
3.735870296033617421e+01
3.735982418053491472e+01
3.736094716982407959e+01
3.736207194204631321e+01
3.736319851102915379e+01
3.736432689060469414e+01
3.736545709463999287e+01
3.736658913705963414e+01
3.736772303185081512e+01
3.736885879305766167e+01
3.736999643477268762e+01
3.737113597111547136e+01
3.737227741618321630e+01
3.737342078398074818e+01
3.737456608835253036e+01
3.737571334292336900e+01
3.737686256104504423e+01
3.737801375575455154e+01
3.737916693974796090e+01
3.738032212535817678e+01
3.738147932452780964e+01
3.738263854879471637e+01
3.738379980930968571e+01
3.738496311685895535e+01
3.738612848184392590e+01
3.738729591422868026e+01
3.738846542350698599e+01
3.738963701870439849e+01
3.739081070840368426e+01
3.739198650079269015e+01
3.739316440373168859e+01
3.739434442482943410e+01
3.739552657152220405e+01
3.739671085115672611e+01
3.739789727108570361e+01
3.739908583877704729e+01
3.740027656191137595e+01
3.740146944843958465e+01
3.740266450660242015e+01
3.740386174493738736e+01
3.740506117228466110e+01
3.740626279778332020e+01
3.740746663086163437e+01
3.740867268123911771e+01
3.740988095894898890e+01
3.741109147438598370e+01
3.741230423838043606e+01
3.741351926228309566e+01
3.741473655804117726e+01
3.741595613825101907e+01
3.741717801617077299e+01
3.741840220569903153e+01
3.741962872134759266e+01
3.742085757819766911e+01
3.742208879180448378e+01
3.742332237807063677e+01
3.742455835311367451e+01
3.742579673312874888e+01
3.742703753432827796e+01
3.742828077301888356e+01
3.742952646570566344e+01
3.743077462910677866e+01
3.743202528008921348e+01
3.743327843558788004e+01
3.743453411256084706e+01
3.743579232799712031e+01
3.743705309894291133e+01
3.743831644250945345e+01
3.743958237586515736e+01
3.744085091622684303e+01
3.744212208084607596e+01
3.744339588698282739e+01
3.744467235187135401e+01
3.744595149268315737e+01
3.744723332647625114e+01
3.744851787011530320e+01
3.744980514016924644e+01
3.745109515282066326e+01
3.745238792381406512e+01
3.745368346844225016e+01
3.745498180155105672e+01
3.745628293753833304e+01
3.745758689033732480e+01
3.745889367339123766e+01
3.746020329962686901e+01
3.746151578143113170e+01
3.746283113061883085e+01
3.746414935837800186e+01
3.746547047522109608e+01
3.746679449098100179e+01
3.746812141483624714e+01
3.746945125532647580e+01
3.747078402034841815e+01
3.747211971714214940e+01
3.747345835228215805e+01
3.747479993167920753e+01
3.747614446057626481e+01
3.747749194352598323e+01
3.747884238436130744e+01
3.748019578617095959e+01
3.748155215127594886e+01
3.748291148120112126e+01
3.748427377664285132e+01
3.748563903743772130e+01
3.748700726253895965e+01
3.748837845000456070e+01
3.748975259699322038e+01
3.749112969976317089e+01
3.749250975367586847e+01
3.749389275320748993e+01
3.749527869196432306e+01
3.749666756270010382e+01
3.749805935734011797e+01
3.749945406700636852e+01
3.750085168202411268e+01
3.750225219190219406e+01
3.750365558530261012e+01
3.750506185002371495e+01
3.750647097301263244e+01
3.750788294039910653e+01
3.750929773752255159e+01
3.751071534893566906e+01
3.751213575839642544e+01
3.751355894886483355e+01
3.751498490250661888e+01
3.751641360069487519e+01
3.751784502399811316e+01
3.751927915215366482e+01
3.752071596403626330e+01
3.752215543761776928e+01
3.752359754991140761e+01
3.752504227691882477e+01
3.752648959360545433e+01
3.752793947391094065e+01
3.752939189078094984e+01
3.753084681620293850e+01
3.753230422124574517e+01
3.753376407610604559e+01
3.753522635015671938e+01
3.753669101199816538e+01
3.753815802950178693e+01
3.753962736981942072e+01
3.754109899935667016e+01
3.754257288373948143e+01
3.754404898779915101e+01
3.754552727557686609e+01
3.754700771034186602e+01
3.754849025462613099e+01
3.754997487026202663e+01
3.755146151839265656e+01
3.755295015945689840e+01
3.755444075318120412e+01
3.755593325857927312e+01
3.755742763392243688e+01
3.755892383667693224e+01
3.756042182345382940e+01
3.756192154999406085e+01
3.756342297116705709e+01
3.756492604096936816e+01
3.756643071252720034e+01
3.756793693809994039e+01
3.756944466908069558e+01
3.757095385600177195e+01
3.757246444855665857e+01
3.757397639563857439e+01
3.757548964538491276e+01
3.757700414522744126e+01
3.757851984195428230e+01
3.758003668176301204e+01
3.758155461026323252e+01
3.758307357241182700e+01
3.758459351241807411e+01
3.758611437367503783e+01
3.758763609873477662e+01
3.758915862930306417e+01
3.759068190622728878e+01
3.759220586946774745e+01
3.759373045805828184e+01
3.759525561007077954e+01
3.759678126258552311e+01
3.759830735164887017e+01
3.759983381221828580e+01
3.760136057813559063e+01
3.760288758214895211e+01
3.760441475595238359e+01
3.760594203022231596e+01
3.760746933465810571e+01
3.760899659801957284e+01
3.761052374814314447e+01
3.761205071194043370e+01
3.761357741541924327e+01
3.761510378376495112e+01
3.761662974146381799e+01
3.761815521240674087e+01
3.761968011993366190e+01
3.762120438681951384e+01
3.762272793522018333e+01
3.762425068660488137e+01
3.762577256170216344e+01
3.762729348047219702e+01
3.762881336210149641e+01
3.763033212501124325e+01
3.763184968687536980e+01
3.763336596465038042e+01
3.763488087462066289e+01
3.763639433246045485e+01
3.763790625330452855e+01
3.763941655182082968e+01
3.764092514228995867e+01
3.764243193868463067e+01
3.764393685472771978e+01
3.764543980393182210e+01
3.764694069963875478e+01
3.764843945504451739e+01
3.764993598317161627e+01
3.765143019678004066e+01
3.765292200824705304e+01
3.765441132945284153e+01
3.765589807168957037e+01
3.765738214559278418e+01
3.765886346109625293e+01
3.766034192741894060e+01
3.766181745308023920e+01
3.766328994591030721e+01
3.766475931303806135e+01
3.766622546091318213e+01
3.766768829541784669e+01
3.766914772202709116e+01
3.767060364594972555e+01
3.767205597223225055e+01
3.767350460583060112e+01
3.767494945165466902e+01
3.767639041461568894e+01
3.767782739974479966e+01
3.767926031241287887e+01
3.768068905857087003e+01
3.768211354490437515e+01
3.768353367888011718e+01
3.768494936872036760e+01
3.768636052334226605e+01
3.768776705229230828e+01
3.768916886569349600e+01
3.769056587419736104e+01
3.769195798892233285e+01
3.769334512137076132e+01
3.769472718334098005e+01
3.769610408687939440e+01
3.769747574429389658e+01
3.769884206817606298e+01
3.770020297136007059e+01
3.770155836682023676e+01
3.770290816758314634e+01
3.770425228670707440e+01
3.770559063729153593e+01
3.770692313244209259e+01
3.770824968518351028e+01
3.770957020841969154e+01
3.771088461502612432e+01
3.771219281798998679e+01
3.771349473041497191e+01
3.771479026534484547e+01
3.771607933554909664e+01
3.771736185342250280e+01
3.771863773100360362e+01
3.771990688002236425e+01
3.772116921192935024e+01
3.772242463791423717e+01
3.772367306892036964e+01
3.772491441565158254e+01
3.772614858857026832e+01
3.772737549788178768e+01
3.772859505349846643e+01
3.772980716500066478e+01
3.773101174162803773e+01
3.773220869230884489e+01
3.773339792570578055e+01
3.773457935025699328e+01
3.773575287420832325e+01
3.773691840564164579e+01
3.773807585250030172e+01
3.773922512261556506e+01
3.774036612374084854e+01
3.774149876358111300e+01
3.774262294980276522e+01
3.774373859005526555e+01
3.774484559204731937e+01
3.774594386366785415e+01
3.774703331310996646e+01
3.774811384896759137e+01
3.774918538029128712e+01
3.775024781658265738e+01
3.775130106769815796e+01
3.775234504369843336e+01
3.775337965475218027e+01
3.775440481115012403e+01
3.775542042341052706e+01
3.775642640245488479e+01
3.775742265979339152e+01
3.775840910762855884e+01
3.775938565886048082e+01
3.776035222704634009e+01
3.776130872635892644e+01
3.776225507157056427e+01
3.776319117807204861e+01
3.776411696191108547e+01
3.776503233982400332e+01
3.776593722926542540e+01
3.776683154849457935e+01
3.776771521673357768e+01
3.776858815430827576e+01
3.776945028270824878e+01
3.777030152460006462e+01
3.777114180383174613e+01
3.777197104542564432e+01
3.777278917556054694e+01
3.777359612156648438e+01
3.777439181194976925e+01
3.777517617644726045e+01
3.777594914609036891e+01
3.777671065323600175e+01
3.777746063152248013e+01
3.777819901576609851e+01
3.777892574188687291e+01
3.777964074693564811e+01
3.778034396920304516e+01
3.778103534835861410e+01
3.778171482558607863e+01
3.778238234367582749e+01
3.778303784704915813e+01
3.778368128171534579e+01
3.778431259516347751e+01
3.778493173620558565e+01
3.778553865481690366e+01
3.778613330201700649e+01
3.778671562982015786e+01
3.778728559128020947e+01
3.778784314061336147e+01
3.778838823330445251e+01
3.778892082611776715e+01
3.778944087703772681e+01
3.778994834519210855e+01
3.779044319079275738e+01
3.779092537516308425e+01
3.779139486088433131e+01
3.779185161198093823e+01
3.779229559406002892e+01
3.779272677439254124e+01
3.779314512193786157e+01
3.779355060731004556e+01
3.779394320271480012e+01
3.779432288190601241e+01
3.779468962018319189e+01
3.779504339440254057e+01
3.779538418295594226e+01
3.779571196569931146e+01
3.779602672386826612e+01
3.779632844006594183e+01
3.779661709836090466e+01
3.779689268443664929e+01
3.779715518573144806e+01
3.779740459154118781e+01
3.779764089305497521e+01
3.779786408332942216e+01
3.779807415725420583e+01
3.779827111153417718e+01
3.779845494465590150e+01
3.779862565680262065e+01
3.779878324972441561e+01
3.779892772659960798e+01
3.779905909192248004e+01
3.779917735144168489e+01
3.779928251216688295e+01
3.779937458244354076e+01
3.779945357206675993e+01
3.779951949239507769e+01
3.779957235642731206e+01
3.779961217881511715e+01
3.779963897583272114e+01
3.779965276536611185e+01
3.779965356694906831e+01
3.779964140181282062e+01
3.779961629289674363e+01
3.779957826478506178e+01
3.779952734359877553e+01
3.779946355692558058e+01
3.779938693381020443e+01
3.779929750473989714e+01
3.779919530157538077e+01
3.779908035744968942e+01
3.779895270669428697e+01
3.779881238483633865e+01
3.779865942867099449e+01
3.779849387637555225e+01
3.779831576762077106e+01
3.779812514364710552e+01
3.779792204728736493e+01
3.779770652294075006e+01
3.779747861653417829e+01
3.779723837550215393e+01
3.779698584877741041e+01
3.779672108676982845e+01
3.779644414133372265e+01
3.779615506573708217e+01
3.779585391463764665e+01
3.779554074406680542e+01
3.779521561143103270e+01
3.779487857554550345e+01
3.779452969669206652e+01
3.779416903665579497e+01
3.779379665870802540e+01
3.779341262755819741e+01
3.779301700930475505e+01
3.779260987139095107e+01
3.779219128256453075e+01
3.779176131283940521e+01
3.779132003346516910e+01
3.779086751691698964e+01
3.779040383689829952e+01
3.778992906833563836e+01
3.778944328736377400e+01
3.778894657130405221e+01
3.778843899862133071e+01
3.778792064885362834e+01
3.778739160254571061e+01
3.778685194122748925e+01
3.778630174744112225e+01
3.778574110477698156e+01
3.778517009786666137e+01
3.778458881231374278e+01
3.778399733459630028e+01
3.778339575198792488e+01
3.778278415249823752e+01
3.778216262480177079e+01
3.778153125814930036e+01
3.778089014228793019e+01
3.778023936740854793e+01
3.777957902411660029e+01
3.777890920340679060e+01
3.777822999660569536e+01
3.777754149525979699e+01
3.777684379101283696e+01
3.777613697555915451e+01
3.777542114070027424e+01
3.777469637843761774e+01
3.777396278103496741e+01
3.777322044105951449e+01
3.777246945142686485e+01
3.777170990543724116e+01
3.777094189678837921e+01
3.777016551956789669e+01
3.776938086822919161e+01
3.776858803756147154e+01
3.776778712267346094e+01
3.776697821899168872e+01
3.776616142224813899e+01
3.776533682844345208e+01
3.776450453380443406e+01
3.776366463475510216e+01
3.776281722789949669e+01
3.776196241000543097e+01
3.776110027797856361e+01
3.776023092882184784e+01
3.775935445959884618e+01
3.775847096743219566e+01
3.775758054954197718e+01
3.775668330329775557e+01
3.775577932625599686e+01
3.775486871617219009e+01
3.775395157099445953e+01
3.775302798885039124e+01
3.775209806803283641e+01
3.775116190698482654e+01
3.775021960427957168e+01
3.774927125859370136e+01
3.774831696868238140e+01
3.774735683336721337e+01
3.774639095153473534e+01
3.774541942213699741e+01
3.774444234418621846e+01
3.774345981673488382e+01
3.774247193883539353e+01
3.774147880948019207e+01
3.774048052753514071e+01
3.773947719169527915e+01
3.773846890048152147e+01
3.773745575226266169e+01
3.773643784528130851e+01
3.773541527767784487e+01
3.773438814750861070e+01
3.773335655275329970e+01
3.773232059131758831e+01
3.773128036103955907e+01
3.773023595969231536e+01
3.772918748496513786e+01
3.772813503442031902e+01
3.772707870544413566e+01
3.772601859521439138e+01
3.772495480068550222e+01
3.772388741856969574e+01
3.772281654529970751e+01
3.772174227697881577e+01
3.772066470932990256e+01
3.771958393765329731e+01
3.771850005679925033e+01
3.771741316115009823e+01
3.771632334460347380e+01
3.771523070055646087e+01
3.771413532189365014e+01
3.771303730097911711e+01
3.771193672965615207e+01
3.771083369925386108e+01
3.770972830058497749e+01
3.770862062391348957e+01
3.770751075886382608e+01
3.770639879426185814e+01
3.770528481796323206e+01
3.770416891674307891e+01
3.770305117625587599e+01
3.770193168102645842e+01
3.770081051444396536e+01
3.769968775875775435e+01
3.769856349508597049e+01
3.769743780343578976e+01
3.769631076272269610e+01
3.769518245077909313e+01
3.769405294435308917e+01
3.769292231911321522e+01
3.769179064967354265e+01
3.769065800962857793e+01
3.768952447157352026e+01
3.768839010711481308e+01
3.768725498690891840e+01
3.768611918073616351e+01
3.768498275756680016e+01
3.768384578559491871e+01
3.768270833225386696e+01
3.768157046422679457e+01
3.768043224745522934e+01
3.767929374714277913e+01
3.767815502775014380e+01
3.767701615298319950e+01
3.767587718577726719e+01
3.767473818827745902e+01
3.767359922182095033e+01
3.767246034692806234e+01
3.767132162329524903e+01
3.767018310978130557e+01
3.766904486439839417e+01
3.766790694431777098e+01
3.766676940585593769e+01
3.766563230440041821e+01
3.766449569429273225e+01
3.766335962871715992e+01
3.766222415962941739e+01
3.766108933774776801e+01
3.765995521259860368e+01
3.765882183257080840e+01
3.765768924494383185e+01
3.765655749588457013e+01
3.765542663042091931e+01
3.765429669241427035e+01
3.765316772455546612e+01
3.765203976839867295e+01
3.765091286445669283e+01
3.764978705236050871e+01
3.764866237102564384e+01
3.764753885876012873e+01
3.764641655330128600e+01
3.764529549179315637e+01
3.764417571070057988e+01
3.764305724567066136e+01
3.764194013140008366e+01
3.764082440156575160e+01
3.763971008881093638e+01
3.763859722474214919e+01
3.763748583992113339e+01
3.763637596385785145e+01
3.763526762499758149e+01
3.763416085069246719e+01
3.763305566716525874e+01
3.763195209949638098e+01
3.763085017165883528e+01
3.762974990657737351e+01
3.762865132617597652e+01
3.762755445141561950e+01
3.762645930233301073e+01
3.762536589808807719e+01
3.762427425704555617e+01
3.762318439688288407e+01
3.762209633467077197e+01
3.762101008690413551e+01
3.761992566949794536e+01
3.761884309775679469e+01
3.761776238632981517e+01
3.761668354917145507e+01
3.761560659952369434e+01
3.761453154992842229e+01
3.761345841226223996e+01
3.761238719777222883e+01
3.761131791710101169e+01
3.761025058030008950e+01
3.760918519683543337e+01
3.760812177558914016e+01
3.760706032485035166e+01
3.760600085229064860e+01
3.760494336493548673e+01
3.760388786914833048e+01
3.760283437063129952e+01
3.760178287443267209e+01
3.760073338495534756e+01
3.759968590597017624e+01
3.759864044064291733e+01
3.759759699158945523e+01
3.759655556096118545e+01
3.759551615053628382e+01
3.759447876178657566e+01
3.759344339589862471e+01
3.759241005375103128e+01
3.759137873588875323e+01
3.759034944252861266e+01
3.758932217357552474e+01
3.758829692862212113e+01
3.758727370694649750e+01
3.758625250752840685e+01
3.758523332908006864e+01
3.758421617008087878e+01
3.758320102880823299e+01
3.758218790335860149e+01
3.758117679165493286e+01
3.758016769143559088e+01
3.757916060022181171e+01
3.757815551526962849e+01
3.757715243352271273e+01
3.757615135158665254e+01
3.757515226573543288e+01
3.757415517193730636e+01
3.757316006587294765e+01
3.757216694293308024e+01
3.757117579820151576e+01
3.757018662642944662e+01
3.756919942199899509e+01
3.756821417887312720e+01
3.756723089054849396e+01
3.756624955004232902e+01
3.756527014991933555e+01
3.756429268233802787e+01
3.756331713909411718e+01
3.756234351163568874e+01
3.756137179105009949e+01
3.756040196806941367e+01
3.755943403312350881e+01
3.755846797640591461e+01
3.755750378789188915e+01
3.755654145728436077e+01
3.755558097393362971e+01
3.755462232679794710e+01
3.755366550444501428e+01
3.755271049504958114e+01
3.755175728639105159e+01
3.755080586588417901e+01
3.754985622065070316e+01
3.754890833764645919e+01
3.754796220383045124e+01
3.754701780629194729e+01
3.754607513228704363e+01
3.754513416922358005e+01
3.754419490464993459e+01
3.754325732627012968e+01
3.754232142197160726e+01
3.754138717983349949e+01
3.754045458808521118e+01
3.753952363501049660e+01
3.753859430882517501e+01
3.753766659754905533e+01
3.753674048886999515e+01
3.753581597002654746e+01
3.753489302775482628e+01
3.753397164830651889e+01
3.753305181751658637e+01
3.753213352089036192e+01
3.753121674366835947e+01
3.753030147085006973e+01
3.752938768722074059e+01
3.752847537744825246e+01
3.752756452624039696e+01
3.752665511848365298e+01
3.752574713931378625e+01
3.752484057411040652e+01
3.752393540843121400e+01
3.752303162792082958e+01
3.752212921822067671e+01
3.752122816489634261e+01
3.752032845340782075e+01
3.751943006913523959e+01
3.751853299742220571e+01
3.751763722358590769e+01
3.751674273292732664e+01
3.751584951083099639e+01
3.751495754295342522e+01
3.751406681539984334e+01
3.751317731483078433e+01
3.751228902852093228e+01
3.751140194439754794e+01
3.751051605106425058e+01
3.750963133781799286e+01
3.750874779466600728e+01
3.750786541233595273e+01
3.750698418226951958e+01
3.750610409658968081e+01
3.750522514802808871e+01
3.750434732981923958e+01
3.750347063559764393e+01
3.750259505932805837e+01
3.750172059526890678e+01
3.750084723795020381e+01
3.749997498215549285e+01
3.749910382291051292e+01
3.749823375547191517e+01
3.749736477530034762e+01
3.749649687802580189e+01
3.749563005942555094e+01
3.749476431541189214e+01
3.749389964201496639e+01
3.749303603535881280e+01
3.749217349164319302e+01
3.749131200714497680e+01
3.749045157822531849e+01
3.748959220131541059e+01
3.748873387287982695e+01
3.748787658937111189e+01
3.748702034718729692e+01
3.748616514264789856e+01
3.748531097199717976e+01
3.748445783142791754e+01
3.748360571710318112e+01
3.748275462514695278e+01
3.748190455159770806e+01
3.748105549235130951e+01
3.748020744311848773e+01
3.747936039940083930e+01
3.747851435647657325e+01
3.747766930938526286e+01
3.747682525290969835e+01
3.747598218156450400e+01
3.747514008959846876e+01
3.747429897099974028e+01
3.747345881948739077e+01
3.747261962849713512e+01
3.747178139118656759e+01
3.747094410045492907e+01
3.747010774894152974e+01
3.746927232899881943e+01
3.746843783269461881e+01
3.746760425190111476e+01
3.746677157845396522e+01
3.746593980429680215e+01
3.746510892155555439e+01
3.746427892255633196e+01
3.746344979981599721e+01
3.746262154601132721e+01
3.746179415391989664e+01
3.746096761634148464e+01
3.746014192602730475e+01
3.745931707563742208e+01
3.745849305772552640e+01
3.745766986473334725e+01
3.745684748896374572e+01
3.745602592250499185e+01
3.745520515712591703e+01
3.745438518419239671e+01
3.745356599463067937e+01
3.745274757894227946e+01
3.745192992725981185e+01
3.745111302940965459e+01
3.745029687495799919e+01
3.744948145323648703e+01
3.744866675334543515e+01
3.744785276414246056e+01
3.744703947423592183e+01
3.744622687199496625e+01
3.744541494556835204e+01
3.744460368289446706e+01
3.744379307169284488e+01
3.744298309944985448e+01
3.744217375343066578e+01
3.744136502072534256e+01
3.744055688828515827e+01
3.743974934290826440e+01
3.743894237120395019e+01
3.743813595962992480e+01
3.743733009466699713e+01
3.743652476306382226e+01
3.743571995200765201e+01
3.743491564915387215e+01
3.743411184255221968e+01
3.743330852052045543e+01
3.743250567149851804e+01
3.743170328392993440e+01
3.743090134621245824e+01
3.743009984674701940e+01
3.742929877411628325e+01
3.742849811736351029e+01
3.742769786625681405e+01
3.742689801144626216e+01
3.742609854451965390e+01
3.742529945801940983e+01
3.742450074547492989e+01
3.742370240146718174e+01
3.742290442170885711e+01
3.742210680310500948e+01
3.742130954375334539e+01
3.742051264288117096e+01
3.741971610077455068e+01
3.741891991875616696e+01
3.741812409921578819e+01
3.741732864564463057e+01
3.741653356261712560e+01
3.741573885572103109e+01
3.741494453148560950e+01
3.741415059732543114e+01
3.741335706146849560e+01
3.741256393285329551e+01
3.741177122103844965e+01
3.741097893619813419e+01
3.741018708922459268e+01
3.740939569188813607e+01
3.740860475700986143e+01
3.740781429862847318e+01
3.740702433213202482e+01
3.740623487433123984e+01
3.740544594346756924e+01
3.740465755915013091e+01
3.740386974222347760e+01
3.740308251456428223e+01
3.740229589881369066e+01
3.740150991811556480e+01
3.740072459593358900e+01
3.739993995595117582e+01
3.739915602206102108e+01
3.739837281845497330e+01
3.739759036975186746e+01
3.739680870106889898e+01
3.739602783800238228e+01
3.739524780657344394e+01
3.739446863321462189e+01
3.739369034480713339e+01
3.739291296873370385e+01
3.739213653291681538e+01
3.739136106582086683e+01
3.739058659642321913e+01
3.738981315418129014e+01
3.738904076901037143e+01
3.738826947127804345e+01
3.738749929182095144e+01
3.738673026196936888e+01
3.738596241356986383e+01
3.738519577904393998e+01
3.738443039149541391e+01
3.738366628479831633e+01
3.738290349361758302e+01
3.738214205337804685e+01
3.738138200019749036e+01
3.738062337079918507e+01
3.737986620242730851e+01
3.737911053276636153e+01
3.737835639986340652e+01
3.737760384207568620e+01
3.737685289805620670e+01
3.737610360675589050e+01
3.737535600740817898e+01
3.737461013947955735e+01
3.737386604260058220e+01
3.737312375650759577e+01
3.737238332100594818e+01
3.737164477594188128e+01
3.737090816117448355e+01
3.737017351655152453e+01
3.736944088189596158e+01
3.736871029700322566e+01
3.736798180163842176e+01
3.736725543552777395e+01
3.736653123835485246e+01
3.736580924976269813e+01
3.736508950933060191e+01
3.736437205649923499e+01
3.736365693047339676e+01
3.736294417015299274e+01
3.736223381409323707e+01
3.736152590046292232e+01
3.736082046699191039e+01
3.736011755092064845e+01
3.735941718896226860e+01
3.735871941727937440e+01
3.735802427146949611e+01
3.735733178655744524e+01
3.735664199701196964e+01
3.735595493679360146e+01
3.735527063939956349e+01
3.735458913787456936e+01
3.735391046479242760e+01
3.735323465222201378e+01
3.735256173167964988e+01
3.735189173406779162e+01
3.735122468961373698e+01
3.735056062782879849e+01
3.734989957749080958e+01
3.734924156663544892e+01
3.734858662255140871e+01
3.734793477179116650e+01
3.734728604020219223e+01
3.734664045296305801e+01
3.734599803459999379e+01
3.734535880897333016e+01
3.734472279924533211e+01
3.734409002784616405e+01
3.734346051644565279e+01
3.734283428593378318e+01
3.734221135640614619e+01
3.734159174714637430e+01
3.734097547659887084e+01
3.734036256231910045e+01
3.733975302089472592e+01
3.733914686785787040e+01
3.733854411763153536e+01
3.733794478353931368e+01
3.733734887786381762e+01
3.733675641192062500e+01
3.733616739613619728e+01
3.733558184013548953e+01
3.733499975284612304e+01
3.733442114262595624e+01
3.733384601743148323e+01
3.733327438503503970e+01
3.733270625321172531e+01
3.733214162977341033e+01
3.733158052246054837e+01
3.733102293883002432e+01
3.733046888623463389e+01
3.732991837188626505e+01
3.732937140292010270e+01
3.732882798634580013e+01
3.732828812886030789e+01
3.732775183665393826e+01
3.732721911534395787e+01
3.732668997002025435e+01
3.732616440531727875e+01
3.732564242547621802e+01
3.732512403439454118e+01
3.732460923566478073e+01
3.732409803262989811e+01
3.732359042847664909e+01
3.732308642634349383e+01
3.732258602941200820e+01
3.732208924097780312e+01
3.732159606451460121e+01
3.732110650374126948e+01
3.732062056268396333e+01
3.732013824572263871e+01
3.731965955763372733e+01
3.731918450365416362e+01
3.731871308956303324e+01
3.731824532174562137e+01
3.731778120722430714e+01
3.731732075366714696e+01
3.731686396938464156e+01
3.731641086332462720e+01
3.731596144506909951e+01
3.731551572483198953e+01
3.731507371346864943e+01
3.731463542249696985e+01
3.731420086409907810e+01
3.731377005108985401e+01
3.731334299688060696e+01
3.731291971546121999e+01
3.731250022139788314e+01
3.731208452983284474e+01
3.731167265648108611e+01
3.731126461763978597e+01
3.731086043021134913e+01
3.731046011170210619e+01
3.731006368017129660e+01
3.730967115415575108e+01
3.730928255260907633e+01
3.730889789487407882e+01
3.730851720069502875e+01
3.730814049025335066e+01
3.730776778417793338e+01
3.730739910349605282e+01
3.730703446953845770e+01
3.730667390384649451e+01
3.730631742811903706e+01
3.730596506418969227e+01
3.730561683400595285e+01
3.730527275960340461e+01
3.730493286307999057e+01
3.730459716657706792e+01
3.730426569226920464e+01
3.730393846234814959e+01
3.730361549899122053e+01
3.730329682432964944e+01
3.730298246044714006e+01
3.730267242942809958e+01
3.730236675343215325e+01
3.730206545475115121e+01
3.730176855584077344e+01
3.730147607934734566e+01
3.730118804814139111e+01
3.730090448534438963e+01
3.730062541431950507e+01
3.730035085862427735e+01
3.730008084196430218e+01
3.729981538818879727e+01
3.729955452133387439e+01
3.729929826565314244e+01
3.729904664553243521e+01
3.729879968527195189e+01
3.729855740884512016e+01
3.729831983973237186e+01
3.729808700084557671e+01
3.729785891451572866e+01
3.729763560250500376e+01
3.729741708601294903e+01
3.729720338566416871e+01
3.729699452148141603e+01
3.729679051287418901e+01
3.729659137867904661e+01
3.729639713724367311e+01
3.729620780651290346e+01
3.729602340409333294e+01
3.729584394729548791e+01
3.729566945315165327e+01
3.729549993841516908e+01
3.729533541957239606e+01
3.729517591288875877e+01
3.729502143446454454e+01
3.729487200027119087e+01
3.729472762617194803e+01
3.729458832793969236e+01
3.729445412127270032e+01
3.729432502181046516e+01
3.729420104515534007e+01
3.729408220689613529e+01
3.729396852262384954e+01
3.729386000792895572e+01
3.729375667836458064e+01
3.729365854938139790e+01
3.729356563626932797e+01
3.729347795412362387e+01
3.729339551782355500e+01
3.729331834201016704e+01
3.729324644105425079e+01
3.729317982901164896e+01
3.729311851957370294e+01
3.729306252602058436e+01
3.729301186116880729e+01
3.729296653730506250e+01
3.729292656612005885e+01
3.729289195865307249e+01
3.729286272524038992e+01
3.729283887546078802e+01
3.729282041807911696e+01
3.729280736099565274e+01
3.729279971121691517e+01
3.729279747486251750e+01
3.729280065719535031e+01
3.729280926263719209e+01
3.729282329475603319e+01
3.729284275624657852e+01
3.729286764892147232e+01
3.729289797371123427e+01
3.729293373066621342e+01
3.729297491897305150e+01
3.729302153701605249e+01
3.729307358248130555e+01
3.729313105245109483e+01
3.729319394344867789e+01
3.729326225144593110e+01
3.729333597185744509e+01
3.729341509952092792e+01
3.729349962864153412e+01
3.729358955267684905e+01
3.729368486418962902e+01
3.729378555473566337e+01
3.729389161481587678e+01
3.729400303387520665e+01
3.729411980032484308e+01
3.729424190157030949e+01
3.729436932402782645e+01
3.729450205311537303e+01
3.729464007323297636e+01
3.729478336776545433e+01
3.729493191910653849e+01
3.729508570866743611e+01
3.729524471684734266e+01
3.729540892298257404e+01
3.729557830531125973e+01
3.729575284097987975e+01
3.729593250608295563e+01
3.729611727569783852e+01
3.729630712389612768e+01
3.729650202375702861e+01
3.729670194740791800e+01
3.729690686607474959e+01
3.729711675010023697e+01
3.729733156892500290e+01
3.729755129108045963e+01
3.729777588423132784e+01
3.729800531526393570e+01
3.729823955041639749e+01
3.729847855545846613e+01
3.729872229590547050e+01
3.729897073722152356e+01
3.729922384497210430e+01
3.729948158490448407e+01
3.729974392293955532e+01
3.730001082507499888e+01
3.730028225726019997e+01
3.730055818534611944e+01
3.730083857514140533e+01
3.730112339251520126e+01
3.730141260350774246e+01
3.730170617442637138e+01
3.730200407185090938e+01
3.730230626248417991e+01
3.730261271290217451e+01
3.730292338934511776e+01
3.730323825762931733e+01
3.730355728314473396e+01
3.730388043089637762e+01
3.730420766560805390e+01
3.730453895188157531e+01
3.730487425431805093e+01
3.730521353752223490e+01
3.730555676602988768e+01
3.730590390425372505e+01
3.730625491647796821e+01
3.730660976687632058e+01
3.730696841954554088e+01
3.730733083855355403e+01
3.730769698798568612e+01
3.730806683198110107e+01
3.730844033476338950e+01
3.730881746067604610e+01
3.730919817423449558e+01
3.730958244017808312e+01
3.730997022349483672e+01
3.731036148942670394e+01
3.731075620348354249e+01
3.731115433147758154e+01
3.731155583956766009e+01
3.731196069429554996e+01
3.731236886260192875e+01
3.731278031181603438e+01
3.731319500962672464e+01
3.731361292405361496e+01
3.731403402342989040e+01
3.731445827639772972e+01
3.731488565191543216e+01
3.731531611927140091e+01
3.731574964809222195e+01
3.731618620833616973e+01
3.731662577027593386e+01
3.731706830448141687e+01
3.731751378181028400e+01
3.731796217340819766e+01
3.731841345072182037e+01
3.731886758552340666e+01
3.731932454993349069e+01
3.731978431642991012e+01
3.732024685784321605e+01
3.732071214734229869e+01
3.732118015841907521e+01
3.732165086488677019e+01
3.732212424090159431e+01
3.732260026100100703e+01
3.732307890013604634e+01
3.732356013367937919e+01
3.732404393740897319e+01
3.732453028748297896e+01
3.732501916041951517e+01
3.732551053306669786e+01
3.732600438253949449e+01
3.732650068614495353e+01
3.732699942133856297e+01
3.732750056570986175e+01
3.732800409696407939e+01
3.732850999288926630e+01
3.732901823132722541e+01
3.732952879016298198e+01
3.733004164731622865e+01
3.733055678071030314e+01
3.733107416822659275e+01
3.733159378766573866e+01
3.733211561671566869e+01
3.733263963291958731e+01
3.733316581365278353e+01
3.733369413611499255e+01
3.733422457732665123e+01
3.733475711412318532e+01
3.733529172316104905e+01
3.733582838095189516e+01
3.733636706392999116e+01
3.733690774853219807e+01
3.733745041125754227e+01
3.733799502869460696e+01
3.733854157752753622e+01
3.733909003453123887e+01
3.733964037655985635e+01
3.734019258052934020e+01
3.734074662339225625e+01
3.734130248210476566e+01
3.734186013358969092e+01
3.734241955469381224e+01
3.734298072213729824e+01
3.734354361246705167e+01
3.734410820202563031e+01
3.734467446693187753e+01
3.734524238306443777e+01
3.734581192604724009e+01
3.734638307124279777e+01
3.734695579375517838e+01
3.734753006843205014e+01
3.734810586985405934e+01
3.734868317231248369e+01
3.734926194977718694e+01
3.734984217585089539e+01
3.735042382371862146e+01
3.735100686611362164e+01
3.735159127530776146e+01
3.735217702311446430e+01
3.735276408089172406e+01
3.735335241954411600e+01
3.735394200952865873e+01
3.735453282086078275e+01
3.735512482311334992e+01
3.735571798542258648e+01
3.735631227652513076e+01
3.735690766481948089e+01
3.735750411840983531e+01
3.735810160509936395e+01
3.735870009233662614e+01
3.735929954714845280e+01
3.735989993609418036e+01
3.736050122525789163e+01
3.736110338028647249e+01
3.736170636647533883e+01
3.736231014887756885e+01
3.736291469240331509e+01
3.736351996190847302e+01
3.736412592228239049e+01
3.736473253851998777e+01
3.736533977576169718e+01
3.736594759930228093e+01
3.736655597457819056e+01
3.736716486714811225e+01
3.736777424268228032e+01
3.736838406696638515e+01
3.736899430591429194e+01
3.736960492558165470e+01
3.737021589217572881e+01
3.737082717205340998e+01
3.737143873169302566e+01
3.737205053764564155e+01
3.737266255651463354e+01
3.737327475499759544e+01
3.737388709996231739e+01
3.737449955851503347e+01
3.737511209803646040e+01
3.737572468614478538e+01
3.737633729052720355e+01
3.737694987863986285e+01
3.737756241738647134e+01
3.737817487290888607e+01
3.737878721052572928e+01
3.737939939475972295e+01
3.738001138937566026e+01
3.738062315745155928e+01
3.738123466162220154e+01
3.738184586447756885e+01
3.738245672889503624e+01
3.738306721822152667e+01
3.738367729638168413e+01
3.738428692796458108e+01
3.738489607832211448e+01
3.738550471367913275e+01
3.738611280120355929e+01
3.738672030900547583e+01
3.738732720610205718e+01
3.738793346241568116e+01
3.738853904882458323e+01
3.738914393722036067e+01
3.738974810052360453e+01
3.739035151265761669e+01
3.739095414848900134e+01
3.739155598368456168e+01
3.739215699447456842e+01
3.739275715750087414e+01
3.739335644993872165e+01
3.739395484980844486e+01
3.739455233623953490e+01
3.739514888957781125e+01
3.739574449136600975e+01
3.739633912427170515e+01
3.739693277203380717e+01
3.739752541942462472e+01
3.739811705214563631e+01
3.739870765665423136e+01
3.739929722007600787e+01
3.739988573028769281e+01
3.740047317603697508e+01
3.740105954696496582e+01
3.740164483355465563e+01
3.740222902709295738e+01
3.740281211969904263e+01
3.740339410437211143e+01
3.740397497493984247e+01
3.740455472589187025e+01
3.740513335224058977e+01
3.740571084953483449e+01
3.740628721397686718e+01
3.740686244249550185e+01
3.740743653272766522e+01
3.740800948296489992e+01
3.740858129208623239e+01
3.740915195945404292e+01
3.740972148482740067e+01
3.741028986840019144e+01
3.741085711093464283e+01
3.741142321384809577e+01
3.741198817919558195e+01
3.741255200959975014e+01
3.741311470819643858e+01
3.741367627864644163e+01
3.741423672523497146e+01
3.741479605302469480e+01
3.741535426798147057e+01
3.741591137701541214e+01
3.741646738795657967e+01
3.741702230951521102e+01
3.741757615124475223e+01
3.741812892350792197e+01
3.741868063744949779e+01
3.741923130497894334e+01
3.741978093875589906e+01
3.742032955216689771e+01
3.742087715929431369e+01
3.742142377488437432e+01
3.742196941430436397e+01
3.742251409347850455e+01
3.742305782882571918e+01
3.742360063723635477e+01
3.742414253608501440e+01
3.742468354324331159e+01
3.742522367706543207e+01
3.742576295634338379e+01
3.742630140025363517e+01
3.742683902831921472e+01
3.742737586038742847e+01
3.742791191660860761e+01
3.742844721740796388e+01
3.742898178345650706e+01
3.742951563566438722e+01
3.743004879521025430e+01
3.743058128356961589e+01
3.743111312249651945e+01
3.743164433397594593e+01
3.743217494019373248e+01
3.743270496353189003e+01
3.743323442657067801e+01
3.743376335208873940e+01
3.743429176306231909e+01
3.743481968266244309e+01
3.743534713424827487e+01
3.743587414136335667e+01
3.743640072774064720e+01
3.743692691730363009e+01
3.743745273414994301e+01
3.743797820252127195e+01
3.743850334676852043e+01
3.743902819131779580e+01
3.743955276063943671e+01
3.744007707921502970e+01
3.744060117150155520e+01
3.744112506190031553e+01
3.744164877473767916e+01
3.744217233426225278e+01
3.744269576465774918e+01
3.744321909004798243e+01
3.744374233445517319e+01
3.744426552170071432e+01
3.744478867528455623e+01
3.744531181828309485e+01
3.744583497327918309e+01
3.744635816232137415e+01
3.744688140689778777e+01
3.744740472790801533e+01
3.744792814562820382e+01
3.744845167967616817e+01
3.744897534898718305e+01
3.744949917179660304e+01
3.745002316561469513e+01
3.745054734719952449e+01
3.745107173254444177e+01
3.745159633687532619e+01
3.745212117463906765e+01
3.745264625947543635e+01
3.745317160418611024e+01
3.745369722072019414e+01
3.745422312017534949e+01
3.745474931279990471e+01
3.745527580799983269e+01
3.745580261438855274e+01
3.745632973990694126e+01
3.745685719197054198e+01
3.745738497757300678e+01
3.745791310332711532e+01
3.745844157546886777e+01
3.745897039984299681e+01
3.745949958187195961e+01
3.746002912651614025e+01
3.746055903823990718e+01
3.746108932098351829e+01
3.746161997813405264e+01
3.746215101249727297e+01
3.746268242627250089e+01
3.746321422103225274e+01
3.746374639771951820e+01
3.746427895668390562e+01
3.746481189778115350e+01
3.746534522053887883e+01
3.746587892433789335e+01
3.746641300854485479e+01
3.746694747257764391e+01
3.746748231591523393e+01
3.746801753806963831e+01
3.746855313854216263e+01
3.746908911677486742e+01
3.746962547208931937e+01
3.747016220361759054e+01
3.747069931025465195e+01
3.747123679064097246e+01
3.747177464314515305e+01
3.747231286582213272e+01
3.747285145636074333e+01
3.747339041204391208e+01
3.747392972971859137e+01
3.747446940577643204e+01
3.747500943618113922e+01
3.747554981655147088e+01
3.747609054225483050e+01
3.747663160849606356e+01
3.747717301041500804e+01
3.747771474317038809e+01
3.747825680198766918e+01
3.747879918218258410e+01
3.747934187917097404e+01
3.747988488847089883e+01
3.748042820571055245e+01
3.748097182664201199e+01
3.748151574714915313e+01
3.748205996326824874e+01
3.748260447125532835e+01
3.748314926768269117e+01
3.748369434951016643e+01
3.748423971413005518e+01
3.748478535944322232e+01
3.748533128397026815e+01
3.748587748692181520e+01
3.748642396819859357e+01
3.748697072837793343e+01
3.748751776872364871e+01
3.748806509119589236e+01
3.748861269843958155e+01
3.748916059377086185e+01
3.748970878118701222e+01
3.749025726539187531e+01
3.749080605181057280e+01
3.749135514657113788e+01
3.749190455644032482e+01
3.749245428872048791e+01
3.749300435113182317e+01
3.749355475171603302e+01
3.749410549879460319e+01
3.749465660098250908e+01
3.749520806723414523e+01
3.749575990690480154e+01
3.749631212981894635e+01
3.749686474632395772e+01
3.749741776731453058e+01
3.749797120425817809e+01
3.749852506924789708e+01
3.749907937504905675e+01
3.749963413509659205e+01
3.750018936343859366e+01
3.750074507465657803e+01
3.750130128380906314e+01
3.750185800642194778e+01
3.750241525849740754e+01
3.750297305649836943e+01
3.750353141729508621e+01
3.750409035809409630e+01
3.750464989638186353e+01
3.750521004989757046e+01
3.750577083662059152e+01
3.750633227474230580e+01
3.750689438261656505e+01
3.750745717872565876e+01
3.750802068170283121e+01
3.750858491041032039e+01
3.750914988403001615e+01
3.750971562211716304e+01
3.751028214459068266e+01
3.751084947167191785e+01
3.751141762381069356e+01
3.751198662162499176e+01
3.751255648585040348e+01
3.751312723729343901e+01
3.751369889679465075e+01
3.751427148519942278e+01
3.751484502332790072e+01
3.751541953194779211e+01
3.751599503176373673e+01
3.751657154343879341e+01
3.751714908765688250e+01
3.751772768519492018e+01
3.751830735694923646e+01
3.751888812391221251e+01
3.751947000714511660e+01
3.752005302776844076e+01
3.752063720695316817e+01
3.752122256589941429e+01
3.752180912580533345e+01
3.752239690783014936e+01
3.752298593305233965e+01
3.752357622242877966e+01
3.752416779675779424e+01
3.752476067663340586e+01
3.752535488237914052e+01
3.752595043397410279e+01
3.752654735099743277e+01
3.752714565259915958e+01
3.752774535748174145e+01
3.752834648388645888e+01
3.752894904958566968e+01
3.752955307186139322e+01
3.753015856746057466e+01
3.753076555254639146e+01
3.753137404265930854e+01
3.753198405268206272e+01
3.753259559679875679e+01
3.753320868845008107e+01
3.753382334030020928e+01
3.753443956422027128e+01
3.753505737127667174e+01
3.753567677173012385e+01
3.753629777506684917e+01
3.753692039005311187e+01
3.753754462477811416e+01
3.753817048667053058e+01
3.753879798250240896e+01
3.753942711839506075e+01
3.754005789982287666e+01
3.754069033160070745e+01
3.754132441785853302e+01
3.754196016202778452e+01
3.754259756684719207e+01
3.754323663436762359e+01
3.754387736593845659e+01
3.754451976217927722e+01
3.754516382294382737e+01
3.754580954727419595e+01
3.754645693335403678e+01
3.754710597848124820e+01
3.754775667906502434e+01
3.754840903063361424e+01
3.754906302784303307e+01
3.754971866448286733e+01
3.755037593346942515e+01
3.755103482682620353e+01
3.755169533566824214e+01
3.755235745019720639e+01
3.755302115970425092e+01
3.755368645258555915e+01
3.755435331636954288e+01
3.755502173773723484e+01
3.755569170251543198e+01
3.755636319564054304e+01
3.755703620111958685e+01
3.755771070202133899e+01
3.755838668050061102e+01
3.755906411783227838e+01
3.755974299443651176e+01
3.756042328988454670e+01
3.756110498287814181e+01
3.756178805121636799e+01
3.756247247177218185e+01
3.756315822047569952e+01
3.756384527229275250e+01
3.756453360120816853e+01
3.756522318021792728e+01
3.756591398131246962e+01
3.756660597545033653e+01
3.756729913254146425e+01
3.756799342144904585e+01
3.756868881000793436e+01
3.756938526505473419e+01
3.757008275245983242e+01
3.757078123716041773e+01
3.757148068321294687e+01
3.757218105387681817e+01
3.757288231170970505e+01
3.757358441865610388e+01
3.757428733613779315e+01
3.757499102514334055e+01
3.757569544628738356e+01
3.757640055983097938e+01
3.757710632568536369e+01
3.757781270343521385e+01
3.757851965242033998e+01
3.757922713186903252e+01
3.757993510103039370e+01
3.758064351927161084e+01
3.758135234612363007e+01
3.758206154127030629e+01
3.758277106450735516e+01
3.758348087569643070e+01
3.758419093472313222e+01
3.758490120146955604e+01
3.758561163579667408e+01
3.758632219750813874e+01
3.758703284628683150e+01
3.758774354162654419e+01
3.758845424277048863e+01
3.758916490864294957e+01
3.758987549776249182e+01
3.759058596815410880e+01
3.759129627730531098e+01
3.759200638219516577e+01
3.759271623936726314e+01
3.759342580498800857e+01
3.759413503486887009e+01
3.759484388446630021e+01
3.759555230887181665e+01
3.759626026279828892e+01
3.759696770055927573e+01
3.759767457603779661e+01
3.759838084265595626e+01
3.759908645335633537e+01
3.759979136058432658e+01
3.760049551626268993e+01
3.760119887177484088e+01
3.760190137797545873e+01
3.760260298521862410e+01
3.760330364337911391e+01
3.760400330185911599e+01
3.760470190958808701e+01
3.760539941502167238e+01
3.760609576614159977e+01
3.760679091045847855e+01
3.760748479501071984e+01
3.760817736634202646e+01
3.760886857046523346e+01
3.760955835286027593e+01
3.761024665853541649e+01
3.761093343213530460e+01
3.761161861807141094e+01
3.761230216064657839e+01
3.761298400413679133e+01
3.761366409280858392e+01
3.761434237087126320e+01
3.761501878238422591e+01
3.761569327115660144e+01
3.761636578066337933e+01
3.761703625398101991e+01
3.761770463374161722e+01
3.761837086211041736e+01
3.761903488079063607e+01
3.761969663105259087e+01
3.762035605378140701e+01
3.762101308952951229e+01
3.762166767854878913e+01
3.762231976078462736e+01
3.762296927583985706e+01
3.762361616292307787e+01
3.762426036077752656e+01
3.762490180759724012e+01
3.762554044096958705e+01
3.762617619785864775e+01
3.762680901460035443e+01
3.762743882689269981e+01
3.762806556979868589e+01
3.762868917778623512e+01
3.762930958480317400e+01
3.762992672435909469e+01
3.763054052960522711e+01
3.763115093342600659e+01
3.763175786853650351e+01
3.763236126757695388e+01
3.763296106321504197e+01
3.763355718824529816e+01
3.763414957565637309e+01
3.763473815868170647e+01
3.763532287088045081e+01
3.763590364625247986e+01
3.763648041934654742e+01
3.763705312532660940e+01
3.763762169999430540e+01
3.763818607979583675e+01
3.763874620181236708e+01
3.763930200368212553e+01
3.763985342344860641e+01
3.764040039938723226e+01
3.764094286983407756e+01
3.764148077301548057e+01
3.764201404688453323e+01
3.764254262898096215e+01
3.764306645636697368e+01
3.764358546568485764e+01
3.764409959329354649e+01
3.764460877539247718e+01
3.764511294810651520e+01
3.764561204757477952e+01
3.764610601004140733e+01
3.764659477187623082e+01
3.764707826949509695e+01
3.764755643922369899e+01
3.764802921715363482e+01
3.764849653903546312e+01
3.764895834024489574e+01
3.764941455581805485e+01
3.764986512053359036e+01
3.765030996900254934e+01
3.765074903573098197e+01
3.765118225516797423e+01
3.765160956174878493e+01
3.765203088993021652e+01
3.765244617422888496e+01
3.765285534923718558e+01
3.765325834960212603e+01
3.765365511004907262e+01
3.765404556551067117e+01
3.765442965127527941e+01
3.765480730305647228e+01
3.765517845701680955e+01
3.765554304981399980e+01
3.765590101865681305e+01
3.765625230132987156e+01
3.765659683618719100e+01
3.765693456212832047e+01
3.765726541856171394e+01
3.765758934536817293e+01
3.765790628287307129e+01
3.765821617182633929e+01
3.765851895339518762e+01
3.765881456917139047e+01
3.765910296118447320e+01
3.765938407191097781e+01
3.765965784427303475e+01
3.765992422162234021e+01
3.766018314771442022e+01
3.766043456668968048e+01
3.766067842306815550e+01
3.766091466174326996e+01
3.766114322797560021e+01
3.766136406741687637e+01
3.766157712617487618e+01
3.766178235088810311e+01
3.766197968878289970e+01
3.766216908772186400e+01
3.766235049625415598e+01
3.766252386365713534e+01
3.766268913996623979e+01
3.766284627600102652e+01
3.766299522337955352e+01
3.766313593452101571e+01
3.766326836266890155e+01
3.766339246194924328e+01
3.766350818743467954e+01
3.766361549519686491e+01
3.766371434236474158e+01
3.766380468721106212e+01
3.766388648928958816e+01
3.766395970962100392e+01
3.766402431084378577e+01
3.766408025721308661e+01
3.766412751445260199e+01
3.766416604963366410e+01
3.766419583123072101e+01
3.766421682927612835e+01
3.766422901542831170e+01
3.766423236289284660e+01
3.766422684627530515e+01
3.766421244145855241e+01
3.766418912554136256e+01
3.766415687683262803e+01
3.766411567487180179e+01
3.766406550044361268e+01
3.766400633559464239e+01
3.766393816368506009e+01
3.766386096946665418e+01
3.766377473912577045e+01
3.766367946021233593e+01
3.766357512142080566e+01
3.766346171234487628e+01
3.766333922341816276e+01
3.766320764605764282e+01
3.766306697282061577e+01
3.766291719746729427e+01
3.766275831496198379e+01
3.766259032146259500e+01
3.766241321432283229e+01
3.766222699210513269e+01
3.766203165457996960e+01
3.766182720268231066e+01
3.766161363843202281e+01
3.766139096487965077e+01
3.766115918610968549e+01
3.766091830725357426e+01
3.766066833446572559e+01
3.766040927486346845e+01
3.766014113644564532e+01
3.765986392801215743e+01
3.765957765910982857e+01
3.765928233999484576e+01
3.765897798157963194e+01
3.765866459536902511e+01
3.765834219342762168e+01
3.765801078837734650e+01
3.765767039335703004e+01
3.765732102193724273e+01
3.765696268811297642e+01
3.765659540645814474e+01
3.765621919237645443e+01
3.765583406236012820e+01
3.765544003421747732e+01
3.765503712723517538e+01
3.765462536225193446e+01
3.765420476165036234e+01
3.765377534930598813e+01
3.765333715055480468e+01
3.765289019220951161e+01
3.765243450259330871e+01
3.765197011153671980e+01
3.765149705031107175e+01
3.765101535151330836e+01
3.765052504893423446e+01
3.765002617744045210e+01
3.764951877290106808e+01
3.764900287218945607e+01
3.764847851325515649e+01
3.764794573522404875e+01
3.764740457848682809e+01
3.764685508474464370e+01
3.764629729700799032e+01
3.764573125957711142e+01
3.764515701800878844e+01
3.764457461905582392e+01
3.764398411059492133e+01
3.764338554155936833e+01
3.764277896185716799e+01
3.764216442225899328e+01
3.764154197428512560e+01
3.764091167013535255e+01
3.764027356267430946e+01
3.763962770543930958e+01
3.763897415261792645e+01
3.763831295902468810e+01
3.763764418019559344e+01
3.763696787257225651e+01
3.763628409355361271e+01
3.763559290133528634e+01
3.763489435470996369e+01
3.763418851298765588e+01
3.763347543602500878e+01
3.763275518428388011e+01
3.763202781888310966e+01
3.763129340164055492e+01
3.763055199508785620e+01
3.762980366243360209e+01
3.762904846747775878e+01
3.762828647450572106e+01
3.762751774819498252e+01
3.762674235356861629e+01
3.762596035600228817e+01
3.762517182124494752e+01
3.762437681542007084e+01
3.762357540501710673e+01
3.762276765688790903e+01
3.762195363824110217e+01
3.762113341662585242e+01
3.762030705991558932e+01
3.761947463631901201e+01
3.761863621442326178e+01
3.761779186323517621e+01
3.761694165219914510e+01
3.761608565120525327e+01
3.761522393060131009e+01
3.761435656120783477e+01
3.761348361432911247e+01
3.761260516175360635e+01
3.761172127574166524e+01
3.761083202900253752e+01
3.760993749465678349e+01
3.760903774617727180e+01
3.760813285731361333e+01
3.760722290201565698e+01
3.760630795436863139e+01
3.760538808854099813e+01
3.760446337873911915e+01
3.760353389916877376e+01
3.760259972401124884e+01
3.760166092741796007e+01
3.760071758351386961e+01
3.759976976639311630e+01
3.759881755009611481e+01
3.759786100856332780e+01
3.759690021556949802e+01
3.759593524465795866e+01
3.759496616909341071e+01
3.759399306182933032e+01
3.759301599547441697e+01
3.759203504225806114e+01
3.759105027400755006e+01
3.759006176213688377e+01
3.758906957763371537e+01
3.758807379102972845e+01
3.758707447234372978e+01
3.758607169100041290e+01
3.758506551574716070e+01
3.758405601459132583e+01
3.758304325475696572e+01
3.758202730265135472e+01
3.758100822384419359e+01
3.757998608306233734e+01
3.757896094419723454e+01
3.757793287032699681e+01
3.757690192374622029e+01
3.757586816597441270e+01
3.757483165772643474e+01
3.757379245887123886e+01
3.757275062841305413e+01
3.757170622449979902e+01
3.757065930444517932e+01
3.756960992475853800e+01
3.756855814118451065e+01
3.756750400873971074e+01
3.756644758173580811e+01
3.756538891380063916e+01
3.756432805790517904e+01
3.756326506640125729e+01
3.756219999107774044e+01
3.756113288321577670e+01
3.756006379361478764e+01
3.755899277259220526e+01
3.755791986997247278e+01
3.755684513507701183e+01
3.755576861672979305e+01
3.755469036327071564e+01
3.755361042254850190e+01
3.755252884189316376e+01
3.755144566808554885e+01
3.755036094732393792e+01
3.754927472518774323e+01
3.754818704660804229e+01
3.754709795584783905e+01
3.754600749648329838e+01
3.754491571137038619e+01
3.754382264259199076e+01
3.754272833140216648e+01
3.754163281817720588e+01
3.754053614236763536e+01
3.753943834247559863e+01
3.753833945611010847e+01
3.753723952011931431e+01
3.753613857072467397e+01
3.753503664359573833e+01
3.753393377386940699e+01
3.753282999614480531e+01
3.753172534447722342e+01
3.753061985238277032e+01
3.752951355284982071e+01
3.752840647834560883e+01
3.752729866081990195e+01
3.752619013171452167e+01
3.752508092196995904e+01
3.752397106201343036e+01
3.752286058172945360e+01
3.752174951042454865e+01
3.752063787679392703e+01
3.751952570889008598e+01
3.751841303409043604e+01
3.751729987906691122e+01
3.751618626976235760e+01
3.751507223136599123e+01
3.751395778827517802e+01
3.751284296405626151e+01
3.751172778143362052e+01
3.751061226230605428e+01
3.750949642775239568e+01
3.750838029798453022e+01
3.750726389224298174e+01
3.750614722868856177e+01
3.750503032434763639e+01
3.750391319510701038e+01
3.750279585572252472e+01
3.750167831982759736e+01
3.750056059994371793e+01
3.749944270748806474e+01
3.749832465277327742e+01
3.749720644501017119e+01
3.749608809235722617e+01
3.749496960206453622e+01
3.749385098066941424e+01
3.749273223413253220e+01
3.749161336787670962e+01
3.749049438677112533e+01
3.748937529509407085e+01
3.748825609648015700e+01
3.748713679385097208e+01
3.748601738933008676e+01
3.748489788416300428e+01
3.748377827867894752e+01
3.748265857229555564e+01
3.748153876352255054e+01
3.748041884994108131e+01
3.747929882817918923e+01
3.747817869391158041e+01
3.747705844187890989e+01
3.747593806588854903e+01
3.747481755879883281e+01
3.747369691256167812e+01
3.747257611836752744e+01
3.747145516682051181e+01
3.747033404805219448e+01
3.746921275178176813e+01
3.746809126737822027e+01
3.746696958393605570e+01
3.746584769035505502e+01
3.746472557542670501e+01
3.746360322791097985e+01
3.746248063657315441e+01
3.746135779016411504e+01
3.746023467733348156e+01
3.745911128651735567e+01
3.745798760588652954e+01
3.745686362334335229e+01
3.745573932646601634e+01
3.745461470237978574e+01
3.745348973762428102e+01
3.745236441805690930e+01
3.745123872879027260e+01
3.745011265415595147e+01
3.744898617767803017e+01
3.744785928204460390e+01
3.744673194908720149e+01
3.744560415978929768e+01
3.744447589433875123e+01
3.744334713220067812e+01
3.744221785215231080e+01
3.744108803224969506e+01
3.743995764975446150e+01
3.743882668107224276e+01
3.743769510176323223e+01
3.743656288667347809e+01
3.743543001013536298e+01
3.743429644609992124e+01
3.743316216811715691e+01
3.743202714918974294e+01
3.743089136161115960e+01
3.742975477689341801e+01
3.742861736577565068e+01
3.742747909824341690e+01
3.742633994352754456e+01
3.742519987009033855e+01
3.742405884564291796e+01
3.742291683724830875e+01
3.742177381147714499e+01
3.742062973450391183e+01
3.741948457209220891e+01
3.741833828952829322e+01
3.741719085158880631e+01
3.741604222257372214e+01
3.741489236638507521e+01
3.741374124660671896e+01
3.741258882653820450e+01
3.741143506918397321e+01
3.741027993723952960e+01
3.740912339309713985e+01
3.740796539886419936e+01
3.740680591638256658e+01
3.740564490725083147e+01
3.740448233289136226e+01
3.740331815471189003e+01
3.740215233430896546e+01
3.740098483358859482e+01
3.739981561478268901e+01
3.739864464044112680e+01
3.739747187342676682e+01
3.739629727688122784e+01
3.739512081419554335e+01
3.739394244907042264e+01
3.739276214564962686e+01
3.739157986862599614e+01
3.739039558328228452e+01
3.738920925549882668e+01
3.738802085174760492e+01
3.738683033906291087e+01
3.738563768499351170e+01
3.738444285755974050e+01
3.738324582522122341e+01
3.738204655686706701e+01
3.738084502187323466e+01
3.737964119023884990e+01
3.737843503274976342e+01
3.737722652112754673e+01
3.737601562814432299e+01
3.737480232767340027e+01
3.737358659466776345e+01
3.737236840510934854e+01
3.737114773601680895e+01
3.736992456558766662e+01
3.736869887342717078e+01
3.736747064071776236e+01
3.736623985026191264e+01
3.736500648645868949e+01
3.736377053528232040e+01
3.736253198426557276e+01
3.736129082245397370e+01
3.736004704030544588e+01
3.735880062954905867e+01
3.735755158304961299e+01
3.735629989472193557e+01
3.735504555951232675e+01
3.735378857342588077e+01
3.735252893354790160e+01
3.735126663802149238e+01
3.735000168599695058e+01
3.734873407762106012e+01
3.734746381411405736e+01
3.734619089788365898e+01
3.734491533258543683e+01
3.734363712309367855e+01
3.734235627538256352e+01
3.734107279635381360e+01
3.733978669370129921e+01
3.733849797586144348e+01
3.733720665200740996e+01
3.733591273205992422e+01
3.733461622674866476e+01
3.733331714772437948e+01
3.733201550764852783e+01
3.733071132021290595e+01
3.732940460011825223e+01
3.732809536304804254e+01
3.732678362564617913e+01
3.732546940552194314e+01
3.732415272132705297e+01
3.732283359291258762e+01
3.732151204148593138e+01
3.732018808966543588e+01
3.731886176141232880e+01
3.731753308188763185e+01
3.731620207729742589e+01
3.731486877477800590e+01
3.731353320233755255e+01
3.731219538884752751e+01
3.731085536405934988e+01
3.730951315859281436e+01
3.730816880384667655e+01
3.730682233184386121e+01
3.730547377508160878e+01
3.730412316642155446e+01
3.730277053897495421e+01
3.730141592596547895e+01
3.730005936065047223e+01
3.729870087635520548e+01
3.729734050655486044e+01
3.729597828490589961e+01
3.729461424518289903e+01
3.729324842114233718e+01
3.729188084638350631e+01
3.729051155427463016e+01
3.728914057794916914e+01
3.728776795032744928e+01
3.728639370414408916e+01
3.728501787198913320e+01
3.728364048635206984e+01
3.728226157965710286e+01
3.728088118429936770e+01
3.727949933268998706e+01
3.727811605729711886e+01
3.727673139066375541e+01
3.727534536540206744e+01
3.727395801418387578e+01
3.727256936974376345e+01
3.727117946490368183e+01
3.726978833262086255e+01
3.726839600604161973e+01
3.726700251853372947e+01
3.726560790368856857e+01
3.726421219530580231e+01
3.726281542738090025e+01
3.726141763410733887e+01
3.726001884988752977e+01
3.725861910934864341e+01
3.725721844737109478e+01
3.725581689912285555e+01
3.725441450007723887e+01
3.725301128601021361e+01
3.725160729299184226e+01
3.725020255737878472e+01
3.724879711580571495e+01
3.724739100517779633e+01
3.724598426266701523e+01
3.724457692570855016e+01
3.724316903199321160e+01
3.724176061945890837e+01
3.724035172628310875e+01
3.723894239086847335e+01
3.723753265180806693e+01
3.723612254783002840e+01
3.723471211774428014e+01
3.723330140041646530e+01
3.723189043477891147e+01
3.723047925986303852e+01
3.722906791482102307e+01
3.722765643892119414e+01
3.722624487152587136e+01
3.722483325206824389e+01
3.722342162005163146e+01
3.722201001508776130e+01
3.722059847695054913e+01
3.721918704560172131e+01
3.721777576118226705e+01
3.721636466399615273e+01
3.721495379449399366e+01
3.721354319324606053e+01
3.721213290090936709e+01
3.721072295820556519e+01
3.720931340590750125e+01
3.720790428481808476e+01
3.720649563574130525e+01
3.720508749946296234e+01
3.720367991675095709e+01
3.720227292837012101e+01
3.720086657510001515e+01
3.719946089774296638e+01
3.719805593711650005e+01
3.719665173403603831e+01
3.719524832929669600e+01
3.719384576365492734e+01
3.719244407780546169e+01
3.719104331234935756e+01
3.718964350776111871e+01
3.718824470437432694e+01
3.718684694239551902e+01
3.718545026193557135e+01
3.718405470304015381e+01
3.718266030570745784e+01
3.718126710989234596e+01
3.717987515550365174e+01
3.717848448240243897e+01
3.717709513040323088e+01
3.717570713928002846e+01
3.717432054878604220e+01
3.717293539868604313e+01
3.717155172878091918e+01
3.717016957891276974e+01
3.716878898896219852e+01
3.716740999884557084e+01
3.716603264850549948e+01
3.716465697789836753e+01
3.716328302700134856e+01
3.716191083585060539e+01
3.716054044459211525e+01
3.715917189351110750e+01
3.715780522302345901e+01
3.715644047365544367e+01
3.715507768604585692e+01
3.715371690096760915e+01
3.715235815936106434e+01
3.715100150238090038e+01
3.714964697143920347e+01
3.714829460823190033e+01
3.714694445476327189e+01
3.714559655338024413e+01
3.714425094681147499e+01
3.714290767820062200e+01
3.714156679112306136e+01
3.714022832958213627e+01
3.713889233798884959e+01
3.713755886113180793e+01
3.713622794414519035e+01
3.713489963247673842e+01
3.713357397185088615e+01
3.713225100822794644e+01
3.713093078776819311e+01
3.712961335680177655e+01
3.712829876179768007e+01
3.712698704934236815e+01
3.712567826615062216e+01
3.712437245910068384e+01
3.712306967525774581e+01
3.712176996186330769e+01
3.712047336630216421e+01
3.711917993607907817e+01
3.711788971881885146e+01
3.711660276226739086e+01
3.711531911427322683e+01
3.711403882276325561e+01
3.711276193573302606e+01
3.711148850124583731e+01
3.711021856742300429e+01
3.710895218242347227e+01
3.710768939442337455e+01
3.710643025159853181e+01
3.710517480210302210e+01
3.710392309404193867e+01
3.710267517544508564e+01
3.710143109425336405e+01
3.710019089832363903e+01
3.709895463544134486e+01
3.709772235332638246e+01
3.709649409962817401e+01
3.709526992191397454e+01
3.709404986765033385e+01
3.709283398417478850e+01
3.709162231868119619e+01
3.709041491825185943e+01
3.708921182990031440e+01
3.708801310052643885e+01
3.708681877674300154e+01
3.708562890465250916e+01
3.708444352969517865e+01
3.708326269662348551e+01
3.708208644958683919e+01
3.708091483229119234e+01
3.707974788818501821e+01
3.707858566061307215e+01
3.707742819291076586e+01
3.707627552842933483e+01
3.707512771048313027e+01
3.707398478226466665e+01
3.707284678680456835e+01
3.707171376697139209e+01
3.707058576543637685e+01
3.706946282458657294e+01
3.706834498644866471e+01
3.706723229266052755e+01
3.706612478446324843e+01
3.706502250268432874e+01
3.706392548772478079e+01
3.706283377958329339e+01
3.706174741792901273e+01
3.706066644220263839e+01
3.705959089171550147e+01
3.705852080573308882e+01
3.705745622354390179e+01
3.705639718450792941e+01
3.705534372808067189e+01
3.705429589382748645e+01
3.705325372144176299e+01
3.705221725076408745e+01
3.705118652179557870e+01
3.705016157470338811e+01
3.704914244981840454e+01
3.704812918762519303e+01
3.704712182874405357e+01
3.704612041390534927e+01
3.704512498391893871e+01
3.704413557964846149e+01
3.704315224199922341e+01
3.704217501191879336e+01
3.704120393040633274e+01
3.704023903852480260e+01
3.703928037740055856e+01
3.703832798819171757e+01
3.703738191202634766e+01
3.703644218993575521e+01
3.703550886279266052e+01
3.703458197123762830e+01
3.703366155560261319e+01
3.703274765586271400e+01
3.703184031161814715e+01
3.703093956208687132e+01
3.703004544610310944e+01
3.702915800213236253e+01
3.702827726830108190e+01
3.702740328241753076e+01
3.702653608197311996e+01
3.702567570412530529e+01
3.702482218563753946e+01
3.702397556276570612e+01
3.702313587114348792e+01
3.702230314572428682e+01
3.702147742077475812e+01
3.702065872988093531e+01
3.701984710594955175e+01
3.701904258120639213e+01
3.701824518719072188e+01
3.701745495474875725e+01
3.701667191403588930e+01
3.701589609454030239e+01
3.701512752514559423e+01
3.701436623422836192e+01
3.701361224974517938e+01
3.701286559926202813e+01
3.701212630992426966e+01
3.701139440840231032e+01
3.701066992084499674e+01
3.700995287284865043e+01
3.700924328945913544e+01
3.700854119524507269e+01
3.700784661441974066e+01
3.700715957092592134e+01
3.700648008845357140e+01
3.700580819043308622e+01
3.700514390004025245e+01
3.700448724022164981e+01
3.700383823374536973e+01
3.700319690327508937e+01
3.700256327143929269e+01
3.700193736086339413e+01
3.700131919416396187e+01
3.700070879391751077e+01
3.700010618261861595e+01
3.699951138265554107e+01
3.699892441631603646e+01
3.699834530579997960e+01
3.699777407321442979e+01
3.699721074056087389e+01
3.699665532974687210e+01
3.699610786262196882e+01
3.699556836099710466e+01
3.699503684662691683e+01
3.699451334117650703e+01
3.699399786620474373e+01
3.699349044317091284e+01
3.699299109343453296e+01
3.699249983822598864e+01
3.699201669859857589e+01
3.699154169537470693e+01
3.699107484909701782e+01
3.699061618000666130e+01
3.699016570806065118e+01
3.698972345296758846e+01
3.698928943420592219e+01
3.698886367100516281e+01
3.698844618229881576e+01
3.698803698668024964e+01
3.698763610239943489e+01
3.698724354740352283e+01
3.698685933938131853e+01
3.698648349578237315e+01
3.698611603381176849e+01
3.698575697041510324e+01
3.698540632227030756e+01
3.698506410578623615e+01
3.698473033709446156e+01
3.698440503202155583e+01
3.698408820603310687e+01
3.698377987416605350e+01
3.698348005099701652e+01
3.698318875067200651e+01
3.698290598695658105e+01
3.698263177324408701e+01
3.698236612251517386e+01
3.698210904729343440e+01
3.698186055963800101e+01
3.698162067118293805e+01
3.698138939319996865e+01
3.698116673665435883e+01
3.698095271224715930e+01
3.698074733044671802e+01
3.698055060150171869e+01
3.698036253542975516e+01
3.698018314199139667e+01
3.698001243066316590e+01
3.697985041061251366e+01
3.697969709066981636e+01
3.697955247929454003e+01
3.697941658453652281e+01
3.697928941399429448e+01
3.697917097477539272e+01
3.697906127346826111e+01
3.697896031613370127e+01
3.697886810830989646e+01
3.697878465501453604e+01
3.697870996073422845e+01
3.697864402940221851e+01
3.697858686437319875e+01
3.697853846840877878e+01
3.697849884367662554e+01
3.697846799175734134e+01
3.697844591366498435e+01
3.697843260988511105e+01
3.697842808040791596e+01
3.697843232473509545e+01
3.697844534187786536e+01
3.697846713037941413e+01
3.697849768835965989e+01
3.697853701354929967e+01
3.697858510329076154e+01
3.697864195450694780e+01
3.697870756365345102e+01
3.697878192667266717e+01
3.697886503895864507e+01
3.697895689533259400e+01
3.697905749002718778e+01
3.697916681668248629e+01
3.697928486836141815e+01
3.697941163758562766e+01
3.697954711638204373e+01
3.697969129632456742e+01
3.697984416855628353e+01
3.698000572377752349e+01
3.698017595217161357e+01
3.698035484325070144e+01
3.698054238566263052e+01
3.698073856702796292e+01
3.698094337385009567e+01
3.698115679152274993e+01
3.698137880441339576e+01
3.698160939593697805e+01
3.698184854857892390e+01
3.698209624390844397e+01
3.698235246259960007e+01
3.698261718443963986e+01
3.698289038833060260e+01
3.698317205230347327e+01
3.698346215353141986e+01
3.698376066831180253e+01
3.698406757202481288e+01
3.698438283911256264e+01
3.698470644310879862e+01
3.698503835673484730e+01
3.698537855206469516e+01
3.698572700069789931e+01
3.698608367385544682e+01
3.698644854239190494e+01
3.698682157677049531e+01
3.698720274704403010e+01
3.698759202287284609e+01
3.698798937358068883e+01
3.698839476822229955e+01
3.698880817564124612e+01
3.698922956451409760e+01
3.698965890338194384e+01
3.699009616066526718e+01
3.699054130466237211e+01
3.699099430353793849e+01
3.699145512531163149e+01
3.699192373785836452e+01
3.699240010892122399e+01
3.699288420612340644e+01
3.699337599697037859e+01
3.699387544884818624e+01
3.699438252902068314e+01
3.699489720461322406e+01
3.699541944257481418e+01
3.699594920962960742e+01
3.699648647223321518e+01
3.699703119654850525e+01
3.699758334844769081e+01
3.699814289353095376e+01
3.699870979714606278e+01
3.699928402439527275e+01
3.699986554012274098e+01
3.700045430889126408e+01
3.700105029496089060e+01
3.700165346227146301e+01
3.700226377442412229e+01
3.700288119465896841e+01
3.700350568583460387e+01
3.700413721041550730e+01
3.700477573046129720e+01
3.700542120761405585e+01
3.700607360308762139e+01
3.700673287765486918e+01
3.700739899162818602e+01
3.700807190483995157e+01
3.700875157662492398e+01
3.700943796580654066e+01
3.701013103070948063e+01
3.701083072920538086e+01
3.701153701875848157e+01
3.701224985644402210e+01
3.701296919894229376e+01
3.701369500251900035e+01
3.701442722300561883e+01
3.701516581580414567e+01
3.701591073592391012e+01
3.701666193802525129e+01
3.701741937645245883e+01
3.701818300526473138e+01
3.701895277827104280e+01
3.701972864906890237e+01
3.702051057109573406e+01
3.702129849769390546e+01
3.702209238217579212e+01
3.702289217788386821e+01
3.702369783824306637e+01
3.702450931678095003e+01
3.702532656710894088e+01
3.702614954291714611e+01
3.702697819801888102e+01
3.702781248640197020e+01
3.702865236224985779e+01
3.702949777995203107e+01
3.703034869412019248e+01
3.703120505960450970e+01
3.703206683150788336e+01
3.703293396518556335e+01
3.703380641620096014e+01
3.703468414025805089e+01
3.703556709318831963e+01
3.703645523100881576e+01
3.703734850997534522e+01
3.703824688656838759e+01
3.703915031741479424e+01
3.704005875917920321e+01
3.704097216843988605e+01
3.704189050155294893e+01
3.704281371455248006e+01
3.704374176313064027e+01
3.704467460266738499e+01
3.704561218827576852e+01
3.704655447487549935e+01
3.704750141728013091e+01
3.704845297022772854e+01
3.704940908829562574e+01
3.705036972572848697e+01
3.705133483629942504e+01
3.705230437329296933e+01
3.705327828958827752e+01
3.705425653776966755e+01
3.705523907020884167e+01
3.705622583910819401e+01
3.705721679652072709e+01
3.705821189435527430e+01
3.705921108437988210e+01
3.706021431824167678e+01
3.706122154749937891e+01
3.706223272364025689e+01
3.706324779806398340e+01
3.706426672205567030e+01
3.706528944678140647e+01
3.706631592330808189e+01
3.706734610263004726e+01
3.706837993568895939e+01
3.706941737338480181e+01
3.707045836659089133e+01
3.707150286618433910e+01
3.707255082308832783e+01
3.707360218831230014e+01
3.707465691296792443e+01
3.707571494825475611e+01
3.707677624546445116e+01
3.707784075603951379e+01
3.707890843163885108e+01
3.707997922415168546e+01
3.708105308565598790e+01
3.708212996835832342e+01
3.708320982455713022e+01
3.708429260662155968e+01
3.708537826695082629e+01
3.708646675791992209e+01
3.708755803183602495e+01
3.708865204090662360e+01
3.708974873720759291e+01
3.709084807265132611e+01
3.709194999897623291e+01
3.709305446776745185e+01
3.709416143048432701e+01
3.709527083847721229e+01
3.709638264300329524e+01
3.709749679524724542e+01
3.709861324633117619e+01
3.709973194729830936e+01
3.710085284908393533e+01
3.710197590249811128e+01
3.710310105821222493e+01
3.710422826671436525e+01
3.710535747821503350e+01
3.710648864253241186e+01
3.710762170900874679e+01
3.710875662647549689e+01
3.710989334324372635e+01
3.711103180709751825e+01
3.711217196529608486e+01
3.711331376459827425e+01
3.711445715129977430e+01
3.711560207126836275e+01
3.711674846998980826e+01
3.711789629264406898e+01
3.711904548419405359e+01
3.712019598944036858e+01
3.712134775302438072e+01
3.712250071940790974e+01
3.712365483286169621e+01
3.712481003747335251e+01
3.712596627716796149e+01
3.712712349572282733e+01
3.712828163675789739e+01
3.712944064370472574e+01
3.713060045977838541e+01
3.713176102797271483e+01
3.713292229108677844e+01
3.713408419177758191e+01
3.713524667262063872e+01
3.713640967616559863e+01
3.713757314498120365e+01
3.713873702166811341e+01
3.713990124882393928e+01
3.714106576898592493e+01
3.714223052458626029e+01
3.714339545792104502e+01
3.714456051112022550e+01
3.714572562611753170e+01
3.714689074462430796e+01
3.714805580811698604e+01
3.714922075784501487e+01
3.715038553484460948e+01
3.715155007993305958e+01
3.715271433367087184e+01
3.715387823630928921e+01
3.715504172776606140e+01
3.715620474764996573e+01
3.715736723530475416e+01
3.715852912983852008e+01
3.715969037014135523e+01
3.716085089490596260e+01
3.716201064264433995e+01
3.716316955169571656e+01
3.716432756024131123e+01
3.716548460632782991e+01
3.716664062788226630e+01
3.716779556271588802e+01
3.716894934853223020e+01
3.717010192294473825e+01
3.717125322349348693e+01
3.717240318765117735e+01
3.717355175282622781e+01
3.717469885637459726e+01
3.717584443561845831e+01
3.717698842786391111e+01
3.717813077041572001e+01
3.717927140059018853e+01
3.718041025572404124e+01
3.718154727317366337e+01
3.718268239029772815e+01
3.718381554442130010e+01
3.718494667278639554e+01
3.718607571251023103e+01
3.718720260058249494e+01
3.718832727389573733e+01
3.718944966927091400e+01
3.719056972347117807e+01
3.719168737323520446e+01
3.719280255536022395e+01
3.719391520684343533e+01
3.719502526505757345e+01
3.719613266789919948e+01
3.719723735386293129e+01
3.719833926208355024e+01
3.719943833242877673e+01
3.720053450564171982e+01
3.720162772346580482e+01
3.720271792872487993e+01
3.720380506534877441e+01
3.720488907829661684e+01
3.720596991337396275e+01
3.720704751706643520e+01
3.720812183655075955e+01
3.720919281989274907e+01
3.721026041628039138e+01
3.721132457618583089e+01
3.721238525146596743e+01
3.721344239542026600e+01
3.721449596280657346e+01
3.721554590982005095e+01
3.721659219403692731e+01
3.721763477434569722e+01
3.721867361090551896e+01
3.721970866514265452e+01
3.722073989978879638e+01
3.722176727898267501e+01
3.722279076840487733e+01
3.722381033536971273e+01
3.722482594885968865e+01
3.722583757954535599e+01
3.722684519980511197e+01
3.722784878372271322e+01
3.722884830704767012e+01
3.722984374712453359e+01
3.723083508279491838e+01
3.723182229427608547e+01
3.723280536303965960e+01
3.723378427171358140e+01
3.723475900401729177e+01
3.723572954474170871e+01
3.723669587975840045e+01
3.723765799600055715e+01
3.723861588139522638e+01
3.723956952479655769e+01
3.724051891595898667e+01
3.724146404555719414e+01
3.724240490527129310e+01
3.724334148791783861e+01
3.724427378755943607e+01
3.724520179957435317e+01
3.724612552070670546e+01
3.724704494909327934e+01
3.724796008425526850e+01
3.724887092706856606e+01
3.724977747975360387e+01
3.725067974590992748e+01
3.725157773057524935e+01
3.725247144028435997e+01
3.725336088312916871e+01
3.725424606880791600e+01
3.725512700863451698e+01
3.725600371551575307e+01
3.725687620393332367e+01
3.725774448994056343e+01
3.725860859116398416e+01
3.725946852680483090e+01
3.726032431762509844e+01
3.726117598590816726e+01
3.726202355542634592e+01
3.726286705145022182e+01
3.726370650078630575e+01
3.726454193180398988e+01
3.726537337442741915e+01
3.726620086010103705e+01
3.726702442176201657e+01
3.726784409383602537e+01
3.726865991224182295e+01
3.726947191438411267e+01
3.727028013912207882e+01
3.727108462670772582e+01
3.727188541870474836e+01
3.727268255791127416e+01
3.727347608829630587e+01
3.727426605494195400e+01
3.727505250398181857e+01
3.727583548252476220e+01
3.727661503854747593e+01
3.727739122075692535e+01
3.727816407846928115e+01
3.727893366155417709e+01
3.727970002043740294e+01
3.728046320612698139e+01
3.728122327024217952e+01
3.728198026504638563e+01
3.728273424349758614e+01
3.728348525931727409e+01
3.728423336705263580e+01
3.728497862208803326e+01
3.728572108055323753e+01
3.728646079911771238e+01
3.728719783477318828e+01
3.728793224474291179e+01
3.728866408651555986e+01
3.728939341788403539e+01
3.729012029692484020e+01
3.729084478194336327e+01
3.729156693140554069e+01
3.729228680382857419e+01
3.729300445764542360e+01
3.729371995115202054e+01
3.729443334256851017e+01
3.729514469008293531e+01
3.729585405178196567e+01
3.729656148551337225e+01
3.729726704876415511e+01
3.729797079860879450e+01
3.729867279174610672e+01
3.729937308458877965e+01
3.730007173333823545e+01
3.730076879401667611e+01
3.730146432247182275e+01
3.730215837436804094e+01
3.730285100517163244e+01
3.730354227014387192e+01
3.730423222434289698e+01
3.730492092261577852e+01
3.730560841957115059e+01
3.730629476954015900e+01
3.730698002653252132e+01
3.730766424418870741e+01
3.730834747572234988e+01
3.730902977383933461e+01
3.730971119064027874e+01
3.731039177755030778e+01
3.731107158530630841e+01
3.731175066397827322e+01
3.731242906298089679e+01
3.731310683104720027e+01
3.731378401617875795e+01
3.731446066564171815e+01
3.731513682604857252e+01
3.731581254346519216e+01
3.731648786346628555e+01
3.731716283114117516e+01
3.731783749110053350e+01
3.731851188750746218e+01
3.731918606410958006e+01
3.731986006424475733e+01
3.732053393081964288e+01
3.732120770627646067e+01
3.732188143256953339e+01
3.732255515114770361e+01
3.732322890289775330e+01
3.732390272804006770e+01
3.732457666604191360e+01
3.732525075559491512e+01
3.732592503463058620e+01
3.732659954033194083e+01
3.732727430913633526e+01
3.732794937674027125e+01
3.732862477809248247e+01
3.732930054736268488e+01
3.732997671792203676e+01
3.733065332238979295e+01
3.733133039275013232e+01
3.733200796048455317e+01
3.733268605666822992e+01
3.733336471202447626e+01
3.733404395694608269e+01
3.733472382148551105e+01
3.733540433533045899e+01
3.733608552778329681e+01
3.733676742774056123e+01
3.733745006366260810e+01
3.733813346353755236e+01
3.733881765484703408e+01
3.733950266453205558e+01
3.734018851897731395e+01
3.734087524405978087e+01
3.734156286522947710e+01
3.734225140751522787e+01
3.734294089545539208e+01
3.734363135305684978e+01
3.734432280381927427e+01
3.734501527077591021e+01
3.734570877649446885e+01
3.734640334302830667e+01
3.734709899186762527e+01
3.734779574394032409e+01
3.734849361964891301e+01
3.734919263889376850e+01
3.734989282107303410e+01
3.735059418509905527e+01
3.735129674945574152e+01
3.735200053227540451e+01
3.735270555141070048e+01
3.735341182449101893e+01
3.735411936893600426e+01
3.735482820187260700e+01
3.735553833992361206e+01
3.735624979894641484e+01
3.735696259387120932e+01
3.735767673869108307e+01
3.735839224653302182e+01
3.735910912971912268e+01
3.735982739978592804e+01
3.736054706752033638e+01
3.736126814308608601e+01
3.736199063619019256e+01
3.736271455618310711e+01
3.736343991211118976e+01
3.736416671278959711e+01
3.736489496688102463e+01
3.736562468295596773e+01
3.736635586955877386e+01
3.736708853528542562e+01
3.736782268882720359e+01
3.736855833895393886e+01
3.736929549448466048e+01
3.737003416430685832e+01
3.737077435744647147e+01
3.737151608314565010e+01
3.737225935090346951e+01
3.737300417045822343e+01
3.737375055173851024e+01
3.737449850484068747e+01
3.737524804005298762e+01
3.737599916788165189e+01
3.737675189902152795e+01
3.737750624428082347e+01
3.737826221451471298e+01
3.737901982058031081e+01
3.737977907330137839e+01
3.738053998344963702e+01
3.738130256172603794e+01
3.738206681872159720e+01
3.738283276494833984e+01
3.738360041104657938e+01
3.738436976805547829e+01
3.738514084754045541e+01
3.738591366154327034e+01
3.738668822245224987e+01
3.738746454289780274e+01
3.738824263570838013e+01
3.738902251387322195e+01
3.738980419050120219e+01
3.739058767882738721e+01
3.739137299225859579e+01
3.739216014441503688e+01
3.739294914916317225e+01
3.739374002063495084e+01
3.739453277320123448e+01
3.739532742137902943e+01
3.739612397971626478e+01
3.739692246273502718e+01
3.739772288494201291e+01
3.739852526083800655e+01
3.739932960489712599e+01
3.740013593156462690e+01
3.740094425531894728e+01
3.740175459076593256e+01
3.740256695269403764e+01
3.740338135607017733e+01
3.740419781600046178e+01
3.740501634766852135e+01
3.740583696624560162e+01
3.740665968676848507e+01
3.740748452400185897e+01
3.740831149231721042e+01
3.740914060560677967e+01
3.740997187722481243e+01
3.741080531993561209e+01
3.741164094585963795e+01
3.741247876642739811e+01
3.741331879234309810e+01
3.741416103354433886e+01
3.741500549916283802e+01
3.741585219751532065e+01
3.741670113613239579e+01
3.741755232179232848e+01
3.741840576052356937e+01
3.741926145757229705e+01
3.742011941735722758e+01
3.742097964343516026e+01
3.742184213848896235e+01
3.742270690434177283e+01
3.742357394199171239e+01
3.742444325164462526e+01
3.742531483272249204e+01
3.742618868384938224e+01
3.742706480283257520e+01
3.742794318664950026e+01
3.742882383144542047e+01
3.742970673255638303e+01
3.743059188457509379e+01
3.743147928144401249e+01
3.743236891652993137e+01
3.743326078265673118e+01
3.743415487210494064e+01
3.743505117658209969e+01
3.743594968715707694e+01
3.743685039416904203e+01
3.743775328713843464e+01
3.743865835468953662e+01
3.743956558447799665e+01
3.744047496312508372e+01
3.744138647616467352e+01
3.744230010800383468e+01
3.744321584189511043e+01
3.744413365991366760e+01
3.744505354293443133e+01
3.744597547061312071e+01
3.744689942137508609e+01
3.744782537240508447e+01
3.744875329963319643e+01
3.744968317773628996e+01
3.745061498017554413e+01
3.745154867925442232e+01
3.745248424617177108e+01
3.745342165106809063e+01
3.745436086306499135e+01
3.745530185029003434e+01
3.745624457989475076e+01
3.745718901808044876e+01
3.745813513011719920e+01
3.745908288031898792e+01
3.746003223196820642e+01
3.746098314723138856e+01
3.746193558710705673e+01
3.746288951140670775e+01
3.746384487875627656e+01
3.746480164661409873e+01
3.746575977129574397e+01
3.746671920800757505e+01
3.746767991091930838e+01
3.746864183327257791e+01
3.746960492746906368e+01
3.747056914510697823e+01
3.747153443698735487e+01
3.747250075312130235e+01
3.747346804274899768e+01
3.747443625435663961e+01
3.747540533567983800e+01
3.747637523370210033e+01
3.747734589466303845e+01
3.747831726408028885e+01
3.747928928677424665e+01
3.748026190688801051e+01
3.748123506791412751e+01
3.748220871273688459e+01
3.748318278367462142e+01
3.748415722250064874e+01
3.748513197043586587e+01
3.748610696812387033e+01
3.748708215560995427e+01
3.748805747233081576e+01
3.748903285709356226e+01
3.749000824802741505e+01
3.749098358252962271e+01
3.749195879724248925e+01
3.749293382806937558e+01
3.749390861020243193e+01
3.749488307813468424e+01
3.749585716565561455e+01
3.749683080584380690e+01
3.749780393106928500e+01
3.749877647301541828e+01
3.749974836271927359e+01
3.750071953061683416e+01
3.750168990658244184e+01
3.750265941996327257e+01
3.750362799961002480e+01
3.750459557390460219e+01
3.750556207080147431e+01
3.750652741789529898e+01
3.750749154249250950e+01
3.750845437165266816e+01
3.750941583219083952e+01
3.751037585065176216e+01
3.751133435327422205e+01
3.751229126597304742e+01
3.751324651435314905e+01
3.751420002373630780e+01
3.751515171917137081e+01
3.751610152542691168e+01
3.751704936699073301e+01
3.751799516808784318e+01
3.751893885270629880e+01
3.751988034463270338e+01
3.752081956751407432e+01
3.752175644494696627e+01
3.752269090058802448e+01
3.752362285827820187e+01
3.752455224215621854e+01
3.752547897674478605e+01
3.752640298701249577e+01
3.752732419839669120e+01
3.752824253675337474e+01
3.752915792823784358e+01
3.753007029916400938e+01
3.753097957587144862e+01
3.753188568461391128e+01
3.753278855149555682e+01
3.753368810247149412e+01
3.753458426341844500e+01
3.753547696025805891e+01
3.753636611907822385e+01
3.753725166620181142e+01
3.753813352815610216e+01
3.753901163152134757e+01
3.753988590274141757e+01
3.754075626800457854e+01
3.754162265319922653e+01
3.754248498391062583e+01
3.754334318545460292e+01
3.754419718293075903e+01
3.754504690126692168e+01
3.754589226524995382e+01
3.754673319954294897e+01
3.754756962868095371e+01
3.754840147705704112e+01
3.754922866892975719e+01
3.755005112845297077e+01
3.755086877969897330e+01
3.755168154666495894e+01
3.755248935327178117e+01
3.755329212336850730e+01
3.755408978075649884e+01
3.755488224921055007e+01
3.755566945245819710e+01
3.755645131413849924e+01
3.755722775779986478e+01
3.755799870694070819e+01
3.755876408504526154e+01
3.755952381559503550e+01
3.756027782208905563e+01
3.756102602810600644e+01
3.756176835739168496e+01
3.756250473392504574e+01
3.756323508193849392e+01
3.756395932591768627e+01
3.756467739062964739e+01
3.756538920118004654e+01
3.756609468305497757e+01
3.756679376214222543e+01
3.756748636477791337e+01
3.756817241784283112e+01
3.756885184887236306e+01
3.756952458612756374e+01
3.757019055862522094e+01
3.757084969616800407e+01
3.757150192940090250e+01
3.757214718987932400e+01
3.757278541011778827e+01
3.757341652361133555e+01
3.757404046483740956e+01
3.757465716923739052e+01
3.757526657320097740e+01
3.757586861410420198e+01
3.757646323039615766e+01
3.757705036166427703e+01
3.757762994864999939e+01
3.757820193326827507e+01
3.757876625865635134e+01
3.757932286919726295e+01
3.757987171050626074e+01
3.758041272944648625e+01
3.758094587419538612e+01
3.758147109429836519e+01
3.758198834061927585e+01
3.758249756514282325e+01
3.758299872071952308e+01
3.758349176093924626e+01
3.758397664021419615e+01
3.758445331396228539e+01
3.758492173874368802e+01
3.758538187232441175e+01
3.758583367369308093e+01
3.758627710297550095e+01
3.758671212120403027e+01
3.758713869007534214e+01
3.758755677186984911e+01
3.758796632950366501e+01
3.758836732660974178e+01
3.758875972766292506e+01
3.758914349813516509e+01
3.758951860457967342e+01
3.758988501460495968e+01
3.759024269677396290e+01
3.759059162049531722e+01
3.759093175600040837e+01
3.759126307442756598e+01
3.759158554791699203e+01
3.759189914962292534e+01
3.759220385364397288e+01
3.759249963494274027e+01
3.759278646933171331e+01
3.759306433353319932e+01
3.759333320523927569e+01
3.759359306311721127e+01
3.759384388678759592e+01
3.759408565682200276e+01
3.759431835478641659e+01
3.759454196334509390e+01
3.759475646639755553e+01
3.759496184917757944e+01
3.759515809827919242e+01
3.759534520164074678e+01
3.759552314850954247e+01
3.759569192937921400e+01
3.759585153591442719e+01
3.759600196088342727e+01
3.759614319808665073e+01
3.759627524226297623e+01
3.759639808896972113e+01
3.759651173445382710e+01
3.759661617556011493e+01
3.759671140971844494e+01
3.759679743500979043e+01
3.759687425027030372e+01
3.759694185517984977e+01
3.759700025029694359e+01
3.759704943702455182e+01
3.759708941751843980e+01
3.759712019455556486e+01
3.759714177133826496e+01
3.759715415126525073e+01
3.759715733785758829e+01
3.759715133494272976e+01
3.759713614692535799e+01
3.759711177894516965e+01
3.759707823691197603e+01
3.759703552752424827e+01
3.759698365833834544e+01
3.759692263785039756e+01
3.759685247552267384e+01
3.759677318173498151e+01
3.759668476769125789e+01
3.759658724533983332e+01
3.759648062734919449e+01
3.759636492714322742e+01
3.759624015899682092e+01
3.759610633819581693e+01
3.759596348123297815e+01
3.759581160599136496e+01
3.759565073188966267e+01
3.759548087998179255e+01
3.759530207300685589e+01
3.759511433540983205e+01
3.759491769336816702e+01
3.759471217483981320e+01
3.759449780962097520e+01
3.759427462937372866e+01
3.759404266755620938e+01
3.759380195922229717e+01
3.759355254076773889e+01
3.759329444972400580e+01
3.759302772457264297e+01
3.759275240448753408e+01
3.759246852902162317e+01
3.759217613786873358e+01
3.759187527082989533e+01
3.759156596803393313e+01
3.759124827031592275e+01
3.759092221953127932e+01
3.759058785866250929e+01
3.759024523176704236e+01
3.758989438387258986e+01
3.758953536087344816e+01
3.758916820945016468e+01
3.758879297702631561e+01
3.758840971175246182e+01
3.758801846248631051e+01
3.758761927876311404e+01
3.758721221078652519e+01
3.758679730943312336e+01
3.758637462621116043e+01
3.758594421315698497e+01
3.758550612271880453e+01
3.758506040765894340e+01
3.758460712097080858e+01
3.758414631581720755e+01
3.758367804549599356e+01
3.758320236342033382e+01
3.758271932310966434e+01
3.758222897820120068e+01
3.758173138247793332e+01
3.758122658989372411e+01
3.758071465458484539e+01
3.758019563087074033e+01
3.757966957324799040e+01
3.757913653638530604e+01
3.757859657513017737e+01
3.757804974451946833e+01
3.757749609977339134e+01
3.757693569627497254e+01
3.757636858955529391e+01
3.757579483528952835e+01
3.757521448929195884e+01
3.757462760750033226e+01
3.757403424594946983e+01
3.757343446074686710e+01
3.757282830806482821e+01
3.757221584414923399e+01
3.757159712532921247e+01
3.757097220800839921e+01
3.757034114863759555e+01
3.756970400369046104e+01
3.756906082964889748e+01
3.756841168298258538e+01
3.756775662011496308e+01
3.756709569738428200e+01
3.756642897100856260e+01
3.756575649705744979e+01
3.756507833143469810e+01
3.756439452987046934e+01
3.756370514791461090e+01
3.756301024092699237e+01
3.756230986406395544e+01
3.756160407226092701e+01
3.756089292021983539e+01
3.756017646240340468e+01
3.755945475302848280e+01
3.755872784606615511e+01
3.755799579526335208e+01
3.755725865417805664e+01
3.755651647619702516e+01
3.755576931450868017e+01
3.755501722203803183e+01
3.755426025136696921e+01
3.755349845464680669e+01
3.755273188351471703e+01
3.755196058904133594e+01
3.755118462172028160e+01
3.755040403148589689e+01
3.754961886773491386e+01
3.754882917933550601e+01
3.754803501462553328e+01
3.754723642140990592e+01
3.754643344697157659e+01
3.754562613810196581e+01
3.754481454112952576e+01
3.754399870192487043e+01
3.754317866588647234e+01
3.754235447791855762e+01
3.754152618240507877e+01
3.754069382317985770e+01
3.753985744349379416e+01
3.753901708598495190e+01
3.753817279266235829e+01
3.753732460490924439e+01
3.753647256349800898e+01
3.753561670860031541e+01
3.753475707978548570e+01
3.753389371602084168e+01
3.753302665569061958e+01
3.753215593662748262e+01
3.753128159613531523e+01
3.753040367099252705e+01
3.752952219743976059e+01
3.752863721116084150e+01
3.752774874726367216e+01
3.752685684025528445e+01
3.752596152399651430e+01
3.752506283163909018e+01
3.752416079556952866e+01
3.752325544737841767e+01
3.752234681785304105e+01
3.752143493699146859e+01
3.752051983406435909e+01
3.751960153773617179e+01
3.751868007618255518e+01
3.751775547713458536e+01
3.751682776786076801e+01
3.751589697513146149e+01
3.751496312518715825e+01
3.751402624371563377e+01
3.751308635583389162e+01
3.751214348606625038e+01
3.751119765832048358e+01
3.751024889587370836e+01
3.750929722136704214e+01
3.750834265679731772e+01
3.750738522350689408e+01
3.750642494217542122e+01
3.750546183280278711e+01
3.750449591468142074e+01
3.750352720638024095e+01
3.750255572575104424e+01
3.750158148993487117e+01
3.750060451534893957e+01
3.749962481765987832e+01
3.749864241175605173e+01
3.749765731173152261e+01
3.749666953089638355e+01
3.749567908181041531e+01
3.749468597630609423e+01
3.749369022545599250e+01
3.749269183947109241e+01
3.749169082757860849e+01
3.749068719795735660e+01
3.748968095775483533e+01
3.748867211313656611e+01
3.748766066932077479e+01
3.748664663062085367e+01
3.748563000053656680e+01
3.748461078186572593e+01
3.748358897677297108e+01
3.748256458680399561e+01
3.748153761287647256e+01
3.748050805527188345e+01
3.747947591363515585e+01
3.747844118697825166e+01
3.747740387368467907e+01
3.747636397151791243e+01
3.747532147763278942e+01
3.747427638858584942e+01
3.747322870034379605e+01
3.747217840828807311e+01
3.747112550721159607e+01
3.747006999130188376e+01
3.746901185410278856e+01
3.746795108846934852e+01
3.746688768656750312e+01
3.746582163994100512e+01
3.746475293959687036e+01
3.746368157606450211e+01
3.746260753942267741e+01
3.746153081929343642e+01
3.746045140482814872e+01
3.745936928473259542e+01
3.745828444730661744e+01
3.745719688040976791e+01
3.745610657134904642e+01
3.745501350680265773e+01
3.745391767285773454e+01
3.745281905510753973e+01
3.745171763870381909e+01
3.745061340833509433e+01
3.744950634819140589e+01
3.744839644197283945e+01
3.744728367292825766e+01
3.744616802387362497e+01
3.744504947715472554e+01
3.744392801455349229e+01
3.744280361717670758e+01
3.744167626536331284e+01
3.744054593861500280e+01
3.743941261558629918e+01
3.743827627418863102e+01
3.743713689176547632e+01
3.743599444522852338e+01
3.743484891110431079e+01
3.743370026550675078e+01
3.743254848408047053e+01
3.743139354197045776e+01
3.743023541386672548e+01
3.742907407415807342e+01
3.742790949715986670e+01
3.742674165731165914e+01
3.742557052929395667e+01
3.742439608812060925e+01
3.742321830928480608e+01
3.742203716894502463e+01
3.742085264404961009e+01
3.741966471234248814e+01
3.741847335229098803e+01
3.741727854300004452e+01
3.741608026413609167e+01
3.741487849584711256e+01
3.741367321867492279e+01
3.741246441348880580e+01
3.741125206146014648e+01
3.741003614405165223e+01
3.740881664298709097e+01
3.740759354019667882e+01
3.740636681774983430e+01
3.740513645780544749e+01
3.740390244262157893e+01
3.740266475461584150e+01
3.740142337641016468e+01
3.740017829082008660e+01
3.739892948080989754e+01
3.739767692944981547e+01
3.739642061987405697e+01
3.739516053519903238e+01
3.739389665841035537e+01
3.739262897233851390e+01
3.739135745980792791e+01
3.739008210386686670e+01
3.738880288794137385e+01
3.738751979586552920e+01
3.738623281187757641e+01
3.738494192070280064e+01
3.738364710774155952e+01
3.738234835928658129e+01
3.738104566271395868e+01
3.737973900663811122e+01
3.737842838101025933e+01
3.737711377712531657e+01
3.737579518752359320e+01
3.737447260581461705e+01
3.737314602649407647e+01
3.737181544482997708e+01
3.737048085683353804e+01
3.736914225927100830e+01
3.736779964968132361e+01
3.736645302639377775e+01
3.736510238853694688e+01
3.736374773602811672e+01
3.736238906955298233e+01
3.736102639056095853e+01
3.735965970129550584e+01
3.735828900486642823e+01
3.735691430535621294e+01
3.735553560793614025e+01
3.735415291897461998e+01
3.735276624614062513e+01
3.735137559849839306e+01
3.734998098656998877e+01
3.734858242234817993e+01
3.734717991926743963e+01
3.734577349215935982e+01
3.734436315721880817e+01
3.734294893198956089e+01
3.734153083535577622e+01
3.734010888751889468e+01
3.733868310995404016e+01
3.733725352535769559e+01
3.733582015759829886e+01
3.733438303167074679e+01
3.733294217365281753e+01
3.733149761066751182e+01
3.733004937085799924e+01
3.732859748337330785e+01
3.732714197835306891e+01
3.732568288690540470e+01
3.732422024107998482e+01
3.732275407382938681e+01
3.732128441894903403e+01
3.731981131100738480e+01
3.731833478529369330e+01
3.731685487779593302e+01
3.731537162519629192e+01
3.731388506486472068e+01
3.731239523484270393e+01
3.731090217382028840e+01
3.730940592111208787e+01
3.730790651663719615e+01
3.730640400091081688e+01
3.730489841505536219e+01
3.730338980082325406e+01
3.730187820061679815e+01
3.730036365750125782e+01
3.729884621521109977e+01
3.729732591815236020e+01
3.729580281139915598e+01
3.729427694065905285e+01
3.729274835218873818e+01
3.729121709268729745e+01
3.728968320920898094e+01
3.728814674910421445e+01
3.728660775997816046e+01
3.728506628967362957e+01
3.728352238628907145e+01
3.728197609820823288e+01
3.728042747410064095e+01
3.727887656287724383e+01
3.727732341361878809e+01
3.727576807551492521e+01
3.727421059783936386e+01
3.727265102994937251e+01
3.727108942128818114e+01
3.726952582138158476e+01
3.726796027982479131e+01
3.726639284625662896e+01
3.726482357031616033e+01
3.726325250157893265e+01
3.726167968948730902e+01
3.726010518330323151e+01
3.725852903209706568e+01
3.725695128476075269e+01
3.725537199002875610e+01
3.725379119649030457e+01
3.725220895256940423e+01
3.725062530646791714e+01
3.724904030610371564e+01
3.724745399908880472e+01
3.724586643276199283e+01
3.724427765424493231e+01
3.724268771048551940e+01
3.724109664828274191e+01
3.723950451429894315e+01
3.723791135505643268e+01
3.723631721691950247e+01
3.723472214608426611e+01
3.723312618859769429e+01
3.723152939038737941e+01
3.722993179726497459e+01
3.722833345487906342e+01
3.722673440859678351e+01
3.722513470335440644e+01
3.722353438358577904e+01
3.722193349325308986e+01
3.722033207589803538e+01
3.721873017466968037e+01
3.721712783234443123e+01
3.721552509135003106e+01
3.721392199377188348e+01
3.721231858129813475e+01
3.721071489510624275e+01
3.720911097575439186e+01
3.720750686311974675e+01
3.720590259639410391e+01
3.720429821416043836e+01
3.720269375453761995e+01
3.720108925530760047e+01
3.719948475395590037e+01
3.719788028764294552e+01
3.719627589315785343e+01
3.719467160687027985e+01
3.719306746467253788e+01
3.719146350191584105e+01
3.718985975334462779e+01
3.718825625303282578e+01
3.718665303433959224e+01
3.718505012989913183e+01
3.718344757164464909e+01
3.718184539085466866e+01
3.718024361818962831e+01
3.717864228369049329e+01
3.717704141678317598e+01
3.717544104637165958e+01
3.717384120102356349e+01
3.717224190917921334e+01
3.717064319932652694e+01
3.716904510011258367e+01
3.716744764039680149e+01
3.716585084930017047e+01
3.716425475628665254e+01
3.716265939122019546e+01
3.716106478431758120e+01
3.715947096601157540e+01
3.715787796682583632e+01
3.715628581732573821e+01
3.715469454811700700e+01
3.715310418988907060e+01
3.715151477357436960e+01
3.714992633060023763e+01
3.714833889307448800e+01
3.714675249382297295e+01
3.714516716637255200e+01
3.714358294499255209e+01
3.714199986478683968e+01
3.714041796176545773e+01
3.713883727284903813e+01
3.713725783579822348e+01
3.713567968913233841e+01
3.713410287212211358e+01
3.713252742481651580e+01
3.713095338798186162e+01
3.712938080295328547e+01
3.712780971152521658e+01
3.712624015594697369e+01
3.712467217899924776e+01
3.712310582412611382e+01
3.712154113557870261e+01
3.711997815850337901e+01
3.711841693894417915e+01
3.711685752377608338e+01
3.711529996060224335e+01
3.711374429763075256e+01
3.711219058353680822e+01
3.711063886733168005e+01
3.710908919824044716e+01
3.710754162555635816e+01
3.710599619849126896e+01
3.710445296612547850e+01
3.710291197748998115e+01
3.710137328168287496e+01
3.709983692795453436e+01
3.709830296575680819e+01
3.709677144472490795e+01
3.709524241460091787e+01
3.709371592516896499e+01
3.709219202623131650e+01
3.709067076761269988e+01
3.708915219918895190e+01
3.708763637093228738e+01
3.708612333296138530e+01
3.708461313558659356e+01
3.708310582933374633e+01
3.708160146494260090e+01
3.708010009335848878e+01
3.707860176574340016e+01
3.707710653352705066e+01
3.707561444846862742e+01
3.707412556264452519e+01
3.707263992832692878e+01
3.707115759782154640e+01
3.706967862334716557e+01
3.706820305697561935e+01
3.706673095060585155e+01
3.706526235595647734e+01
3.706379732458169940e+01
3.706233590790186838e+01
3.706087815722522549e+01
3.705942412376090545e+01
3.705797385864752869e+01
3.705652741300998088e+01
3.705508483803377828e+01
3.705364618503161012e+01
3.705221150547481557e+01
3.705078085098489282e+01
3.704935427331238884e+01
3.704793182433519405e+01
3.704651355607735042e+01
3.704509952072585577e+01
3.704368977064363833e+01
3.704228435839898737e+01
3.704088333680476808e+01
3.703948675892844022e+01
3.703809467805913869e+01
3.703670714765728178e+01
3.703532422130995627e+01
3.703394595269313783e+01
3.703257239553003899e+01
3.703120360354454021e+01
3.702983963042532878e+01
3.702848052982120919e+01
3.702712635538026831e+01
3.702577716082213755e+01
3.702443300001215221e+01
3.702309392701412349e+01
3.702175999610606993e+01
3.702043126172678456e+01
3.701910777833374055e+01
3.701778960022301135e+01
3.701647678139983100e+01
3.701516937553679298e+01
3.701386743599054086e+01
3.701257101584957354e+01
3.701128016802489640e+01
3.700999494537285983e+01
3.700871540079067046e+01
3.700744158725346722e+01
3.700617355780852336e+01
3.700491136553438309e+01
3.700365506346585676e+01
3.700240470450832220e+01
3.700116034136664922e+01
3.699992202648674322e+01
3.699868981199708884e+01
3.699746374965319973e+01
3.699624389079569653e+01
3.699503028632302915e+01
3.699382298667484292e+01
3.699262204182705460e+01
3.699142750129861668e+01
3.699023941416019312e+01
3.698905782903309358e+01
3.698788279408336166e+01
3.698671435703138854e+01
3.698555256518879730e+01
3.698439746551093776e+01
3.698324910463865223e+01
3.698210752890879149e+01
3.698097278433658630e+01
3.697984491659204309e+01
3.697872397098909403e+01
3.697760999248730940e+01
3.697650302569270764e+01
3.697540311484486608e+01
3.697431030380013794e+01
3.697322463603823905e+01
3.697214615469415833e+01
3.697107490259197959e+01
3.697001092227674945e+01
3.696895425605708141e+01
3.696790494605162536e+01
3.696686303421407160e+01
3.696582856232506487e+01
3.696480157195875904e+01
3.696378210443278078e+01
3.696277020076018260e+01
3.696176590163152298e+01
3.696076924743106673e+01
3.695978027827244006e+01
3.695879903404889433e+01
3.695782555448548834e+01
3.695685987916693449e+01
3.695590204753229102e+01
3.695495209884821719e+01
3.695401007217733991e+01
3.695307600636026280e+01
3.695214994002093079e+01
3.695123191158560871e+01
3.695032195929798746e+01
3.694942012122057662e+01
3.694852643521958413e+01
3.694764093893224555e+01
3.694676366972142034e+01
3.694589466462927163e+01
3.694503396034063059e+01
3.694418159316097672e+01
3.694333759900900560e+01
3.694250201341795758e+01
3.694167487153402618e+01
3.694085620810402304e+01
3.694004605745520564e+01
3.693924445347515473e+01
3.693845142959938954e+01
3.693766701880969094e+01
3.693689125363631831e+01
3.693612416615727057e+01
3.693536578799756853e+01
3.693461615033140788e+01
3.693387528388041119e+01
3.693314321890022001e+01
3.693241998516016622e+01
3.693170561193374368e+01
3.693100012801432541e+01
3.693030356175525952e+01
3.692961594111965695e+01
3.692893729372238454e+01
3.692826764685258922e+01
3.692760702747180801e+01
3.692695546219458436e+01
3.692631297726803297e+01
3.692567959856118875e+01
3.692505535156405472e+01
3.692444026138566926e+01
3.692383435273364256e+01
3.692323764987518331e+01
3.692265017661175364e+01
3.692207195629554661e+01
3.692150301187037797e+01
3.692094336590471215e+01
3.692039304061496807e+01
3.691985205788002844e+01
3.691932043922746232e+01
3.691879820578179050e+01
3.691828537819419154e+01
3.691778197658683069e+01
3.691728802052539749e+01
3.691680352900431927e+01
3.691632852043485258e+01
3.691586301264291592e+01
3.691540702287080933e+01
3.691496056776821177e+01
3.691452366337045987e+01
3.691409632507394178e+01
3.691367856763189792e+01
3.691327040519016123e+01
3.691287185135987414e+01
3.691248291932918590e+01
3.691210362199343109e+01
3.691173397202879869e+01
3.691137398187927232e+01
3.691102366371628563e+01
3.691068302942954915e+01
3.691035209066853895e+01
3.691003085892579350e+01
3.690971934562024614e+01
3.690941756214445491e+01
3.690912551987875645e+01
3.690884323017515101e+01
3.690857070430129028e+01
3.690830795335906345e+01
3.690805498820029129e+01
3.690781181933070343e+01
3.690757845679731730e+01
3.690735491009238700e+01
3.690714118809826516e+01
3.690693729905850518e+01
3.690674325055481120e+01
3.690655904948400234e+01
3.690638470203296606e+01
3.690622021365069116e+01
3.690606558903298406e+01
3.690592083214022523e+01
3.690578594623173103e+01
3.690566093388156332e+01
3.690554579697288062e+01
3.690544053668547519e+01
3.690534515348036138e+01
3.690525964707947537e+01
3.690518401644443003e+01
3.690511825976784621e+01
3.690506237448128246e+01
3.690501635726214857e+01
3.690498020402794310e+01
3.690495390992950320e+01
3.690493746935108277e+01
3.690493087590745347e+01
3.690493412244686766e+01
3.690494720108416260e+01
3.690497010324558858e+01
3.690500281967461405e+01
3.690504534038417717e+01
3.690509765457868951e+01
3.690515975057118681e+01
3.690523161572674837e+01
3.690531323646238349e+01
3.690540459828881836e+01
3.690550568584542646e+01
3.690561648291180319e+01
3.690573697241829620e+01
3.690586713646531081e+01
3.690600695633678896e+01
3.690615641249997481e+01
3.690631548459547417e+01
3.690648415141949101e+01
3.690666239090700174e+01
3.690685018012761276e+01
3.690704749528720896e+01
3.690725431173062532e+01
3.690747060397343660e+01
3.690769634578153813e+01
3.690793151025068397e+01
3.690817606982756161e+01
3.690842999630065435e+01
3.690869326083786461e+01
3.690896583406597387e+01
3.690924768611798612e+01
3.690953878665118992e+01
3.690983910491589626e+01
3.691014860987964852e+01
3.691046727032419739e+01
3.691079505488686863e+01
3.691113193209711341e+01
3.691147787043150430e+01
3.691183283835802342e+01
3.691219680435015249e+01
3.691256973688433618e+01
3.691295160443944212e+01
3.691334237550103836e+01
3.691374201856274340e+01
3.691415050211490723e+01
3.691456779461087478e+01
3.691499386441279285e+01
3.691542867974803244e+01
3.691587220871247865e+01
3.691632441929322539e+01
3.691678527932987919e+01
3.691725475640669885e+01
3.691773281777007298e+01
3.691821943034043585e+01
3.691871456079920222e+01
3.691921817569319586e+01
3.691973024151280214e+01
3.692025072473111180e+01
3.692077959181675340e+01
3.692131680922333459e+01
3.692186234332825734e+01
3.692241616031690654e+01
3.692297822606101931e+01
3.692354850603501859e+01
3.692412696527813409e+01
3.692471356838473184e+01
3.692530827948783667e+01
3.692591106221240693e+01
3.692652187960822374e+01
3.692714069408754085e+01
3.692776746738226024e+01
3.692840216051179425e+01
3.692904473374019858e+01
3.692969514651479557e+01
3.693035335741937786e+01
3.693101932420439226e+01
3.693169300389887155e+01
3.693237435292632398e+01
3.693306332716991136e+01
3.693375988199669990e+01
3.693446397225562094e+01
3.693517555225496096e+01
3.693589457573885682e+01
3.693662099588716075e+01
3.693735476534644846e+01
3.693809583630100946e+01
3.693884416060610221e+01
3.693959968995726939e+01
3.694036237601091699e+01
3.694113217040948172e+01
3.694190902472858085e+01
3.694269289038523141e+01
3.694348371855386404e+01
3.694428146012705128e+01
3.694508606572505016e+01
3.694589748572763455e+01
3.694671567030015069e+01
3.694754056940101350e+01
3.694837213276482402e+01
3.694921030987090660e+01
3.695005504992544587e+01
3.695090630186697922e+01
3.695176401437876734e+01
3.695262813589909712e+01
3.695349861463558483e+01
3.695437539858133391e+01
3.695525843551746448e+01
3.695614767299133518e+01
3.695704305827809577e+01
3.695794453834135140e+01
3.695885205979960375e+01
3.695976556890148146e+01
3.696068501151942343e+01
3.696161033316875688e+01
3.696254147904323872e+01
3.696347839405163427e+01
3.696442102284837716e+01
3.696536930985846681e+01
3.696632319929832988e+01
3.696728263519779745e+01
3.696824756141607793e+01
3.696921792163058740e+01
3.697019365930519541e+01
3.697117471768972763e+01
3.697216103987783242e+01
3.697315256888144575e+01
3.697414924768284550e+01
3.697515101928860304e+01
3.697615782680304619e+01
3.697716961347541798e+01
3.697818632268464967e+01
3.697920789788518903e+01
3.698023428255573464e+01
3.698126542018108864e+01
3.698230125426321280e+01
3.698334172832255717e+01
3.698438678587499595e+01
3.698543637040881293e+01
3.698649042538009724e+01
3.698754889423453562e+01
3.698861172045247514e+01
3.698967884758823743e+01
3.699075021928111084e+01
3.699182577925073190e+01
3.699290547128863693e+01
3.699398923922930749e+01
3.699507702690073074e+01
3.699616877811686777e+01
3.699726443675587717e+01
3.699836394686550989e+01
3.699946725272963022e+01
3.700057429890446059e+01
3.700168503024904965e+01
3.700279939195078072e+01
3.700391732954020085e+01
3.700503878888833498e+01
3.700616371618642830e+01
3.700729205792568877e+01
3.700842376090137265e+01
3.700955877223927359e+01
3.701069703940954270e+01
3.701183851020937254e+01
3.701298313273972695e+01
3.701413085540262671e+01
3.701528162690912183e+01
3.701643539627065138e+01
3.701759211275634698e+01
3.701875172581333118e+01
3.701991418497232900e+01
3.702107943978160165e+01
3.702224743978955956e+01
3.702341813455946351e+01
3.702459147369102510e+01
3.702576740683609557e+01
3.702694588371143425e+01
3.702812685411736737e+01
3.702931026797002545e+01
3.703049607534722298e+01
3.703168422652561276e+01
3.703287467198268956e+01
3.703406736237452179e+01
3.703526224852509330e+01
3.703645928143518518e+01
3.703765841228344158e+01
3.703885959240597003e+01
3.704006277327307117e+01
3.704126790648344070e+01
3.704247494378277139e+01
3.704368383710180979e+01
3.704489453859147119e+01
3.704610700062780637e+01
3.704732117578281247e+01
3.704853701678360522e+01
3.704975447647932896e+01
3.705097350781395704e+01
3.705219406380683722e+01
3.705341609756347765e+01
3.705463956232429013e+01
3.705586441152112798e+01
3.705709059880361878e+01
3.705831807802753985e+01
3.705954680323339545e+01
3.706077672863870021e+01
3.706200780862918975e+01
3.706323999773260169e+01
3.706447325059042441e+01
3.706570752195600704e+01
3.706694276673349719e+01
3.706817894005879310e+01
3.706941599741053750e+01
3.707065389471538452e+01
3.707189258841134460e+01
3.707313203546627278e+01
3.707437219337208489e+01
3.707561302014278226e+01
3.707685447433302528e+01
3.707809651506732251e+01
3.707933910207903239e+01
3.708058219579608306e+01
3.708182575749587784e+01
3.708306974947385015e+01
3.708431413514376374e+01
3.708555887904553572e+01
3.708680394677607950e+01
3.708804930487241336e+01
3.708929492069478329e+01
3.709054076234389186e+01
3.709178679860924177e+01
3.709303299893019812e+01
3.709427933335506822e+01
3.709552577248462768e+01
3.709677228739906951e+01
3.709801884959175311e+01
3.709926543092537798e+01
3.710051200359595924e+01
3.710175854008800655e+01
3.710300501312975285e+01
3.710425139566974195e+01
3.710549766089243917e+01
3.710674378228058856e+01
3.710798973370383891e+01
3.710923548950644602e+01
3.711048102459978537e+01
3.711172631456661719e+01
3.711297133575363461e+01
3.711421606530652184e+01
3.711546048110080420e+01
3.711670456161036924e+01
3.711794828584509531e+01
3.711919163338497896e+01
3.712043458436067311e+01
3.712167711924892899e+01
3.712291921854722432e+01
3.712416086249912439e+01
3.712540203098809144e+01
3.712664270365440444e+01
3.712788286016498063e+01
3.712912248043550534e+01
3.713036154470545114e+01
3.713160003351469385e+01
3.713283792761099278e+01
3.713407520781367310e+01
3.713531185492495723e+01
3.713654784974753653e+01
3.713778317316738509e+01
3.713901780625121063e+01
3.714025173034775662e+01
3.714148492721157879e+01
3.714271737920075367e+01
3.714394906953021547e+01
3.714517998245879227e+01
3.714641010335840576e+01
3.714763941872093511e+01
3.714886791615430894e+01
3.715009558437965609e+01
3.715132241320112172e+01
3.715254839340750692e+01
3.715377351661550165e+01
3.715499777510996182e+01
3.715622116170951728e+01
3.715744366967891921e+01
3.715866529276029695e+01
3.715988602534169161e+01
3.716110586264802862e+01
3.716232480084248380e+01
3.716354283704501427e+01
3.716475996934023129e+01
3.716597619681444797e+01
3.716719151959953393e+01
3.716840593888569089e+01
3.716961945689030955e+01
3.717083207679469581e+01
3.717204380267789077e+01
3.717325463947680930e+01
3.717446459297849515e+01
3.717567366982312649e+01
3.717688187748453998e+01
3.717808922421190942e+01
3.717929571894696039e+01
3.718050137124518528e+01
3.718170619121645615e+01
3.718291018948223581e+01
3.718411337714547216e+01
3.718531576578383380e+01
3.718651736748193315e+01
3.718771819488592456e+01
3.718891826122994360e+01
3.719011758031565762e+01
3.719131616648218852e+01
3.719251403460911121e+01
3.719371120017399335e+01
3.719490767939859666e+01
3.719610348951975709e+01
3.719729864909240291e+01
3.719849317816014889e+01
3.719968709828746967e+01
3.720088043254524024e+01
3.720207320545912921e+01
3.720326544287629389e+01
3.720445717173651445e+01
3.720564841978590209e+01
3.720683921529938942e+01
3.720802958686844875e+01
3.720921956325704372e+01
3.721040917328478059e+01
3.721159844570041741e+01
3.721278740902705806e+01
3.721397609139955875e+01
3.721516452044871670e+01
3.721635272325365662e+01
3.721754072633603982e+01
3.721872855567479377e+01
3.721991623672959548e+01
3.722110379444875150e+01
3.722229125325564070e+01
3.722347863705272886e+01
3.722466596926550153e+01
3.722585327288445001e+01
3.722704057046709636e+01
3.722822788410596928e+01
3.722941523539264352e+01
3.723060264544317022e+01
3.723179013499363776e+01
3.723297772446164089e+01
3.723416543394247924e+01
3.723535328324821592e+01
3.723654129204609831e+01
3.723772948002619643e+01
3.723891786700183815e+01
3.724010647290289455e+01
3.724129531772228319e+01
3.724248442152191529e+01
3.724367380451365506e+01
3.724486348715193174e+01
3.724605349021275913e+01
3.724724383487369295e+01
3.724843454278600774e+01
3.724962563611374122e+01
3.725081713753382218e+01
3.725200907019033991e+01
3.725320145758752233e+01
3.725439432346315272e+01
3.725558769173997575e+01
3.725678158659399486e+01
3.725797603258407520e+01
3.725917105476991509e+01
3.726036667878616981e+01
3.726156293087273497e+01
3.726275983785923529e+01
3.726395742711640935e+01
3.726515572651528885e+01
3.726635476441068562e+01
3.726755456961599577e+01
3.726875517131752247e+01
3.726995659892845936e+01
3.727115888196230742e+01
3.727236204997356595e+01
3.727356613252953110e+01
3.727477115918406980e+01
3.727597715946504309e+01
3.727718416290749559e+01
3.727839219913746405e+01
3.727960129794416133e+01
3.728081148928004040e+01
3.728202280319069217e+01
3.728323526971170310e+01
3.728444891876930711e+01
3.728566378010255278e+01
3.728687988320684354e+01
3.728809725729600899e+01
3.728931593128189803e+01
3.729053593377635423e+01
3.729175729311664611e+01
3.729298003738884404e+01
3.729420419441619572e+01
3.729542979171630890e+01
3.729665685646026674e+01
3.729788541544930069e+01
3.729911549510215707e+01
3.730034712145221931e+01
3.730158032015530267e+01
3.730281511649459247e+01
3.730405153537186891e+01
3.730528960129879579e+01
3.730652933840956109e+01
3.730777077049212664e+01
3.730901392101350922e+01
3.731025881312665149e+01
3.731150546966749459e+01
3.731275391314817824e+01
3.731400416573853818e+01
3.731525624923393991e+01
3.731651018501634809e+01
3.731776599400657091e+01
3.731902369660775065e+01
3.732028331266055687e+01
3.732154486142856342e+01
3.732280836160214221e+01
3.732407383129550738e+01
3.732534128803110463e+01
3.732661074872399354e+01
3.732788222967015912e+01
3.732915574652795243e+01
3.733043131429663219e+01
3.733170894731535583e+01
3.733298865927969956e+01
3.733427046323674858e+01
3.733555437153925283e+01
3.733684039578715641e+01
3.733812854680122229e+01
3.733941883464440536e+01
3.734071126865687518e+01
3.734200585746472001e+01
3.734330260897109355e+01
3.734460153035713148e+01
3.734590262809066274e+01
3.734720590793097017e+01
3.734851137493264162e+01
3.734981903345228460e+01
3.735112888715038792e+01
3.735244093897856743e+01
3.735375519115612519e+01
3.735507164515431100e+01
3.735639030170406727e+01
3.735771116082315757e+01
3.735903422184532019e+01
3.736035948343768354e+01
3.736168694360743814e+01
3.736301659971248057e+01
3.736434844848757564e+01
3.736568248606953802e+01
3.736701870798543723e+01
3.736835710910278863e+01
3.736969768358851240e+01
3.737104042491265687e+01
3.737238532588239082e+01
3.737373237867787168e+01
3.737508157489791216e+01
3.737643290562116505e+01
3.737778636144690836e+01
3.737914193249000050e+01
3.738049960834565155e+01
3.738185937805222636e+01
3.738322123007846898e+01
3.738458515234471236e+01
3.738595113225290589e+01
3.738731915668840600e+01
3.738868921199151174e+01
3.739006128393005923e+01
3.739143535769431281e+01
3.739281141790947061e+01
3.739418944865104777e+01
3.739556943345441198e+01
3.739695135531750481e+01
3.739833519669678452e+01
3.739972093949526766e+01
3.740110856505067005e+01
3.740249805413323969e+01
3.740388938694943022e+01
3.740528254314559575e+01
3.740667750180775641e+01
3.740807424144872328e+01
3.740947273999032774e+01
3.741087297476418172e+01
3.741227492252993869e+01
3.741367855948675469e+01
3.741508386126914587e+01
3.741649080293704088e+01
3.741789935896380825e+01
3.741930950322434057e+01
3.742072120898993148e+01
3.742213444892317398e+01
3.742354919505820021e+01
3.742496541876539595e+01
3.742638309070725455e+01
3.742780218079237642e+01
3.742922265814695493e+01
3.743064449113494874e+01
3.743206764742700443e+01
3.743349209407908518e+01
3.743491779759256843e+01
3.743634472394420243e+01
3.743777283857314586e+01
3.743920210632615664e+01
3.744063249138815763e+01
3.744206395724201286e+01
3.744349646667311049e+01
3.744492998177882725e+01
3.744636446394584084e+01
3.744779987381672015e+01
3.744923617128769422e+01
3.745067331554537304e+01
3.745211126512295863e+01
3.745354997795742946e+01
3.745498941143794269e+01
3.745642952244840984e+01
3.745787026741687242e+01
3.745931160238438906e+01
3.746075348310015585e+01
3.746219586511672617e+01
3.746363870383155614e+01
3.746508195446627099e+01
3.746652557203712774e+01
3.746796951136932563e+01
3.746941372716199226e+01
3.747085817407746333e+01
3.747230280683061210e+01
3.747374758025772223e+01
3.747519244933565830e+01
3.747663736914843469e+01
3.747808229486257403e+01
3.747952718177646858e+01
3.748097198541358210e+01
3.748241666156503271e+01
3.748386116624737951e+01
3.748530545563317418e+01
3.748674948601171053e+01
3.748819321376917202e+01
3.748963659536114079e+01
3.749107958728592394e+01
3.749252214607065525e+01
3.749396422826806230e+01
3.749540579046298205e+01
3.749684678928181825e+01
3.749828718139708172e+01
3.749972692353490089e+01
3.750116597249909489e+01
3.750260428520007139e+01
3.750404181864772823e+01
3.750547852990246156e+01
3.750691437605345158e+01
3.750834931427581864e+01
3.750978330192774735e+01
3.751121629662910806e+01
3.751264825629525745e+01
3.751407913910561120e+01
3.751550890338155142e+01
3.751693750737966582e+01
3.751836490909077781e+01
3.751979106614132320e+01
3.752121593574822356e+01
3.752263947462805760e+01
3.752406163891590296e+01
3.752548238423716498e+01
3.752690166594206289e+01
3.752831943935476033e+01
3.752973565990942717e+01
3.753115028316852175e+01
3.753256326476507354e+01
3.753397456029230028e+01
3.753538412518844325e+01
3.753679191468879850e+01
3.753819788383030698e+01
3.753960198738217713e+01
3.754100417963034175e+01
3.754240441412493823e+01
3.754380264355148000e+01
3.754519881975106443e+01
3.754659289380786191e+01
3.754798481613259753e+01
3.754937453651109536e+01
3.755076200411373577e+01
3.755214716747580894e+01
3.755352997446318142e+01
3.755491037224284412e+01
3.755628830726424638e+01
3.755766372523761731e+01
3.755903657110943072e+01
3.756040678904955143e+01
3.756177432244714964e+01
3.756313911390171967e+01
3.756450110520734853e+01
3.756586023733303392e+01
3.756721645040595092e+01
3.756856968371713634e+01
3.756991987574662062e+01
3.757126696416428757e+01
3.757261088578000141e+01
3.757395157646848105e+01
3.757528897111163957e+01
3.757662300358972374e+01
3.757795360683275732e+01
3.757928071290908889e+01
3.758060425310318209e+01
3.758192415796129637e+01
3.758324035731957480e+01
3.758455278032541713e+01
3.758586135544903328e+01
3.758716601048724471e+01
3.758846667256343466e+01
3.758976326812253177e+01
3.759105572292219932e+01
3.759234396202204209e+01
3.759362790977183977e+01
3.759490748980567787e+01
3.759618262504768182e+01
3.759745323772468595e+01
3.759871924937980481e+01
3.759998058087923312e+01
3.760123715242877296e+01
3.760248888367316766e+01
3.760373569389677328e+01
3.760497750222616276e+01
3.760621422777430922e+01
3.760744578975745611e+01
3.760867210760037693e+01
3.760989310102407046e+01
3.761110869012662761e+01
3.761231879545927370e+01
3.761352333808680015e+01
3.761472223963538397e+01
3.761591542233355057e+01
3.761710280904342341e+01
3.761828432328031369e+01
3.761945988921377193e+01
3.762062943164723805e+01
3.762179287600357469e+01
3.762295014834561613e+01
3.762410117540650845e+01
3.762524588457623054e+01
3.762638420383842686e+01
3.762751606170625251e+01
3.762864138720311757e+01
3.762976010987742370e+01
3.763087215980866063e+01
3.763197746761048990e+01
3.763307596446703229e+01
3.763416758218956915e+01
3.763525225325283685e+01
3.763632991079816748e+01
3.763740048861819787e+01
3.763846392114249539e+01
3.763952014343395547e+01
3.764056909119008765e+01
3.764161070072574944e+01
3.764264490889748060e+01
3.764367165295287521e+01
3.764469087035748629e+01
3.764570249866175544e+01
3.764670647539811199e+01
3.764770273798001909e+01
3.764869122362541276e+01
3.764967186932787513e+01
3.765064461185313860e+01
3.765160938773075827e+01
3.765256613323894186e+01
3.765351478440792476e+01
3.765445527707301920e+01
3.765538754698030033e+01
3.765631152993415753e+01
3.765722716198388298e+01
3.765813437960238019e+01
3.765903311979194257e+01
3.765992332015002830e+01
3.766080491899936789e+01
3.766167785561258086e+01
3.766254207043969160e+01
3.766339750523049190e+01
3.766424410303417147e+01
3.766508180812589757e+01
3.766591056591686737e+01
3.766673032287602041e+01
3.766754102644498658e+01
3.766834262495596874e+01
3.766913506764799280e+01
3.766991830481568826e+01
3.767069228797168989e+01
3.767145696992823645e+01
3.767221230482319783e+01
3.767295824811989036e+01
3.767369475656012412e+01
3.767442178806172848e+01
3.767513930160730240e+01
3.767584725717004801e+01
3.767654561564834381e+01
3.767723433876822980e+01
3.767791338897613684e+01
3.767858272935013275e+01
3.767924232352287817e+01
3.767989213561630635e+01
3.768053213020163383e+01
3.768116227229150894e+01
3.768178252735949485e+01
3.768239286136245170e+01
3.768299324074151002e+01
3.768358363241238607e+01
3.768416400376830211e+01
3.768473432269369994e+01
3.768529455757307289e+01
3.768584467728715026e+01
3.768638465120521630e+01
3.768691444919301148e+01
3.768743404164015232e+01
3.768794339949143080e+01
3.768844249426550874e+01
3.768893129805604758e+01
3.768940978352898696e+01
3.768987792392472613e+01
3.769033569305249642e+01
3.769078306527794808e+01
3.769122001553507317e+01
3.769164651938594091e+01
3.769206255310473352e+01
3.769246809372091889e+01
3.769286311897477759e+01
3.769324760721450929e+01
3.769362153730694587e+01
3.769398488859994956e+01
3.769433764093155048e+01
3.769467977468200104e+01
3.769501127086186187e+01
3.769533211118842786e+01
3.769564227809690493e+01
3.769594175466976793e+01
3.769623052448820033e+01
3.769650857145146006e+01
3.769677587964682175e+01
3.769703243330534548e+01
3.769727821681897950e+01
3.769751321477520634e+01
3.769773741196353711e+01
3.769795079338970822e+01
3.769815334442535715e+01
3.769834505109796652e+01
3.769852590034869877e+01
3.769869588016943140e+01
3.769885497968821397e+01
3.769900318925472504e+01
3.769914050052376808e+01
3.769926690652910395e+01
3.769938240171634192e+01
3.769948698190961522e+01
3.769958064424518085e+01
3.769966338712351472e+01
3.769973521018675910e+01
3.769979611429327804e+01
3.769984610146590143e+01
3.769988517481197476e+01
3.769991333843267967e+01
3.769993059733723584e+01
3.769993695735812622e+01
3.769993242506242126e+01
3.769991700767190679e+01
3.769989071301728956e+01
3.769985354954602741e+01
3.769980552637009197e+01
3.769974665331572794e+01
3.769967694095756627e+01
3.769959640065093254e+01
3.769950504456988227e+01
3.769940288572490772e+01
3.769928993792506589e+01
3.769916621568756909e+01
3.769903173413563735e+01
3.769888650893248894e+01
3.769873055627959957e+01
3.769856389295295429e+01
3.769838653632083236e+01
3.769819850434797104e+01
3.769799981564938207e+01
3.769779048959883028e+01
3.769757054639532612e+01
3.769734000701379983e+01
3.769709889308953166e+01
3.769684722682206512e+01
3.769658503091419988e+01
3.769631232852372449e+01
3.769602914323064624e+01
3.769573549904155385e+01
3.769543142042900996e+01
3.769511693237681271e+01
3.769479206041457076e+01
3.769445683065812602e+01
3.769411126987241545e+01
3.769375540553625825e+01
3.769338926586434013e+01
3.769301287975518022e+01
3.769262627668744869e+01
3.769222948664459238e+01
3.769182254012905986e+01
3.769140546824964133e+01
3.769097830282240125e+01
3.769054107643758300e+01
3.769009382247585904e+01
3.768963657508465559e+01
3.768916936913696958e+01
3.768869224019020692e+01
3.768820522445083299e+01
3.768770835874495617e+01
3.768720168049957664e+01
3.768668522774046892e+01
3.768615903909877574e+01
3.768562315381282701e+01
3.768507761172698878e+01
3.768452245330128392e+01
3.768395771963071894e+01
3.768338345245494025e+01
3.768279969414937369e+01
3.768220648770954995e+01
3.768160387674519285e+01
3.768099190549480682e+01
3.768037061884508176e+01
3.767974006231531092e+01
3.767910028199505490e+01
3.767845132447106948e+01
3.767779323677962111e+01
3.767712606638605877e+01
3.767644986117608141e+01
3.767576466945191527e+01
3.767507053993924160e+01
3.767436752180866222e+01
3.767365566470996185e+01
3.767293501881796658e+01
3.767220563487361318e+01
3.767146756418509312e+01
3.767072085857632402e+01
3.766996557030537218e+01
3.766920175198180942e+01
3.766842945650359553e+01
3.766764873701638550e+01
3.766685964688358013e+01
3.766606223966805089e+01
3.766525656913724163e+01
3.766444268928001549e+01
3.766362065430597283e+01
3.766279051861748428e+01
3.766195233676519649e+01
3.766110616339379646e+01
3.766025205318291569e+01
3.765939006080074591e+01
3.765852024088780325e+01
3.765764264806705341e+01
3.765675733696182448e+01
3.765586436221666133e+01
3.765496377853475707e+01
3.765405564072412403e+01
3.765314000371849801e+01
3.765221692256803010e+01
3.765128645242320715e+01
3.765034864851872243e+01
3.764940356615448991e+01
3.764845126067858416e+01
3.764749178747703695e+01
3.764652520196946028e+01
3.764555155960472632e+01
3.764457091585172321e+01
3.764358332618239444e+01
3.764258884603913913e+01
3.764158753078282160e+01
3.764057943563388164e+01
3.763956461562717237e+01
3.763854312559501381e+01
3.763751502017945683e+01
3.763648035385731561e+01
3.763543918095826513e+01
3.763439155567527905e+01
3.763333753207498944e+01
3.763227716410807489e+01
3.763121050562067182e+01
3.763013761036575744e+01
3.762905853200186357e+01
3.762797332406849193e+01
3.762688203993128155e+01
3.762578473269309143e+01
3.762468145510317896e+01
3.762357225951507189e+01
3.762245719787561882e+01
3.762133632167022768e+01
3.762020968180478775e+01
3.761907732848175812e+01
3.761793931112300271e+01
3.761679567835894034e+01
3.761564647809064610e+01
3.761449175759202745e+01
3.761333156359047081e+01
3.761216594231250099e+01
3.761099493951188322e+01
3.760981860047046155e+01
3.760863696995519945e+01
3.760745009214010537e+01
3.760625801052432138e+01
3.760506076786965934e+01
3.760385840614404884e+01
3.760265096644543803e+01
3.760143848891797802e+01
3.760022101269834138e+01
3.759899857590694694e+01
3.759777121567903180e+01
3.759653896824061547e+01
3.759530186900978777e+01
3.759405995266872935e+01
3.759281325319388856e+01
3.759156180388522728e+01
3.759030563741585951e+01
3.758904478588760156e+01
3.758777928087285858e+01
3.758650915343216781e+01
3.758523443410645370e+01
3.758395515288780331e+01
3.758267133917471625e+01
3.758138302172734768e+01
3.758009022863733151e+01
3.757879298730060214e+01
3.757749132437070472e+01
3.757618526569454787e+01
3.757487483625794766e+01
3.757356006017207761e+01
3.757224096070766706e+01
3.757091756035060115e+01
3.756958988085271045e+01
3.756825794327473034e+01
3.756692176802636851e+01
3.756558137490052474e+01
3.756423678309484870e+01
3.756288801121770149e+01
3.756153507727472629e+01
3.756017799862804196e+01
3.755881679193115730e+01
3.755745147306095078e+01
3.755608205707009262e+01
3.755470855816582798e+01
3.755333098970817929e+01
3.755194936422284258e+01
3.755056369341595968e+01
3.754917398816655094e+01
3.754778025849651613e+01
3.754638251355138578e+01
3.754498076161220865e+01
3.754357501012699316e+01
3.754216526574013102e+01
3.754075153431313794e+01
3.753933382095016213e+01
3.753791213003337646e+01
3.753648646524852950e+01
3.753505682958424217e+01
3.753362322530696105e+01
3.753218565392907635e+01
3.753074411619462580e+01
3.752929861209223361e+01
3.752784914088270085e+01
3.752639570112849299e+01
3.752493829073305420e+01
3.752347690699858163e+01
3.752201154668576066e+01
3.752054220605113244e+01
3.751906888085813563e+01
3.751759156637353243e+01
3.751611025736096394e+01
3.751462494808616555e+01
3.751313563235141402e+01
3.751164230356702234e+01
3.751014495485493683e+01
3.750864357916507430e+01
3.750713816937696521e+01
3.750562871837519197e+01
3.750411521909945378e+01
3.750259766456835564e+01
3.750107604788370708e+01
3.749955036223581573e+01
3.749802060093409750e+01
3.749648675746693982e+01
3.749494882555472230e+01
3.749340679916294761e+01
3.749186067249973320e+01
3.749031044004261304e+01
3.748875609659252461e+01
3.748719763731523358e+01
3.748563505773690707e+01
3.748406835368421497e+01
3.748249752118933031e+01
3.748092255640378312e+01
3.747934345555701441e+01
3.747776021497639221e+01
3.747617283115786080e+01
3.747458130083658290e+01
3.747298562100696984e+01
3.747138578888131377e+01
3.746978180180264673e+01
3.746817365715079973e+01
3.746656135229331852e+01
3.746494488459082106e+01
3.746332425142294653e+01
3.746169945021227221e+01
3.746007047844342708e+01
3.745843733367339468e+01
3.745680001352916833e+01
3.745515851568696064e+01
3.745351283783185892e+01
3.745186297763117267e+01
3.745020893277207108e+01
3.744855070105863604e+01
3.744688828050406215e+01
3.744522166938486407e+01
3.744355086629119711e+01
3.744187587021127683e+01
3.744019668065187290e+01
3.743851329777823622e+01
3.743682572254239460e+01
3.743513395674909816e+01
3.743343800304089797e+01
3.743173786486475052e+01
3.743003354645615843e+01
3.742832505276484056e+01
3.742661238927915690e+01
3.742489556183297594e+01
3.742317457650213441e+01
3.742144943961982051e+01
3.741972015784352124e+01
3.741798673818400545e+01
3.741624918798368071e+01
3.741450751488519444e+01
3.741276172678155376e+01
3.741101183171750932e+01
3.740925783781046476e+01
3.740749975329606514e+01
3.740573758667608217e+01
3.740397134683706071e+01
3.740220104305208793e+01
3.740042668489394373e+01
3.739864828212386527e+01
3.739686584457450635e+01
3.739507938204462079e+01
3.739328890426865115e+01
3.739149442102380050e+01
3.738969594236851890e+01
3.738789347894340409e+01
3.738608704224089507e+01
3.738427664474055945e+01
3.738246229987003488e+01
3.738064402186270740e+01
3.737882182558809063e+01
3.737699572637351508e+01
3.737516573985011092e+01
3.737333188186021715e+01
3.737149416841637617e+01
3.736965261572856178e+01
3.736780724033171452e+01
3.736595805922986813e+01
3.736410508990874746e+01
3.736224835019744006e+01
3.736038785809883223e+01
3.735852363169804136e+01
3.735665568919159085e+01
3.735478404902574567e+01
3.735290873008935364e+01
3.735102975191452401e+01
3.734914713485387949e+01
3.734726090021988654e+01
3.734537107041734316e+01
3.734347766910995858e+01
3.734158072141228502e+01
3.733968025402125335e+01
3.733777629519866537e+01
3.733586887463192028e+01
3.733395802324024970e+01
3.733204377293804299e+01
3.733012615641278842e+01
3.732820520702970413e+01
3.732628095888632913e+01
3.732435344693632828e+01
3.732242270709767951e+01
3.732048877630634109e+01
3.731855169251047499e+01
3.731661149462770055e+01
3.731466822250425963e+01
3.731272191687227746e+01
3.731077261925439359e+01
3.730882037184405675e+01
3.730686521748910423e+01
3.730490719980191727e+01
3.730294636326867419e+01
3.730098275330207258e+01
3.729901641627652253e+01
3.729704739949615799e+01
3.729507575100988248e+01
3.729310151933294293e+01
3.729112475323469056e+01
3.728914550166961561e+01
3.728716381379792466e+01
3.728517973901494997e+01
3.728319332696007393e+01
3.728120462751495978e+01
3.727921369078811864e+01
3.727722056706152642e+01
3.727522530671483736e+01
3.727322796019046081e+01
3.727122857803957601e+01
3.726922721104016745e+01
3.726722391034918047e+01
3.726521872764590881e+01
3.726321171524325138e+01
3.726120292616290897e+01
3.725919241418039718e+01
3.725718023384571609e+01
3.725516644048260417e+01
3.725315109017802229e+01
3.725113423977457927e+01
3.724911594686197702e+01
3.724709626975970167e+01
3.724507526749583519e+01
3.724305299978970396e+01
3.724102952704045322e+01
3.723900491032627968e+01
3.723697921141930323e+01
3.723495249280233566e+01
3.723292481766716833e+01
3.723089624989923863e+01
3.722886685406519547e+01
3.722683669539755158e+01
3.722480583976180668e+01
3.722277435360894771e+01
3.722074230392409078e+01
3.721870975817896010e+01
3.721667678429709269e+01
3.721464345063165524e+01
3.721260982594525757e+01
3.721057597938875716e+01
3.720854198048299821e+01
3.720650789910249756e+01
3.720447380546499971e+01
3.720243977013947045e+01
3.720040586407368011e+01
3.719837215862361290e+01
3.719633872557031395e+01
3.719430563712695204e+01
3.719227296594392840e+01
3.719024078511105813e+01
3.718820916815200661e+01
3.718617818900209215e+01
3.718414792195887486e+01
3.718211844161031365e+01
3.718008982276096219e+01
3.717806214037279489e+01
3.717603546951870186e+01
3.717400988533694317e+01
3.717198546300993911e+01
3.716996227782490081e+01
3.716794040530655963e+01
3.716591992133329825e+01
3.716390090219777420e+01
3.716188342464028693e+01
3.715986756586944040e+01
3.715785340356821109e+01
3.715584101589123378e+01
3.715383048145822187e+01
3.715182187933955760e+01
3.714981528903117436e+01
3.714781079042654710e+01
3.714580846379638501e+01
3.714380838978109267e+01
3.714181064939677412e+01
3.713981532404812214e+01
3.713782249553539572e+01
3.713583224605367406e+01
3.713384465819105174e+01
3.713185981492495102e+01
3.712987779960865709e+01
3.712789869594516290e+01
3.712592258794644096e+01
3.712394955987126366e+01
3.712197969616106974e+01
3.712001308142453126e+01
3.711804980048250258e+01
3.711608993842565951e+01
3.711413358064382351e+01
3.711218081282709846e+01
3.711023172095429601e+01
3.710828639127746698e+01
3.710634491030741344e+01
3.710440736480210688e+01
3.710247384174729746e+01
3.710054442830987398e+01
3.709861921175416910e+01
3.709669827932612662e+01
3.709478171811604597e+01
3.709286961492031054e+01
3.709096205613919039e+01
3.708905912774180536e+01
3.708716091528666681e+01
3.708526750394797489e+01
3.708337897850791620e+01
3.708149542331673132e+01
3.707961692225472916e+01
3.707774355872160754e+01
3.707587541564325306e+01
3.707401257547567042e+01
3.707215512021080173e+01
3.707030313140861466e+01
3.706845669025558720e+01
3.706661587761917076e+01
3.706478077408284122e+01
3.706295145996842422e+01
3.706112801534872858e+01
3.705931052004356019e+01
3.705749905359431295e+01
3.705569369522493162e+01
3.705389452380183712e+01
3.705210161779586286e+01
3.705031505524122082e+01
3.704853491368761098e+01
3.704676127014655407e+01
3.704499420104155405e+01
3.704323378217672769e+01
3.704148008872986964e+01
3.703973319526684094e+01
3.703799317576967098e+01
3.703626010366263444e+01
3.703453405182471414e+01
3.703281509259519311e+01
3.703110329779391208e+01
3.702939873876098176e+01
3.702770148637790726e+01
3.702601161103812899e+01
3.702432918259803074e+01
3.702265427034745215e+01
3.702098694298890535e+01
3.701932726862071377e+01
3.701767531474837369e+01
3.701603114832415287e+01
3.701439483579155620e+01
3.701276644312003583e+01
3.701114603582217910e+01
3.700953367895520074e+01
3.700792943713426553e+01
3.700633337459339600e+01
3.700474555528442266e+01
3.700316604295544920e+01
3.700159490117864891e+01
3.700003219337710192e+01
3.699847798293144763e+01
3.699693233335379716e+01
3.699539530840115020e+01
3.699386697202719176e+01
3.699234738819862400e+01
3.699083662069394762e+01
3.698933473295389263e+01
3.698784178795224875e+01
3.698635784810078775e+01
3.698488297525261714e+01
3.698341723076286058e+01
3.698196067552706978e+01
3.698051337001172811e+01
3.697907537429352232e+01
3.697764674805869589e+01
3.697622755055267874e+01
3.697481784052973097e+01
3.697341767621519182e+01
3.697202711525410024e+01
3.697064621465787582e+01
3.696927503077725419e+01
3.696791361927618880e+01
3.696656203505994398e+01
3.696522033214863967e+01
3.696388856353718211e+01
3.696256678109695315e+01
3.696125503549219360e+01
3.695995337600479047e+01
3.695866185024893724e+01
3.695738050388874285e+01
3.695610938045614091e+01
3.695484852128079467e+01
3.695359796550279441e+01
3.695235775012526602e+01
3.695112791007672115e+01
3.694990847828800185e+01
3.694869948579354713e+01
3.694750096185118338e+01
3.694631293411249118e+01
3.694513542891791502e+01
3.694396847168042086e+01
3.694281208718740572e+01
3.694166629973106097e+01
3.694053113312383374e+01
3.693940661067097153e+01
3.693829275512554489e+01
3.693718958864051416e+01
3.693609713276756423e+01
3.693501540853184650e+01
3.693394443652331915e+01
3.693288423694033185e+01
3.693183482959127417e+01
3.693079623388162247e+01
3.692976846879415120e+01
3.692875155286132838e+01
3.692774550413474799e+01
3.692675034015947233e+01
3.692576607795901822e+01
3.692479273403888129e+01
3.692383032440751123e+01
3.692287886460222524e+01
3.692193836972089116e+01
3.692100885446430425e+01
3.692009033317372513e+01
3.691918281985079631e+01
3.691828632815023781e+01
3.691740087132572512e+01
3.691652646214851075e+01
3.691566311286202051e+01
3.691481083519977346e+01
3.691396964043448037e+01
3.691313953941928361e+01
3.691232054260274964e+01
3.691151266001452314e+01
3.691071590123352308e+01
3.690993027535218118e+01
3.690915579094355792e+01
3.690839245604994545e+01
3.690764027820547710e+01
3.690689926445584490e+01
3.690616942133119949e+01
3.690545075479472814e+01
3.690474327022331380e+01
3.690404697243594967e+01
3.690336186573866684e+01
3.690268795395386547e+01
3.690202524042820897e+01
3.690137372802880122e+01
3.690073341914129657e+01
3.690010431567479543e+01
3.689948641905703397e+01
3.689887973020903189e+01
3.689828424951782182e+01
3.689769997683740144e+01
3.689712691153930990e+01
3.689656505260025909e+01
3.689601439868191335e+01
3.689547494817757922e+01
3.689494669923934111e+01
3.689442964980617745e+01
3.689392379763205554e+01
3.689342914029940346e+01
3.689294567521796608e+01
3.689247339961971761e+01
3.689201231055668728e+01
3.689156240492898320e+01
3.689112367957997662e+01
3.689069613143438886e+01
3.689027975760999567e+01
3.688987455547966476e+01
3.688948052269831379e+01
3.688909765718404543e+01
3.688872595703792712e+01
3.688836542044230526e+01
3.688801604559513692e+01
3.688767783067839190e+01
3.688735077383429228e+01
3.688703487314923279e+01
3.688673012664554562e+01
3.688643653227030228e+01
3.688615408787727290e+01
3.688588279121179880e+01
3.688562263991807555e+01
3.688537363157070104e+01
3.688513576370629465e+01
3.688490903384041530e+01
3.688469343947574686e+01
3.688448897810635430e+01
3.688429564721798215e+01
3.688411344428353544e+01
3.688394236675460292e+01
3.688378241205589347e+01
3.688363357758550620e+01
3.688349586070933839e+01
3.688336925873403516e+01
3.688325376885850915e+01
3.688314938811763710e+01
3.688305611333274925e+01
3.688297394108453631e+01
3.688290286771317739e+01
3.688284288932724309e+01
3.688279400180087464e+01
3.688275620076318262e+01
3.688272948160219045e+01
3.688271383949220450e+01
3.688270926942792016e+01
3.688271576624784842e+01
3.688273332464400767e+01
3.688276193916200185e+01
3.688280160419216003e+01
3.688285231395197883e+01
3.688291406245490123e+01
3.688298684344787404e+01
3.688307065031870735e+01
3.688316547601221629e+01
3.688327131298330386e+01
3.688338815317346331e+01
3.688351598798722364e+01
3.688365480826760034e+01
3.688380460428714258e+01
3.688396536575842788e+01
3.688413708184842932e+01
3.688431974119291112e+01
3.688451333191658676e+01
3.688471784164162415e+01
3.688493325746002682e+01
3.688515956588855715e+01
3.688539675286836683e+01
3.688564480384063415e+01
3.688590370384459050e+01
3.688617343757360345e+01
3.688645398939625153e+01
3.688674534337530986e+01
3.688704748328882488e+01
3.688736039265494071e+01
3.688768405477624412e+01
3.688801845279188996e+01
3.688836356970239905e+01
3.688871938836430786e+01
3.688908589147691686e+01
3.688946306156912414e+01
3.688985088098711174e+01
3.689024933189281796e+01
3.689065839627502186e+01
3.689107805595261169e+01
3.689150829255348896e+01
3.689194908748177681e+01
3.689240042189276636e+01
3.689286227667962237e+01
3.689333463246776290e+01
3.689381746961123554e+01
3.689431076818613064e+01
3.689481450798594153e+01
3.689532866852273685e+01
3.689585322902441789e+01
3.689638816842418834e+01
3.689693346534805585e+01
3.689748909809352284e+01
3.689805504459659602e+01
3.689863128241925239e+01
3.689921778878846226e+01
3.689981454065277688e+01
3.690042151468923493e+01
3.690103868725270075e+01
3.690166603431553227e+01
3.690230353141985375e+01
3.690295115362104639e+01
3.690360887542737345e+01
3.690427667079015350e+01
3.690495451315145914e+01
3.690564237548399262e+01
3.690634023029295463e+01
3.690704804961010410e+01
3.690776580501212578e+01
3.690849346766631811e+01
3.690923100836744197e+01
3.690997839751710785e+01
3.691073560503790674e+01
3.691150260027186647e+01
3.691227935192181775e+01
3.691306582804730141e+01
3.691386199608378860e+01
3.691466782284632586e+01
3.691548327449422118e+01
3.691630831646546085e+01
3.691714291342189114e+01
3.691798702923526321e+01
3.691884062699664071e+01
3.691970366901704637e+01
3.692057611681443063e+01
3.692145793109479968e+01
3.692234907172844771e+01
3.692324949772812204e+01
3.692415916724375080e+01
3.692507803757271745e+01
3.692600606516816697e+01
3.692694320563956012e+01
3.692788941375996359e+01
3.692884464349092610e+01
3.692980884800919483e+01
3.693078197971307475e+01
3.693176399022090806e+01
3.693275483039293761e+01
3.693375445036773641e+01
3.693476279957629771e+01
3.693577982672582749e+01
3.693680547977481154e+01
3.693783970591585586e+01
3.693888245156334449e+01
3.693993366232845688e+01
3.694099328297763662e+01
3.694206125740265634e+01
3.694313752862777278e+01
3.694422203883335953e+01
3.694531472935034344e+01
3.694641554061373512e+01
3.694752441210727767e+01
3.694864128233356126e+01
3.694976608882588209e+01
3.695089876820206598e+01
3.695203925623863483e+01
3.695318748793729924e+01
3.695434339757378694e+01
3.695550691873696536e+01
3.695667798436799956e+01
3.695785652681789202e+01
3.695904247795383668e+01
3.696023576930444676e+01
3.696143633216895097e+01
3.696264409763094250e+01
3.696385899650388751e+01
3.696508095928054161e+01
3.696630991612423855e+01
3.696754579688840181e+01
3.696878853113511099e+01
3.697003804815361150e+01
3.697129427701197102e+01
3.697255714663889137e+01
3.697382658588313120e+01
3.697510252352905979e+01
3.697638488829176850e+01
3.697767360880336440e+01
3.697896861358373144e+01
3.698026983098493048e+01
3.698157718909762792e+01
3.698289061565746749e+01
3.698421003804892848e+01
3.698553538342694225e+01
3.698686657884831419e+01
3.698820355132517790e+01
3.698954622781219825e+01
3.699089453516845794e+01
3.699224840011346060e+01
3.699360774918414307e+01
3.699497250870059162e+01
3.699634260475029635e+01
3.699771796318799488e+01
3.699909850962765745e+01
3.700048416941503859e+01
3.700187486759823230e+01
3.700327052891190505e+01
3.700467107777704712e+01
3.700607643831633453e+01
3.700748653438412106e+01
3.700890128960999448e+01
3.701032062744140916e+01
3.701174447115413813e+01
3.701317274382667932e+01
3.701460536831562820e+01
3.701604226725930857e+01
3.701748336309988474e+01
3.701892857810061344e+01
3.702037783433677021e+01
3.702183105364175475e+01
3.702328815752304081e+01
3.702474906711314162e+01
3.702621370320337491e+01
3.702768198633314967e+01
3.702915383688313966e+01
3.703062917515581631e+01
3.703210792145886643e+01
3.703358999621685399e+01
3.703507532011405345e+01
3.703656381422075583e+01
3.703805540005227925e+01
3.703954999958615701e+01
3.704104753530558014e+01
3.704254793028280091e+01
3.704405110825082659e+01
3.704555699362348520e+01
3.704706551148432681e+01
3.704857658758133709e+01
3.705009014833044034e+01
3.705160612082092797e+01
3.705312443283551005e+01
3.705464501288400214e+01
3.705616779022433604e+01
3.705769269486698647e+01
3.705921965758139436e+01
3.706074860990234754e+01
3.706227948411589068e+01
3.706381221321217367e+01
3.706534673081483788e+01
3.706688297111242036e+01
3.706842086880722320e+01
3.706996035908080955e+01
3.707150137757503927e+01
3.707304386039744060e+01
3.707458774415388802e+01
3.707613296598809427e+01
3.707767946360452527e+01
3.707922717528253287e+01
3.708077603992268223e+01
3.708232599715731936e+01
3.708387698749426420e+01
3.708542895241280490e+01
3.708698183437001461e+01
3.708853557675354295e+01
3.709009012384217385e+01
3.709164542080927163e+01
3.709320141376122848e+01
3.709475804977501667e+01
3.709631527690061148e+01
3.709787304410500042e+01
3.709943130115869536e+01
3.710098999850669088e+01
3.710254908717249833e+01
3.710410851869827553e+01
3.710566824509658801e+01
3.710722821882070832e+01
3.710878839277679475e+01
3.711034872037210874e+01
3.711190915556718295e+01
3.711346965290156419e+01
3.711503016748655881e+01
3.711659065496868237e+01
3.711815107147172199e+01
3.711971137353778971e+01
3.712127151807425918e+01
3.712283146229870567e+01
3.712439116370045866e+01
3.712595058005178572e+01
3.712750966946100561e+01
3.712906839042069151e+01
3.713062670182083025e+01
3.713218456292400305e+01
3.713374193330547968e+01
3.713529877278941882e+01
3.713685504144448402e+01
3.713841069966520081e+01
3.713996570829714727e+01
3.714152002875724889e+01
3.714307362313947891e+01
3.714462645430497645e+01
3.714617848594199501e+01
3.714772968259853769e+01
3.714928000971497823e+01
3.715082943366842727e+01
3.715237792180536758e+01
3.715392544243147910e+01
3.715547196476535419e+01
3.715701745890200414e+01
3.715856189581143099e+01
3.716010524735373366e+01
3.716164748628257541e+01
3.716318858621644949e+01
3.716472852158465656e+01
3.716626726759180599e+01
3.716780480022413258e+01
3.716934109626858174e+01
3.717087613331134577e+01
3.717240988971212801e+01
3.717394234456763513e+01
3.717547347767995092e+01
3.717700326953663392e+01
3.717853170129664164e+01
3.718005875476944055e+01
3.718158441237754630e+01
3.718310865710738966e+01
3.718463147247673106e+01
3.718615284255081832e+01
3.718767275200038114e+01
3.718919118615286123e+01
3.719070813099684614e+01
3.719222357314656335e+01
3.719373749980450583e+01
3.719524989874535947e+01
3.719676075831176121e+01
3.719827006741093101e+01
3.719977781552596952e+01
3.720128399274857145e+01
3.720278858980880443e+01
3.720429159808153230e+01
3.720579300957337665e+01
3.720729281690088897e+01
3.720879101327747662e+01
3.721028759252665452e+01
3.721178254910893202e+01
3.721327587812340454e+01
3.721476757526252754e+01
3.721625763674356335e+01
3.721774605925561019e+01
3.721923283992902753e+01
3.722071797630681544e+01
3.722220146630818505e+01
3.722368330819706017e+01
3.722516350056900336e+01
3.722664204235186247e+01
3.722811893280636752e+01
3.722959417152286932e+01
3.723106775843169203e+01
3.723253969385051221e+01
3.723400997854536598e+01
3.723547861375078583e+01
3.723694560114508789e+01
3.723841094281885944e+01
3.723987464125904978e+01
3.724133669935056901e+01
3.724279712038081414e+01
3.724425590802379560e+01
3.724571306630079448e+01
3.724716859954693859e+01
3.724862251240699607e+01
3.725007480983796881e+01
3.725152549708344196e+01
3.725297457962066261e+01
3.725442206310472670e+01
3.725586795332829837e+01
3.725731225619891518e+01
3.725875497772407385e+01
3.726019612399922920e+01
3.726163570120263557e+01
3.726307371559991566e+01
3.726451017355252304e+01
3.726594508152816587e+01
3.726737844614241624e+01
3.726881027426361470e+01
3.727024057316648253e+01
3.727166935070817289e+01
3.727309661551208109e+01
3.727452237711074901e+01
3.727594664599822494e+01
3.727736943360832811e+01
3.727879075226373828e+01
3.728021061510948897e+01
3.728162903601528200e+01
3.728304602943104840e+01
3.728446161019966354e+01
3.728587579334824653e+01
3.728728859388819217e+01
3.728870002666686645e+01
3.729011010633810486e+01
3.729151884749347801e+01
3.729292626487244888e+01
3.729433237350533403e+01
3.729573718875589350e+01
3.729714072633182553e+01
3.729854300229326469e+01
3.729994403303308559e+01
3.730134383522208452e+01
3.730274242575715959e+01
3.730413982172598963e+01
3.730553604035614512e+01
3.730693109897686099e+01
3.730832501508312049e+01
3.730971780647957559e+01
3.731110949137385546e+01
3.731250008838704701e+01
3.731388961656223557e+01
3.731527809540326501e+01
3.731666554490276866e+01
3.731805198553902159e+01
3.731943743826499826e+01
3.732082192451014890e+01
3.732220546618599855e+01
3.732358808567816055e+01
3.732496980582564561e+01
3.732635064989830198e+01
3.732773064157220233e+01
3.732910980489536712e+01
3.733048816424082617e+01
3.733186574425379689e+01
3.733324256980374400e+01
3.733461866594426226e+01
3.733599405787390424e+01
3.733736877089117456e+01
3.733874283033978259e+01
3.734011626154122609e+01
3.734148908971963721e+01
3.734286133993140311e+01
3.734423303700850028e+01
3.734560420551542137e+01
3.734697486971395364e+01
3.734834505353179424e+01
3.734971478054773542e+01
3.735108407401783381e+01
3.735245295693555789e+01
3.735382145208228621e+01
3.735518958204563944e+01
3.735655736922021930e+01
3.735792483580457457e+01
3.735929200379413118e+01
3.736065889496450865e+01
3.736202553082745936e+01
3.736339193253426316e+01
3.736475812074307612e+01
3.736612411552228963e+01
3.736748993632603799e+01
3.736885560201540812e+01
3.737022113091768460e+01
3.737158654090801946e+01
3.737295184944721882e+01
3.737431707354942745e+01
3.737568222971765408e+01
3.737704733387345613e+01
3.737841240128273768e+01
3.737977744648736689e+01
3.738114248326409239e+01
3.738250752462144533e+01
3.738387258282391201e+01
3.738523766941999327e+01
3.738660279524786745e+01
3.738796797041283071e+01
3.738933320425886819e+01
3.739069850534505690e+01
3.739206388140451764e+01
3.739342933926919699e+01
3.739479488478594504e+01
3.739616052276760172e+01
3.739752625699281907e+01
3.739889209022928895e+01
3.740025802425398638e+01
3.740162405986664140e+01
3.740299019689345528e+01
3.740435643417131928e+01
3.740572276951941433e+01
3.740708919972633595e+01
3.740845572057233426e+01
3.740982232686906173e+01
3.741118901248862016e+01
3.741255577038383251e+01
3.741392259261923670e+01
3.741528947042740327e+01
3.741665639428277501e+01
3.741802335394923062e+01
3.741939033848279905e+01
3.742075733623151024e+01
3.742212433485272527e+01
3.742349132132465428e+01
3.742485828194518405e+01
3.742622520233074823e+01
3.742759206742974243e+01
3.742895886156622964e+01
3.743032556851471071e+01
3.743169217159447015e+01
3.743305865376385100e+01
3.743442499768341492e+01
3.743579118573231312e+01
3.743715719998959202e+01
3.743852302219698913e+01
3.743988863371787801e+01
3.744125401550098786e+01
3.744261914804324931e+01
3.744398401134772314e+01
3.744534858489222273e+01
3.744671284762139152e+01
3.744807677794940304e+01
3.744944035375297631e+01
3.745080355234976821e+01
3.745216635047481191e+01
3.745352872427744018e+01
3.745489064935323142e+01
3.745625210079158762e+01
3.745761305320574763e+01
3.745897348075305899e+01
3.746033335717182666e+01
3.746169265582205554e+01
3.746305134969989581e+01
3.746440941141797509e+01
3.746576681315167434e+01
3.746712352655127631e+01
3.746847952265606807e+01
3.746983477187180966e+01
3.747118924401727469e+01
3.747254290837672386e+01
3.747389573370946891e+01
3.747524768823023322e+01
3.747659873959729993e+01
3.747794885491917682e+01
3.747929800076416029e+01
3.748064614316798782e+01
3.748199324766096652e+01
3.748333927931749798e+01
3.748468420278415181e+01
3.748602798226980326e+01
3.748737058156008572e+01
3.748871196410491535e+01
3.749005209316249676e+01
3.749139093198039774e+01
3.749272844397462023e+01
3.749406459283856208e+01
3.749539934256433327e+01
3.749673265739582462e+01
3.749806450172145844e+01
3.749939483993864542e+01
3.750072363635624839e+01
3.750205085519251469e+01
3.750337646068891218e+01
3.750470041729801096e+01
3.750602268985675636e+01
3.750734324368865913e+01
3.750866204464651332e+01
3.750997905914152852e+01
3.751129425418898222e+01
3.751260759745685647e+01
3.751391905729003184e+01
3.751522860271025905e+01
3.751653620341016904e+01
3.751784182975515591e+01
3.751914545279202429e+01
3.752044704425672705e+01
3.752174657658206058e+01
3.752304402291218821e+01
3.752433935713081326e+01
3.752563255390204233e+01
3.752692358870340428e+01
3.752821243782774729e+01
3.752949907835101584e+01
3.753078348808447373e+01
3.753206564553568825e+01
3.753334552988800255e+01
3.753462312098879750e+01
3.753589839932509165e+01
3.753717134596897154e+01
3.753844194249277422e+01
3.753971017086193740e+01
3.754097601333166523e+01
3.754223945240698868e+01
3.754350047087977060e+01
3.754475905187249651e+01
3.754601517884897532e+01
3.754726883562407380e+01
3.754852000639291276e+01
3.754976867576304045e+01
3.755101482877388008e+01
3.755225845090454584e+01
3.755349952807578973e+01
3.755473804665293613e+01
3.755597399346340381e+01
3.755720735583962977e+01
3.755843812167946538e+01
3.755966627949489123e+01
3.756089181841499425e+01
3.756211472814020169e+01
3.756333499888778960e+01
3.756455262136364581e+01
3.756576758674773941e+01
3.756697988666100940e+01
3.756818951310994947e+01
3.756939645843304731e+01
3.757060071526967704e+01
3.757180227654655624e+01
3.757300113546318698e+01
3.757419728546757653e+01
3.757539072022225213e+01
3.757658143356631086e+01
3.757776941948825566e+01
3.757895467211247365e+01
3.758013718568466999e+01
3.758131695455058008e+01
3.758249397313559825e+01
3.758366823593125616e+01
3.758483973749242324e+01
3.758600847245200782e+01
3.758717443554936466e+01
3.758833762165085091e+01
3.758949802574510102e+01
3.759065564290516903e+01
3.759181046821267813e+01
3.759296249666349610e+01
3.759411172309577864e+01
3.759525814215116668e+01
3.759640174823307035e+01
3.759754253542205760e+01
3.759868049734063788e+01
3.759981562699270086e+01
3.760094791662245939e+01
3.760207735763082582e+01
3.760320394055320747e+01
3.760432765507042774e+01
3.760544849002153001e+01
3.760656643341864225e+01
3.760768147249196147e+01
3.760879359377178588e+01
3.760990278317348157e+01
3.761100902605515728e+01
3.761211230726560473e+01
3.761321261122247961e+01
3.761430992200603640e+01
3.761540422340706868e+01
3.761649549891647126e+01
3.761758373169524816e+01
3.761866890454653856e+01
3.761975099988661952e+01
3.762082999971304531e+01
3.762190588557275106e+01
3.762297863853406454e+01
3.762404823916359931e+01
3.762511466750510891e+01
3.762617790306223498e+01
3.762723792479099671e+01
3.762829471109714774e+01
3.762934823982774191e+01
3.763039848825483347e+01
3.763144543305338630e+01
3.763248905028018498e+01
3.763352931537411905e+01
3.763456620318671497e+01
3.763559968801848754e+01
3.763662974363198543e+01
3.763765634323257814e+01
3.763867945942794790e+01
3.763969906419428924e+01
3.764071512888060766e+01
3.764172762424898622e+01
3.764273652051002728e+01
3.764374178733200438e+01
3.764474339385094481e+01
3.764574130869928581e+01
3.764673550002866875e+01
3.764772593550544855e+01
3.764871258228577489e+01
3.764969540698870532e+01
3.765067437569273778e+01
3.765164945397226148e+01
3.765262060694960411e+01
3.765358779932664390e+01
3.765455099539300932e+01
3.765551015901097287e+01
3.765646525357009011e+01
3.765741624193699977e+01
3.765836308642180086e+01
3.765930574872980685e+01
3.766024418987142752e+01
3.766117837005160851e+01
3.766210824856703709e+01
3.766303378372191446e+01
3.766395493277972406e+01
3.766487165198715559e+01
3.766578389667976978e+01
3.766669162139945826e+01
3.766759477993877425e+01
3.766849332533367800e+01
3.766938720988649436e+01
3.767027638524632493e+01
3.767116080253719446e+01
3.767204041250380442e+01
3.767291516561822817e+01
3.767378501213799780e+01
3.767464990215049880e+01
3.767550978560766595e+01
3.767636461233728795e+01
3.767721433204463466e+01
3.767805889433346067e+01
3.767889824875052085e+01
3.767973234481635814e+01
3.768056113199772739e+01
3.768138455961761224e+01
3.768220257674976637e+01
3.768301513214040455e+01
3.768382217415144453e+01
3.768462365070762843e+01
3.768541950925236961e+01
3.768620969672022625e+01
3.768699415953172860e+01
3.768777284360097468e+01
3.768854569431292134e+01
3.768931265645400686e+01
3.769007367414469911e+01
3.769082869082565423e+01
3.769157764931106414e+01
3.769232049191021616e+01
3.769305716060559064e+01
3.769378759722992811e+01
3.769451174356834144e+01
3.769522954136400728e+01
3.769594093226346843e+01
3.769664585777651666e+01
3.769734425932578858e+01
3.769803607836931292e+01
3.769872125650957884e+01
3.769939973556348889e+01
3.770007145762270540e+01
3.770073636511492055e+01
3.770139440088464511e+01
3.770204550829248547e+01
3.770268963125798933e+01
3.770332671419622983e+01
3.770395670192431226e+01
3.770457953963989439e+01
3.770519517294848555e+01
3.770580354784978283e+01
3.770640461067731053e+01
3.770699830804679920e+01
3.770758458683578596e+01
3.770816339417682173e+01
3.770873467744878837e+01
3.770929838426723535e+01
3.770985446247176043e+01
3.771040286010374842e+01
3.771094352537527783e+01
3.771147640663028255e+01
3.771200145229598633e+01
3.771251861083918300e+01
3.771302783075376652e+01
3.771352906058523047e+01
3.771402224898929489e+01
3.771450734483439504e+01
3.771498429733727420e+01
3.771545305619179089e+01
3.771591357165291925e+01
3.771636579454575156e+01
3.771680967619952440e+01
3.771724516836800944e+01
3.771767222320544732e+01
3.771809079329604941e+01
3.771850083167966972e+01
3.771890229182967857e+01
3.771929512758999437e+01
3.771967929311702505e+01
3.772005474285854376e+01
3.772042143154823890e+01
3.772077931418468211e+01
3.772112834601516340e+01
3.772146848255656693e+01
3.772179967963476344e+01
3.772212189340162780e+01
3.772243508032571668e+01
3.772273919719083324e+01
3.772303420112086059e+01
3.772332004961336338e+01
3.772359670056155068e+01
3.772386411226450775e+01
3.772412224344824949e+01
3.772437105331592022e+01
3.772461050160682561e+01
3.772484054862916736e+01
3.772506115526064008e+01
3.772527228293247248e+01
3.772547389363105452e+01
3.772566594996479949e+01
3.772584841528657762e+01
3.772602125378694637e+01
3.772618443048216363e+01
3.772633791109213774e+01
3.772648166189895136e+01
3.772661564972031556e+01
3.772673984203402853e+01
3.772685420715896498e+01
3.772695871440779314e+01
3.772705333421246365e+01
3.772713803822925627e+01
3.772721279939804617e+01
3.772727759194997077e+01
3.772733239138100458e+01
3.772737717440609373e+01
3.772741191890156642e+01
3.772743660381743780e+01
3.772745120903996252e+01
3.772745571528738395e+01
3.772745010418396561e+01
3.772743435849956484e+01
3.772740846236692391e+01
3.772737240134691206e+01
3.772732616237501446e+01
3.772726973368540371e+01
3.772720310475256866e+01
3.772712626621736831e+01
3.772703920977608760e+01
3.772694192806756064e+01
3.772683441461094844e+01
3.772671666380983169e+01
3.772658867098152768e+01
3.772645043236028073e+01
3.772630194506329815e+01
3.772614320704912672e+01
3.772597421711007826e+01
3.772579497491433642e+01
3.772560548105203537e+01
3.772540573701995470e+01
3.772519574515651897e+01
3.772497550860026649e+01
3.772474503129499368e+01
3.772450431800864834e+01
3.772425337435412729e+01
3.772399220682960674e+01
3.772372082288710260e+01
3.772343923101664132e+01
3.772314744081295146e+01
3.772284546298270413e+01
3.772253330927678405e+01
3.772221099238944220e+01
3.772187852587308043e+01
3.772153592405983602e+01
3.772118320197541408e+01
3.772082037526656961e+01
3.772044746015291850e+01
3.772006447339246193e+01
3.771967143225198527e+01
3.771926835447938942e+01
3.771885525828481178e+01
3.771843216231788176e+01
3.771799908558947578e+01
3.771755604735351852e+01
3.771710306707940674e+01
3.771664016456766433e+01
3.771616736008018478e+01
3.771568467436531336e+01
3.771519212862742165e+01
3.771468974456661272e+01
3.771417754451390891e+01
3.771365555158693184e+01
3.771312378979394708e+01
3.771258228404345658e+01
3.771203106006026218e+01
3.771147014426748001e+01
3.771089956369875296e+01
3.771031934595626467e+01
3.770972951921161354e+01
3.770913011226227951e+01
3.770852115461043752e+01
3.770790267646975025e+01
3.770727470866792430e+01
3.770663728252689140e+01
3.770599042980145299e+01
3.770533418266857240e+01
3.770466857371863512e+01
3.770399363594870579e+01
3.770330940281223064e+01
3.770261590833800369e+01
3.770191318724223351e+01
3.770120127496279139e+01
3.770048020762810381e+01
3.769975002201059766e+01
3.769901075548587244e+01
3.769826244599492782e+01
3.769750513200241215e+01
3.769673885245106248e+01
3.769596364675507516e+01
3.769517955489092742e+01
3.769438661753788011e+01
3.769358487615323128e+01
3.769277437298328692e+01
3.769195515109871053e+01
3.769112725447663337e+01
3.769029072808278613e+01
3.768944561790980430e+01
3.768859197095125779e+01
3.768772983510555008e+01
3.768685925903697864e+01
3.768598029205143263e+01
3.768509298402273799e+01
3.768419738537939878e+01
3.768329354715081081e+01
3.768238152104171235e+01
3.768146135949104547e+01
3.768053311568898067e+01
3.767959684352771177e+01
3.767865259748110418e+01
3.767770043245811706e+01
3.767674040369516320e+01
3.767577256674103126e+01
3.767479697753729795e+01
3.767381369252697709e+01
3.767282276871935665e+01
3.767182426367887160e+01
3.767081823544870645e+01
3.766980474248127564e+01
3.766878384363877785e+01
3.766775559823571484e+01
3.766672006607456780e+01
3.766567730747370035e+01
3.766462738331279780e+01
3.766357035512122309e+01
3.766250628518869803e+01
3.766143523663907189e+01
3.766035727344853257e+01
3.765927246042780041e+01
3.765818086317506896e+01
3.765708254800956212e+01
3.765597758190791922e+01
3.765486603245335573e+01
3.765374796779153854e+01
3.765262345658172194e+01
3.765149256793417720e+01
3.765035537133888965e+01
3.764921193659717602e+01
3.764806233376113198e+01
3.764690663308184071e+01
3.764574490496339365e+01
3.764457721991116301e+01
3.764340364846149356e+01
3.764222426108128872e+01
3.764103912803827257e+01
3.763984831928306818e+01
3.763865190439353370e+01
3.763744995258249304e+01
3.763624253273074061e+01
3.763502971341135606e+01
3.763381156288861717e+01
3.763258814909072214e+01
3.763135953956294344e+01
3.763012580141695196e+01
3.762888700129861519e+01
3.762764320537436191e+01
3.762639447931068304e+01
3.762514088823323988e+01
3.762388249667618112e+01
3.762261936854513777e+01
3.762135156711237016e+01
3.762007915503628652e+01
3.761880219437606598e+01
3.761752074657610478e+01
3.761623487241928387e+01
3.761494463198224736e+01
3.761365008463155135e+01
3.761235128905683212e+01
3.761104830330302207e+01
3.760974118478213057e+01
3.760842999027818934e+01
3.760711477596291985e+01
3.760579559741433542e+01
3.760447250961588850e+01
3.760314556694292065e+01
3.760181482316959745e+01
3.760048033149923441e+01
3.759914214458683546e+01
3.759780031453823312e+01
3.759645489289365372e+01
3.759510593060743844e+01
3.759375347803940315e+01
3.759239758496279649e+01
3.759103830056447038e+01
3.758967567342062921e+01
3.758830975147467512e+01
3.758694058203637667e+01
3.758556821176839691e+01
3.758419268662514412e+01
3.758281405177013568e+01
3.758143235151970885e+01
3.758004762931300746e+01
3.757865992768787322e+01
3.757726928827515422e+01
3.757587575181844386e+01
3.757447935818405682e+01
3.757308014634366344e+01
3.757167815435897040e+01
3.757027341938875509e+01
3.756886597770373015e+01
3.756745586468871778e+01
3.756604311483314973e+01
3.756462776172648432e+01
3.756320983805938596e+01
3.756178937561524123e+01
3.756036640525678649e+01
3.755894095693413703e+01
3.755751305971724463e+01
3.755608274182146289e+01
3.755465003060589879e+01
3.755321495256004738e+01
3.755177753330114854e+01
3.755033779758421986e+01
3.754889576931599038e+01
3.754745147157078122e+01
3.754600492660833311e+01
3.754455615588971540e+01
3.754310518009805264e+01
3.754165201916712391e+01
3.754019669229137435e+01
3.753873921790483337e+01
3.753727961365805044e+01
3.753581789641840061e+01
3.753435408229771753e+01
3.753288818670615967e+01
3.753142022442077064e+01
3.752995020964520023e+01
3.752847815605002069e+01
3.752700407680713113e+01
3.752552798462809847e+01
3.752404989179083117e+01
3.752256981012529735e+01
3.752108775093886095e+01
3.751960372491050322e+01
3.751811774202686678e+01
3.751662981159332588e+01
3.751513994227725135e+01
3.751364814213464882e+01
3.751215441862225219e+01
3.751065877861733355e+01
3.750916122845612222e+01
3.750766177400040391e+01
3.750616042073336587e+01
3.750465717386910569e+01
3.750315203845431000e+01
3.750164501943780948e+01
3.750013612170801025e+01
3.749862535013127030e+01
3.749711270960295906e+01
3.749559820508293484e+01
3.749408184160374446e+01
3.749256362427979639e+01
3.749104355833603108e+01
3.748952164914145868e+01
3.748799790223394979e+01
3.748647232333816959e+01
3.748494491837769260e+01
3.748341569347834934e+01
3.748188465496674127e+01
3.748035180937259270e+01
3.747881716343604097e+01
3.747728072410902200e+01
3.747574249854110917e+01
3.747420249406437165e+01
3.747266071820261146e+01
3.747111717869222502e+01
3.746957188347978729e+01
3.746802484069422690e+01
3.746647605861321750e+01
3.746492554562954069e+01
3.746337331021550199e+01
3.746181936089221409e+01
3.746026370622717394e+01
3.745870635487952427e+01
3.745714731566190636e+01
3.745558659755360509e+01
3.745402420964647661e+01
3.745246016106556652e+01
3.745089446091308361e+01
3.744932711825816796e+01
3.744775814215591225e+01
3.744618754167611030e+01
3.744461532596899644e+01
3.744304150438069456e+01
3.744146608655795916e+01
3.743988908248275749e+01
3.743831050244551761e+01
3.743673035701836938e+01
3.743514865707705752e+01
3.743356541384044789e+01
3.743198063886519833e+01
3.743039434400338905e+01
3.742880654135242224e+01
3.742721724314058207e+01
3.742562646147722916e+01
3.742403420803772462e+01
3.742244049385841009e+01
3.742084532932156549e+01
3.741924872424359449e+01
3.741765068796034654e+01
3.741605122940067218e+01
3.741445035717760703e+01
3.741284807971743476e+01
3.741124440545317498e+01
3.740963934305009531e+01
3.740803290156311078e+01
3.740642509046852382e+01
3.740481591958955931e+01
3.740320539897126650e+01
3.740159353876225623e+01
3.739998034912364488e+01
3.739836584015660748e+01
3.739675002184839769e+01
3.739513290403684209e+01
3.739351449637098312e+01
3.739189480826101430e+01
3.739027384888077421e+01
3.738865162728329494e+01
3.738702815259325973e+01
3.738540343420631018e+01
3.738377748194353956e+01
3.738215030611633694e+01
3.738052191749293485e+01
3.737889232719082599e+01
3.737726154652053623e+01
3.737562958684691949e+01
3.737399645957709282e+01
3.737236217627305734e+01
3.737072674873702027e+01
3.736909018895844525e+01
3.736745250895194204e+01
3.736581372058257955e+01
3.736417383544468862e+01
3.736253286479526281e+01
3.736089081952144397e+01
3.735924771013628742e+01
3.735760354682415851e+01
3.735595833957772527e+01
3.735431209840020728e+01
3.735266483347450617e+01
3.735101655528950459e+01
3.734936727479164631e+01
3.734771700353461910e+01
3.734606575373448578e+01
3.734441353824016829e+01
3.734276037053501085e+01
3.734110626485625062e+01
3.733945123642553199e+01
3.733779530168919081e+01
3.733613847843379574e+01
3.733448078575464990e+01
3.733282224397266447e+01
3.733116287458236826e+01
3.732950270024770134e+01
3.732784174481724193e+01
3.732618003333070789e+01
3.732451759202348285e+01
3.732285444834867860e+01
3.732119063100312673e+01
3.731952616992215610e+01
3.731786109624518843e+01
3.731619544228909291e+01
3.731452924153716566e+01
3.731286252862027908e+01
3.731119533928537635e+01
3.730952771035133964e+01
3.730785967963559813e+01
3.730619128585928479e+01
3.730452256855442528e+01
3.730285356795643281e+01
3.730118432486059987e+01
3.729951488046883412e+01
3.729784527626370760e+01
3.729617555392043471e+01
3.729450575525299172e+01
3.729283592218747856e+01
3.729116609675403282e+01
3.728949632108746215e+01
3.728782663742890691e+01
3.728615708812645124e+01
3.728448771563774500e+01
3.728281856253358484e+01
3.728114967150342096e+01
3.727948108537453464e+01
3.727781284714288290e+01
3.727614499999226894e+01
3.727447758728620641e+01
3.727281065253352210e+01
3.727114423933345932e+01
3.726947839131402418e+01
3.726781315209946399e+01
3.726614856533434050e+01
3.726448467473382919e+01
3.726282152411067017e+01
3.726115915736608741e+01
3.725949761845436825e+01
3.725783695132702178e+01
3.725617719986328069e+01
3.725451840780352342e+01
3.725286061870024668e+01
3.725120387588945903e+01
3.724954822248452757e+01
3.724789370140016587e+01
3.724624035540469436e+01
3.724458822717328843e+01
3.724293735931295402e+01
3.724128779435729797e+01
3.723963957474086328e+01
3.723799274276176163e+01
3.723634734054915896e+01
3.723470341004541950e+01
3.723306099299597349e+01
3.723142013094213354e+01
3.722978086521784746e+01
3.722814323694540661e+01
3.722650728702341638e+01
3.722487305610982133e+01
3.722324058460892360e+01
3.722160991266219554e+01
3.721998108013526974e+01
3.721835412660097830e+01
3.721672909132534102e+01
3.721510601325451262e+01
3.721348493099977617e+01
3.721186588283423902e+01
3.721024890670898344e+01
3.720863404026827936e+01
3.720702132085109071e+01
3.720541078551311642e+01
3.720380247111499017e+01
3.720219641445437020e+01
3.720059265235902046e+01
3.719899122170784977e+01
3.719739215942460220e+01
3.719579550247745914e+01
3.719420128787177759e+01
3.719260955263020207e+01
3.719102033377756555e+01
3.718943366833855180e+01
3.718784959333429185e+01
3.718626814576926876e+01
3.718468936262890168e+01
3.718311328090735657e+01
3.718153993764310883e+01
3.717996936992141599e+01
3.717840161482708083e+01
3.717683670936798990e+01
3.717527469041036170e+01
3.717371559464803710e+01
3.717215945859813075e+01
3.717060631861123454e+01
3.716905621089235012e+01
3.716750917152862854e+01
3.716596523651421080e+01
3.716442444176139759e+01
3.716288682310305092e+01
3.716135241630474439e+01
3.715982125709150807e+01
3.715829338117068659e+01
3.715676882423234417e+01
3.715524762193511776e+01
3.715372980990566987e+01
3.715221542377026509e+01
3.715070449921463336e+01
3.714919707204765587e+01
3.714769317822715067e+01
3.714619285382127600e+01
3.714469613494269140e+01
3.714320305772654507e+01
3.714171365836495653e+01
3.714022797314829916e+01
3.713874603848019262e+01
3.713726789087301228e+01
3.713579356693847444e+01
3.713432310337049813e+01
3.713285653690169141e+01
3.713139390423063446e+01
3.712993524194725126e+01
3.712848058648146576e+01
3.712702997407433259e+01
3.712558344076079919e+01
3.712414102236322577e+01
3.712270275451116675e+01
3.712126867270690411e+01
3.711983881242321814e+01
3.711841320918834697e+01
3.711699189863112025e+01
3.711557491649097074e+01
3.711416229860648031e+01
3.711275408089327499e+01
3.711135029931894991e+01
3.710995098987893215e+01
3.710855618857823401e+01
3.710716593142876008e+01
3.710578025446999817e+01
3.710439919380135620e+01
3.710302278559603906e+01
3.710165106608565111e+01
3.710028407153506436e+01
3.709892183822315559e+01
3.709756440242833975e+01
3.709621180041805388e+01
3.709486406845670103e+01
3.709352124285160812e+01
3.709218336001745087e+01
3.709085045650271439e+01
3.708952256895572930e+01
3.708819973406344417e+01
3.708688198850087758e+01
3.708556936890590805e+01
3.708426191188719656e+01
3.708295965407099715e+01
3.708166263216362069e+01
3.708037088298851813e+01
3.707908444348734633e+01
3.707780335069664090e+01
3.707652764170988036e+01
3.707525735364441033e+01
3.707399252362883857e+01
3.707273318880889690e+01
3.707147938637767481e+01
3.707023115362819965e+01
3.706898852799149324e+01
3.706775154702482666e+01
3.706652024835133830e+01
3.706529466957624663e+01
3.706407484820887532e+01
3.706286082161683737e+01
3.706165262703669327e+01
3.706045030164698062e+01
3.705925388266261677e+01
3.705806340738938331e+01
3.705687891322479288e+01
3.705570043763661658e+01
3.705452801814031716e+01
3.705336169227462761e+01
3.705220149757218451e+01
3.705104747154772582e+01
3.704989965173592026e+01
3.704875807576040359e+01
3.704762278138912279e+01
3.704649380658581492e+01
3.704537118959941466e+01
3.704425496908175575e+01
3.704314518416238400e+01
3.704204187442299911e+01
3.704094507979888107e+01
3.703985484049192678e+01
3.703877119693829911e+01
3.703769418980816397e+01
3.703662386001323625e+01
3.703556024871331687e+01
3.703450339730529350e+01
3.703345334738779115e+01
3.703241014072190751e+01
3.703137381920945614e+01
3.703034442489559552e+01
3.702932199999476381e+01
3.702830658693224564e+01
3.702729822838666962e+01
3.702629696731204945e+01
3.702530284692181795e+01
3.702431591064168259e+01
3.702333620205759246e+01
3.702236376487834235e+01
3.702139864291758187e+01
3.702044088008950240e+01
3.701949052040156118e+01
3.701854760792384980e+01
3.701761218671848042e+01
3.701668430073974747e+01
3.701576399375570503e+01
3.701485130932333334e+01
3.701394629079285892e+01
3.701304898131505183e+01
3.701215942385432101e+01
3.701127766120958995e+01
3.701040373603322564e+01
3.700953769083823630e+01
3.700867956798990832e+01
3.700782940968767321e+01
3.700698725794597266e+01
3.700615315457515919e+01
3.700532714116330624e+01
3.700450925906775268e+01
3.700369954942032535e+01
3.700289805313928326e+01
3.700210481094230630e+01
3.700131986335553336e+01
3.700054325072255779e+01
3.699977501323783713e+01
3.699901519099950065e+01
3.699826382402712710e+01
3.699752095222298465e+01
3.699678661531377344e+01
3.699606085280503009e+01
3.699534370395403471e+01
3.699463520775437786e+01
3.699393540292050631e+01
3.699324432786936256e+01
3.699256202070586852e+01
3.699188851921232413e+01
3.699122386083487157e+01
3.699056808266991681e+01
3.698992122146126604e+01
3.698928331360895783e+01
3.698865439517999221e+01
3.698803450191518749e+01
3.698742366923599434e+01
3.698682193225521075e+01
3.698622932578864919e+01
3.698564588436872924e+01
3.698507164226976585e+01
3.698450663354196877e+01
3.698395089202698216e+01
3.698340445133830912e+01
3.698286734483195914e+01
3.698233960558977884e+01
3.698182126640468681e+01
3.698131235977567854e+01
3.698081291790862934e+01
3.698032297265666557e+01
3.697984255540115583e+01
3.697937169698816717e+01
3.697891042776624460e+01
3.697845877765434608e+01
3.697801677618445382e+01
3.697758445251008652e+01
3.697716183537481527e+01
3.697674895304766096e+01
3.697634583326632907e+01
3.697595250322807914e+01
3.697556898962737648e+01
3.697519531872080023e+01
3.697483151639679022e+01
3.697447760822007723e+01
3.697413361944101240e+01
3.697379957499416037e+01
3.697347549951348356e+01
3.697316141735423400e+01
3.697285735257694483e+01
3.697256332888458275e+01
3.697227936958113759e+01
3.697200549760619737e+01
3.697174173559867683e+01
3.697148810590504553e+01
3.697124463051154919e+01
3.697101133094916037e+01
3.697078822822380317e+01
3.697057534277971058e+01
3.697037269447152141e+01
3.697018030252856136e+01
3.696999818551621075e+01
3.696982636131086508e+01
3.696966484710705458e+01
3.696951365946345902e+01
3.696937281437820388e+01
3.696924232737381288e+01
3.696912221355979966e+01
3.696901248764649495e+01
3.696891316391989335e+01
3.696882425620094637e+01
3.696874577780282323e+01
3.696867774152229202e+01
3.696862015971582593e+01
3.696857304444875325e+01
3.696853640764241788e+01
3.696851026117265349e+01
3.696849461692633554e+01
3.696848948682089286e+01
3.696849488277609197e+01
3.696851081664490835e+01
3.696853730012092853e+01
3.696857434462828707e+01
3.696862196120861910e+01
3.696868016042650851e+01
3.696874895228857127e+01
3.696882834617225910e+01
3.696891835078969279e+01
3.696901897418950966e+01
3.696913022376060809e+01
3.696925210622418945e+01
3.696938462763748845e+01
3.696952779341989981e+01
3.696968160837807460e+01
3.696984607669888589e+01
3.697002120190049368e+01
3.697020698675607520e+01
3.697040343320690425e+01
3.697061054226852406e+01
3.697082831393595370e+01
3.697105674710834933e+01
3.697129583956433407e+01
3.697154558802397162e+01
3.697180598829547193e+01
3.697207703542873247e+01
3.697235872380259991e+01
3.697265104716242945e+01
3.697295399866055021e+01
3.697326757091329341e+01
3.697359175604824344e+01
3.697392654571447679e+01
3.697427193106256738e+01
3.697462790272458477e+01
3.697499445080867275e+01
3.697537156490046328e+01
3.697575923406247966e+01
3.697615744682871508e+01
3.697656619119327104e+01
3.697698545459417829e+01
3.697741522389522828e+01
3.697785548537557077e+01
3.697830622473780693e+01
3.697876742712775666e+01
3.697923907715033209e+01
3.697972115887754541e+01
3.698021365585174181e+01
3.698071655109159650e+01
3.698122982711964113e+01
3.698175346601406233e+01
3.698228744944881186e+01
3.698283175868890282e+01
3.698338637455351119e+01
3.698395127737621380e+01
3.698452644697194103e+01
3.698511186261077199e+01
3.698570750299757037e+01
3.698631334624183609e+01
3.698692936980221901e+01
3.698755555043008769e+01
3.698819186415292393e+01
3.698883828629191584e+01
3.698949479145996833e+01
3.699016135349832268e+01
3.699083794538500314e+01
3.699152453919086980e+01
3.699222110609320424e+01
3.699292761639310356e+01
3.699364403951152269e+01
3.699437034398131630e+01
3.699510649744324553e+01
3.699585246663116322e+01
3.699660821736212313e+01
3.699737371457418078e+01
3.699814892240701880e+01
3.699893380427871392e+01
3.699972832292930747e+01
3.700053244041277623e+01
3.700134611801494344e+01
3.700216931612170868e+01
3.700300199412328794e+01
3.700384411039829757e+01
3.700469562232221676e+01
3.700555648624268912e+01
3.700642665744020832e+01
3.700730609014137684e+01
3.700819473764128986e+01
3.700909255249404595e+01
3.700999948664966865e+01
3.701091549149168713e+01
3.701184051782696827e+01
3.701277451587842648e+01
3.701371743531864666e+01
3.701466922536681636e+01
3.701562983492266312e+01
3.701659921269065023e+01
3.701757730727680951e+01
3.701856406727007709e+01
3.701955944131673704e+01
3.702056337817732867e+01
3.702157582676405667e+01
3.702259673618306124e+01
3.702362605579516952e+01
3.702466373527959576e+01
3.702570972468201660e+01
3.702676397444115963e+01
3.702782643539599405e+01
3.702889705877724680e+01
3.702997579618723023e+01
3.703106259957284152e+01
3.703215742119858334e+01
3.703326021362439491e+01
3.703437092968445654e+01
3.703548952245529335e+01
3.703661594520435330e+01
3.703775015132105608e+01
3.703889209424586682e+01
3.704004172742371992e+01
3.704119900429445522e+01
3.704236387830369637e+01
3.704353630291563348e+01
3.704471623162876881e+01
3.704590361799452580e+01
3.704709841561054162e+01
3.704830057805065024e+01
3.704951005875389569e+01
3.705072681095547438e+01
3.705195078768870331e+01
3.705318194180362212e+01
3.705442022596406559e+01
3.705566559263701976e+01
3.705691799408482723e+01
3.705817738235060688e+01
3.705944370923484144e+01
3.706071692627880765e+01
3.706199698476458337e+01
3.706328383571592866e+01
3.706457742988465753e+01
3.706587771774177753e+01
3.706718464949982916e+01
3.706849817515179524e+01
3.706981824448951102e+01
3.707114480708990811e+01
3.707247781229543904e+01
3.707381720922079182e+01
3.707516294677512292e+01
3.707651497365806392e+01
3.707787323831863802e+01
3.707923768890250216e+01
3.708060827320600339e+01
3.708198493863799428e+01
3.708336763218361654e+01
3.708475630036514303e+01
3.708615088921059311e+01
3.708755134425350519e+01
3.708895761056781026e+01
3.709036963281138810e+01
3.709178735525021864e+01
3.709321072176103229e+01
3.709463967583786115e+01
3.709607416062587504e+01
3.709751411897466511e+01
3.709895949348084088e+01
3.710041022650330689e+01
3.710186626016391642e+01
3.710332753635010050e+01
3.710479399671551448e+01
3.710626558266898201e+01
3.710774223535567984e+01
3.710922389563727819e+01
3.711071050407115735e+01
3.711220200088957455e+01
3.711369832598273888e+01
3.711519941889258689e+01
3.711670521883091567e+01
3.711821566473937395e+01
3.711973069539037340e+01
3.712125024948605301e+01
3.712277426570656047e+01
3.712430268270868083e+01
3.712583543910881900e+01
3.712737247347282477e+01
3.712891372431653991e+01
3.713045913011314525e+01
3.713200862930145973e+01
3.713356216029525569e+01
3.713511966149930288e+01
3.713668107132842522e+01
3.713824632821867056e+01
3.713981537063171601e+01
3.714138813705729092e+01
3.714296456600879281e+01
3.714454459600523961e+01
3.714612816554057417e+01
3.714771521304905377e+01
3.714930567687257934e+01
3.715089949522803181e+01
3.715249660618238181e+01
3.715409694765508419e+01
3.715570045744675554e+01
3.715730707326297022e+01
3.715891673271179485e+01
3.716052937329249062e+01
3.716214493239980499e+01
3.716376334733415376e+01
3.716538455528839080e+01
3.716700849330241141e+01
3.716863509820995404e+01
3.717026430660980196e+01
3.717189605486908732e+01
3.717353027915190467e+01
3.717516691547423591e+01
3.717680589977448591e+01
3.717844716797230831e+01
3.718009065600595875e+01
3.718173629985798812e+01
3.718338403557705618e+01
3.718503379929481412e+01
3.718668552722826348e+01
3.718833915566542458e+01
3.718999462095308672e+01
3.719165185950003405e+01
3.719331080779006271e+01
3.719497140240959965e+01
3.719663358010648579e+01
3.719829727785946005e+01
3.719996243291162585e+01
3.720162898277661156e+01
3.720329686527593083e+01
3.720496601860454433e+01
3.720663638135555829e+01
3.720830789249131954e+01
3.720998049133302032e+01
3.721165411762140707e+01
3.721332871160961275e+01
3.721500421411708714e+01
3.721668056653378187e+01
3.721835771081170208e+01
3.722003558946521906e+01
3.722171414555090507e+01
3.722339332256752442e+01
3.722507306427611695e+01
3.722675331452109049e+01
3.722843401711848088e+01
3.723011511581048438e+01
3.723179655424432610e+01
3.723347827593943293e+01
3.723516022425561545e+01
3.723684234240017332e+01
3.723852457347592093e+01
3.724020686053994922e+01
3.724188914664969019e+01
3.724357137489050018e+01
3.724525348839253525e+01
3.724693543034856447e+01
3.724861714402597812e+01
3.725029857272711808e+01
3.725197965967079483e+01
3.725366034787563763e+01
3.725534058014191174e+01
3.725702029909858481e+01
3.725869944724065164e+01
3.726037796696447657e+01
3.726205580063730594e+01
3.726373289068811800e+01
3.726540917967226108e+01
3.726708461028439956e+01
3.726875912536076640e+01
3.727043266794671439e+01
3.727210518144897833e+01
3.727377660980938145e+01
3.727544689763954722e+01
3.727711599031866996e+01
3.727878383406199703e+01
3.728045037594064581e+01
3.728211556386145276e+01
3.728377934654881187e+01
3.728544167355862982e+01
3.728710249533319399e+01
3.728876176326775749e+01
3.729041942973132961e+01
3.729207544802607543e+01
3.729372977232144848e+01
3.729538235759316223e+01
3.729703315957478793e+01
3.729868213472307303e+01
3.730032924019879204e+01
3.730197443386808942e+01
3.730361767431741526e+01
3.730525892085683637e+01
3.730689813349214745e+01
3.730853527287066385e+01
3.731017030021828162e+01
3.731180317727849172e+01
3.731343386626598146e+01
3.731506232985435645e+01
3.731668853118918605e+01
3.731831243388837294e+01
3.731993400201140076e+01
3.732155320001390919e+01
3.732316999270133806e+01
3.732478434516603727e+01
3.732639622270288271e+01
3.732800559073568536e+01
3.732961241477374159e+01
3.733121666038012165e+01
3.733281829313796862e+01
3.733441727864023818e+01
3.733601358253978475e+01
3.733760717064914303e+01
3.733919800902962294e+01
3.734078606401705258e+01
3.734237130217354661e+01
3.734395369020317190e+01
3.734553319489106116e+01
3.734710978308243057e+01
3.734868342167815314e+01
3.735025407764108962e+01
3.735182171801601214e+01
3.735338630994570508e+01
3.735494782066168540e+01
3.735650621743887712e+01
3.735806146752017298e+01
3.735961353803602236e+01
3.736116239594554855e+01
3.736270800800487990e+01
3.736425034074723328e+01
3.736578936045317789e+01
3.736732503309860931e+01
3.736885732428802953e+01
3.737038619919664484e+01
3.737191162253484578e+01
3.737343355854095961e+01
3.737495197101393529e+01
3.737646682338110082e+01
3.737797807876984990e+01
3.737948570006079052e+01
3.738098964993213968e+01
3.738248989090512708e+01
3.738398638537085361e+01
3.738547909560548987e+01
3.738696798384199127e+01
3.738845301242847086e+01
3.738993414400709980e+01
3.739141134163936897e+01
3.739288456885736878e+01
3.739435378965856671e+01
3.739581896848110176e+01
3.739728007019953537e+01
3.739873706017130672e+01
3.740018990432403712e+01
3.740163856922634267e+01
3.740308302210502234e+01
3.740452323082335084e+01
3.740595916382717689e+01
3.740739079005015810e+01
3.740881807881993382e+01
3.741024099982571727e+01
3.741165952313554754e+01
3.741307361921452213e+01
3.741448325893233573e+01
3.741588841357471296e+01
3.741728905485872758e+01
3.741868515493160885e+01
3.742007668634614959e+01
3.742146362203025234e+01
3.742284593526532888e+01
3.742422359967435597e+01
3.742559658921488364e+01
3.742696487818074758e+01
3.742832844122725788e+01
3.742968725341087577e+01
3.743104129020372284e+01
3.743239052747679807e+01
3.743373494150960568e+01
3.743507450905715928e+01
3.743640920742391387e+01
3.743773901448697927e+01
3.743906390866579414e+01
3.744038386887913106e+01
3.744169887452942902e+01
3.744300890550946548e+01
3.744431394221397369e+01
3.744561396556387223e+01
3.744690895703836020e+01
3.744819889869135920e+01
3.744948377315829191e+01
3.745076356368522852e+01
3.745203825418921895e+01
3.745330782931966240e+01
3.745457227449035287e+01
3.745583157588141887e+01
3.745708572042081386e+01
3.745833469574628083e+01
3.745957849014107666e+01
3.746081709243655666e+01
3.746205049189529745e+01
3.746327867811466916e+01
3.746450164100250646e+01
3.746571937087065152e+01
3.746693185862887532e+01
3.746813909597872083e+01
3.746934107552467452e+01
3.747053779079364944e+01
3.747172923617374352e+01
3.747291540679546529e+01
3.747409629842563561e+01
3.747527190743925019e+01
3.747644223085269743e+01
3.747760726633752881e+01
3.747876701216114270e+01
3.747992146709731287e+01
3.748107063041950227e+01
3.748221450204907512e+01
3.748335308280191924e+01
3.748448637460970190e+01
3.748561438066522555e+01
3.748673710551901195e+01
3.748785455513795029e+01
3.748896673691134396e+01
3.749007365961603711e+01
3.749117533337280150e+01
3.749227176960275898e+01
3.749336298097006903e+01
3.749444898130722237e+01
3.749552978553343507e+01
3.749660540958088717e+01
3.749767587035015026e+01
3.749874118570465242e+01
3.749980137446996764e+01
3.750085645639317278e+01
3.750190645207498363e+01
3.750295138293206776e+01
3.750399127121001186e+01
3.750502614001479884e+01
3.750605601333845840e+01
3.750708091607796035e+01
3.750810087404328641e+01
3.750911591394905287e+01
3.751012606338174749e+01
3.751113135072994709e+01
3.751213180509994771e+01
3.751312745627426182e+01
3.751411833472175061e+01
3.751510447161166439e+01
3.751608589880819267e+01
3.751706264886014708e+01
3.751803475499556839e+01
3.751900225111237575e+01
3.751996517175835777e+01
3.752092355210726993e+01
3.752187742793394420e+01
3.752282683558552634e+01
3.752377181195661393e+01
3.752471239447120155e+01
3.752564862105296584e+01
3.752658053007315431e+01
3.752750816029359981e+01
3.752843155082630489e+01
3.752935074110566660e+01
3.753026577084422399e+01
3.753117667995618234e+01
3.753208350847322095e+01
3.753298629648168117e+01
3.753388508408219337e+01
3.753477991136196579e+01
3.753567081838265551e+01
3.753655784519168037e+01
3.753744103184318703e+01
3.753832041840158240e+01
3.753919604492355688e+01
3.754006795143337882e+01
3.754093617790200454e+01
3.754180076423793366e+01
3.754266175028101316e+01
3.754351917577378828e+01
3.754437308031440779e+01
3.754522350332504743e+01
3.754607048404671588e+01
3.754691406154375954e+01
3.754775427470449500e+01
3.754859116223404669e+01
3.754942476264330509e+01
3.755025511423787066e+01
3.755108225510993236e+01
3.755190622314479754e+01
3.755272705604780725e+01
3.755354479138204482e+01
3.755435946661089019e+01
3.755517111913665929e+01
3.755597978631300293e+01
3.755678550542999261e+01
3.755758831370213358e+01
3.755838824827296918e+01
3.755918534621675064e+01
3.755997964451866267e+01
3.756077118003367588e+01
3.756155998943559382e+01
3.756234610916617100e+01
3.756312957537639363e+01
3.756391042385121892e+01
3.756468868994115695e+01
3.756546440853669111e+01
3.756623761408654616e+01
3.756700834063058636e+01
3.756777662183367283e+01
3.756854249103508181e+01
3.756930598131846466e+01
3.757006712557589623e+01
3.757082595653980661e+01
3.757158250677887423e+01
3.757233680865495984e+01
3.757308889423619291e+01
3.757383879519449721e+01
3.757458654273332854e+01
3.757533216755431482e+01
3.757607569984348572e+01
3.757681716926519755e+01
3.757755660495805472e+01
3.757829403552403846e+01
3.757902948900491680e+01
3.757976299284605659e+01
3.758049457384947090e+01
3.758122425812302225e+01
3.758195207104127178e+01
3.758267803723459366e+01
3.758340218060755689e+01
3.758412452435725015e+01
3.758484509095558934e+01
3.758556390210729603e+01
3.758628097873415186e+01
3.758699634100602793e+01
3.758771000839431053e+01
3.758842199971756060e+01
3.758913233316571478e+01
3.758984102630090973e+01
3.759054809602619684e+01
3.759125355852113159e+01
3.759195742918706884e+01
3.759265972264706335e+01
3.759336045278273986e+01
3.759405963276633145e+01
3.759475727507809495e+01
3.759545339151495824e+01
3.759614799318747913e+01
3.759684109049442213e+01
3.759753269305637957e+01
3.759822280960173657e+01
3.759891144783992445e+01
3.759959861436193762e+01
3.760028431456233733e+01
3.760096855257384618e+01
3.760165133124100834e+01
3.760233265216777454e+01
3.760301251585967464e+01
3.760369092192048157e+01
3.760436786921089691e+01
3.760504335593322622e+01
3.760571737967123340e+01
3.760638993738515978e+01
3.760706102532500950e+01
3.760773063887068446e+01
3.760839877239070006e+01
3.760906541920798674e+01
3.760973057167581857e+01
3.761039422130728838e+01
3.761105635889020959e+01
3.761171697453576002e+01
3.761237605765211356e+01
3.761303359687327230e+01
3.761368957998012519e+01
3.761434399383026062e+01
3.761499682430530100e+01
3.761564805631379471e+01
3.761629767388566137e+01
3.761694566032019083e+01
3.761759199830975575e+01
3.761823667000304283e+01
3.761887965701285452e+01
3.761952094039267536e+01
3.762016050061426142e+01
3.762079831755882964e+01
3.762143437051510375e+01
3.762206863817927172e+01
3.762270109865984580e+01
3.762333172949325188e+01
3.762396050767009825e+01
3.762458740966049930e+01
3.762521241142771089e+01
3.762583548843495151e+01
3.762645661565318278e+01
3.762707576756501027e+01
3.762769291815885708e+01
3.762830804091823467e+01
3.762892110881399788e+01
3.762953209430919799e+01
3.763014096939515696e+01
3.763074770567233429e+01
3.763135227445848585e+01
3.763195464687927938e+01
3.763255479391701641e+01
3.763315268644090139e+01
3.763374829525478305e+01
3.763434159118486377e+01
3.763493254521419829e+01
3.763552112862688404e+01
3.763610731308507695e+01
3.763669107059104846e+01
3.763727237336842535e+01
3.763785119374243493e+01
3.763842750405424908e+01
3.763900127658019557e+01
3.763957248342956774e+01
3.764014109644240591e+01
3.764070708711459901e+01
3.764127042653949928e+01
3.764183108537881139e+01
3.764238903390944557e+01
3.764294424212101120e+01
3.764349667978412839e+01
3.764404631646123534e+01
3.764459312148235881e+01
3.764513706392575898e+01
3.764567811264043939e+01
3.764621623629496838e+01
3.764675140341758919e+01
3.764728358246838269e+01
3.764781274199140881e+01
3.764833885077946718e+01
3.764886187795508476e+01
3.764938179296776610e+01
3.764989856556685766e+01
3.765041216578615035e+01
3.765092256393428016e+01
3.765142973054816622e+01
3.765193363626654133e+01
3.765243425166747215e+01
3.765293154715651980e+01
3.765342549289776741e+01
3.765391605874680891e+01
3.765440321421201020e+01
3.765488692844201779e+01
3.765536717018215285e+01
3.765584390775127588e+01
3.765631710917934072e+01
3.765678674247257618e+01
3.765725277581537256e+01
3.765771517763870690e+01
3.765817391663501468e+01
3.765862896177498698e+01
3.765908028230977322e+01
3.765952784776931139e+01
3.765997162802592158e+01
3.766041159342412925e+01
3.766084771488126393e+01
3.766127996391018939e+01
3.766170831259715612e+01
3.766213273356316193e+01
3.766255319990970918e+01
3.766296968515675303e+01
3.766338216319334720e+01
3.766379060824780112e+01
3.766419499486360678e+01
3.766459529786865801e+01
3.766499149233854382e+01
3.766538355356282608e+01
3.766577145702102314e+01
3.766615517837129801e+01
3.766653469345570215e+01
3.766690997831999965e+01
3.766728100923066336e+01
3.766764776267522308e+01
3.766801021534710259e+01
3.766836834410506896e+01
3.766872212589675684e+01
3.766907153767036220e+01
3.766941655631764263e+01
3.766975715867433649e+01
3.767009332157515189e+01
3.767042502193405085e+01
3.767075223681879947e+01
3.767107494350299390e+01
3.767139311948702129e+01
3.767170674249459239e+01
3.767201579048592208e+01
3.767232024172248117e+01
3.767262007485613395e+01
3.767291526899199994e+01
3.767320580371425365e+01
3.767349165908375852e+01
3.767377281559862467e+01
3.767404925411972982e+01
3.767432095580014106e+01
3.767458790205160568e+01
3.767485007454503432e+01
3.767510745524229065e+01
3.767536002646881599e+01
3.767560777100477054e+01
3.767585067212950634e+01
3.767608871357046496e+01
3.767632187938399824e+01
3.767655015384783468e+01
3.767677352142272440e+01
3.767699196679495088e+01
3.767720547497339112e+01
3.767741403137877398e+01
3.767761762186285068e+01
3.767781623264378510e+01
3.767800985019670179e+01
3.767819846113360427e+01
3.767838205207154090e+01
3.767856060952421160e+01
3.767873411989871357e+01
3.767890256961805306e+01
3.767906594529520703e+01
3.767922423383807740e+01
3.767937742239759302e+01
3.767952549822623354e+01
3.767966844857258479e+01
3.767980626060707294e+01
3.767993892138667178e+01
3.768006641792482725e+01
3.768018873727308460e+01
3.768030586647605418e+01
3.768041779243779388e+01
3.768052450179302326e+01
3.768062598080080505e+01
3.768072221525765286e+01
3.768081319044672739e+01
3.768089889115133673e+01
3.768097930175120780e+01
3.768105440639284609e+01
3.768112418924948770e+01
3.768118863485508996e+01
3.768124772834190850e+01
3.768130145541702092e+01
3.768134980214792051e+01
3.768139275479003913e+01
3.768143029983535541e+01
3.768146242426756487e+01
3.768148911583961791e+01
3.768151036322954184e+01
3.768152615610273415e+01
3.768153648514213216e+01
3.768154134202187322e+01
3.768154071931865445e+01
3.768153461047178610e+01
3.768152300989909520e+01
3.768150591319567155e+01
3.768148331724101041e+01
3.768145522012989801e+01
3.768142162096496861e+01
3.768138251962002983e+01
3.768133791655306908e+01
3.768128781265732385e+01
3.768123220915025229e+01
3.768117110755611066e+01
3.768110450979078507e+01
3.768103241829044947e+01
3.768095483613247154e+01
3.768087176712123920e+01
3.768078321581751311e+01
3.768068918751030338e+01
3.768058968816148280e+01
3.768048472435334162e+01
3.768037430324487502e+01
3.768025843253400353e+01
3.768013712042654362e+01
3.768001037561010236e+01
3.767987820721431547e+01
3.767974062474578290e+01
3.767959763807267848e+01
3.767944925757013408e+01
3.767929549438733972e+01
3.767913636068937677e+01
3.767897186979283219e+01
3.767880203613490409e+01
3.767862687502036323e+01
3.767844640225556674e+01
3.767826063389644986e+01
3.767806958621664393e+01
3.767787327583636170e+01
3.767767171989994779e+01
3.767746493619993942e+01
3.767725294319489393e+01
3.767703575994250542e+01
3.767681340600933737e+01
3.767658590141174813e+01
3.767635326661233108e+01
3.767611552256508389e+01
3.767587269078688195e+01
3.767562479343090587e+01
3.767537185334545313e+01
3.767511389411037470e+01
3.767485094003748003e+01
3.767458301612028038e+01
3.767431014794672706e+01
3.767403236162948588e+01
3.767374968381806610e+01
3.767346214178690644e+01
3.767316976351766300e+01
3.767287257773177345e+01
3.767257061390262152e+01
3.767226390227840938e+01
3.767195247391085644e+01
3.767163636066641885e+01
3.767131559521894957e+01
3.767099021104438350e+01
3.767066024241243838e+01
3.767032572435012128e+01
3.766998669258087773e+01
3.766964318346956730e+01
3.766929523398601276e+01
3.766894288168115423e+01
3.766858616467979459e+01
3.766822512168896964e+01
3.766785979199070056e+01
3.766749021539090592e+01
3.766711643214499361e+01
3.766673848291068794e+01
3.766635640875153967e+01
3.766597025117746256e+01
3.766558005221643413e+01
3.766518585451346013e+01
3.766478770139356413e+01
3.766438563679711393e+01
3.766397970507295412e+01
3.766356995070628955e+01
3.766315641806704662e+01
3.766273915121855254e+01
3.766231819378870682e+01
3.766189358887412197e+01
3.766146537895900082e+01
3.766103360587973015e+01
3.766059831083531151e+01
3.766015953436853181e+01
3.765971731627995212e+01
3.765927169556821497e+01
3.765882271053299490e+01
3.765837039901531114e+01
3.765791479861061219e+01
3.765745594680583963e+01
3.765699388112431478e+01
3.765652863929201999e+01
3.765606025937278645e+01
3.765558877986835995e+01
3.765511423977367400e+01
3.765463667856591456e+01
3.765415613617697943e+01
3.765367265297089006e+01
3.765318626965585480e+01
3.765269702711455579e+01
3.765220496624324653e+01
3.765171012787161686e+01
3.765121255274021195e+01
3.765071228148852356e+01
3.765020935464504959e+01
3.764970381259205112e+01
3.764919569546403721e+01
3.764868504304627095e+01
3.764817189479018111e+01
3.764765628991742830e+01
3.764713826748982228e+01
3.764661786639653940e+01
3.764609512526040191e+01
3.764557008226629620e+01
3.764504277496131124e+01
3.764451324010261857e+01
3.764398151357550404e+01
3.764344763036304187e+01
3.764291162457024598e+01
3.764237352951261784e+01
3.764183337783777006e+01
3.764129120163241282e+01
3.764074703249627873e+01
3.764020090156925846e+01
3.763965283950692253e+01
3.763910287645217068e+01
3.763855104204286306e+01
3.763799736543997909e+01
3.763744187536939734e+01
3.763688460018895654e+01
3.763632556796730455e+01
3.763576480655390810e+01
3.763520234365295636e+01
3.763463820693920070e+01
3.763407242422248089e+01
3.763350502360933802e+01
3.763293603360129680e+01
3.763236548311229512e+01
3.763179340142284701e+01
3.763121981807959315e+01
3.763064476275790327e+01
3.763006826517312220e+01
3.762949035510875717e+01
3.762891106247580808e+01
3.762833041724258010e+01
3.762774844920566863e+01
3.762716518776588259e+01
3.762658066190478223e+01
3.762599490038915917e+01
3.762540793205640455e+01
3.762481978602583155e+01
3.762423049177554901e+01
3.762364007909956598e+01
3.762304857802005387e+01
3.762245601874442968e+01
3.762186243167020905e+01
3.762126784737028373e+01
3.762067229653057865e+01
3.762007580986815469e+01
3.761947841808149917e+01
3.761888015187091838e+01
3.761828104199403100e+01
3.761768111927548119e+01
3.761708041455232632e+01
3.761647895862530078e+01
3.761587678226658227e+01
3.761527391623920380e+01
3.761467039127269629e+01
3.761406623799875604e+01
3.761346148686840962e+01
3.761285616806039656e+01
3.761225031139351671e+01
3.761164394628077901e+01
3.761103710176251269e+01
3.761042980656377210e+01
3.760982208903492108e+01
3.760921397691879520e+01
3.760860549706623601e+01
3.760799667524997858e+01
3.760738753608965368e+01
3.760677810300889945e+01
3.760616839818858637e+01
3.760555844253752866e+01
3.760494825569542598e+01
3.760433785608834967e+01
3.760372726109138597e+01
3.760311648729456380e+01
3.760250555074535583e+01
3.760189446705292227e+01
3.760128325137149119e+01
3.760067191833508815e+01
3.760006048198740558e+01
3.759944895574471246e+01
3.759883735242411973e+01
3.759822568432535661e+01
3.759761396331846584e+01
3.759700220090121547e+01
3.759639040823025624e+01
3.759577859615032480e+01
3.759516677522539396e+01
3.759455495576106898e+01
3.759394314781429358e+01
3.759333136116800489e+01
3.759271960525515510e+01
3.759210788907974177e+01
3.759149622119442569e+01
3.759088460973750756e+01
3.759027306248258782e+01
3.758966158684244618e+01
3.758905018981739943e+01
3.758843887794460414e+01
3.758782765731267261e+01
3.758721653365319781e+01
3.758660551245860404e+01
3.758599459906589146e+01
3.758538379867807322e+01
3.758477311631347817e+01
3.758416255669078510e+01
3.758355212409458801e+01
3.758294182228279823e+01
3.758233165445547996e+01
3.758172162324606802e+01
3.758111173069891464e+01
3.758050197824200467e+01
3.757989236667426525e+01
3.757928289616847906e+01
3.757867356628389643e+01
3.757806437598765825e+01
3.757745532368594610e+01
3.757684640725803860e+01
3.757623762407968115e+01
3.757562897102890531e+01
3.757502044447525691e+01
3.757441204026520154e+01
3.757380375373082870e+01
3.757319557972589763e+01
3.757258751265598562e+01
3.757197954648237470e+01
3.757137167471227457e+01
3.757076389039199427e+01
3.757015618610396501e+01
3.756954855396088533e+01
3.756894098560082540e+01
3.756833347220180741e+01
3.756772600452756450e+01
3.756711857298400759e+01
3.756651116765036846e+01
3.756590377827235017e+01
3.756529639422705458e+01
3.756468900447420367e+01
3.756408159750257880e+01
3.756347416126959615e+01
3.756286668315159005e+01
3.756225914995253845e+01
3.756165154798102179e+01
3.756104386312515686e+01
3.756043608084969776e+01
3.755982818612680774e+01
3.755922016338053737e+01
3.755861199648482085e+01
3.755800366877905816e+01
3.755739516305931858e+01
3.755678646153835842e+01
3.755617754578815948e+01
3.755556839669116442e+01
3.755495899441689289e+01
3.755434931841019619e+01
3.755373934738153707e+01
3.755312905931182144e+01
3.755251843147279800e+01
3.755190744043974149e+01
3.755129606206998716e+01
3.755068427144347964e+01
3.755007204279553434e+01
3.754945934948178632e+01
3.754884616399954922e+01
3.754823245807452281e+01
3.754761820277862938e+01
3.754700336859527710e+01
3.754638792539105907e+01
3.754577184237486875e+01
3.754515508816020741e+01
3.754453763090934615e+01
3.754391943842583146e+01
3.754330047815058435e+01
3.754268071713462263e+01
3.754206012204393517e+01
3.754143865918769052e+01
3.754081629454942970e+01
3.754019299381918273e+01
3.753956872242564202e+01
3.753894344555853024e+01
3.753831712817349597e+01
3.753768973498331718e+01
3.753706123045014920e+01
3.753643157878354941e+01
3.753580074393268973e+01
3.753516868956885588e+01
3.753453537906595727e+01
3.753390077548202441e+01
3.753326484154364806e+01
3.753262753964599341e+01
3.753198883188592561e+01
3.753134868012048742e+01
3.753070704600879282e+01
3.753006389101305729e+01
3.752941917638104030e+01
3.752877286313248106e+01
3.752812491204936407e+01
3.752747528367986263e+01
3.752682393836074937e+01
3.752617083624279104e+01
3.752551593732586355e+01
3.752485920151838883e+01
3.752420058870266928e+01
3.752354005878654419e+01
3.752287757174339333e+01
3.752221308762582197e+01
3.752154656651509868e+01
3.752087796843056822e+01
3.752020725330540785e+01
3.751953438107727834e+01
3.751885931182278000e+01
3.751818200584624208e+01
3.751750242370410859e+01
3.751682052621964658e+01
3.751613627454342037e+01
3.751544963025468604e+01
3.751476055546471855e+01
3.751406901289292506e+01
3.751337496590589637e+01
3.751267837852431342e+01
3.751197921541042746e+01
3.751127744186422319e+01
3.751057302386058723e+01
3.750986592810495779e+01
3.750915612202854987e+01
3.750844357369303594e+01
3.750772825167086921e+01
3.750701012495871822e+01
3.750628916289771553e+01
3.750556533506259171e+01
3.750483861113612249e+01
3.750410896081482548e+01
3.750337635375358758e+01
3.750264075948984299e+01
3.750190214731615157e+01
3.750116048618097153e+01
3.750041574470642303e+01
3.749966789127317668e+01
3.749891689403720818e+01
3.749816272084135704e+01
3.749740533910154738e+01
3.749664471574853764e+01
3.749588081726223265e+01
3.749511360979950325e+01
3.749434305940089729e+01
3.749356913223828514e+01
3.749279179481771962e+01
3.749201101407707171e+01
3.749122675740865418e+01
3.749043899265656421e+01
3.748964768809742054e+01
3.748885281239876832e+01
3.748805433454236891e+01
3.748725222369586163e+01
3.748644644906013212e+01
3.748563697976728548e+01
3.748482378488191813e+01
3.748400683347639983e+01
3.748318609470033635e+01
3.748236153780618451e+01
3.748153313216417359e+01
3.748070084732595575e+01
3.747986465316319737e+01
3.747902452004036888e+01
3.747818041895335028e+01
3.747733232159798433e+01
3.747648020035678940e+01
3.747562402820673810e+01
3.747476377862125219e+01
3.747389942557636999e+01
3.747303094364468024e+01
3.747215830803462211e+01
3.747128149451587831e+01
3.747040047932816975e+01
3.746951523916316518e+01
3.746862575117850014e+01
3.746773199296799817e+01
3.746683394250362653e+01
3.746593157813397568e+01
3.746502487868112752e+01
3.746411382357842257e+01
3.746319839294881149e+01
3.746227856757416674e+01
3.746135432879344052e+01
3.746042565839984917e+01
3.745949253858585593e+01
3.745855495198061647e+01
3.745761288179270565e+01
3.745666631199178909e+01
3.745571522744741344e+01
3.745475961398798148e+01
3.745379945837301250e+01
3.745283474820401892e+01
3.745186547182471060e+01
3.745089161823483437e+01
3.744991317699228972e+01
3.744893013807929094e+01
3.744794249177529366e+01
3.744695022863319878e+01
3.744595333961630246e+01
3.744495181633554637e+01
3.744394565125274710e+01
3.744293483777271803e+01
3.744191937023511230e+01
3.744089924384586965e+01
3.743987445461157648e+01
3.743884499933812293e+01
3.743781087568687838e+01
3.743677208224153219e+01
3.743572861856426925e+01
3.743468048522272795e+01
3.743362768374971239e+01
3.743257021653087691e+01
3.743150808666022300e+01
3.743044129780054163e+01
3.742936985407204986e+01
3.742829375997806807e+01
3.742721302035995734e+01
3.742612764038806716e+01
3.742503762561502612e+01
3.742394298208267145e+01
3.742284371643478380e+01
3.742173983601717424e+01
3.742063134896998378e+01
3.741951826429274064e+01
3.741840059186260703e+01
3.741727834241960693e+01
3.741615152754885543e+01
3.741502015966673156e+01
3.741388425199144763e+01
3.741274381850391251e+01
3.741159887393393291e+01
3.741044943377558241e+01
3.740929551429584876e+01
3.740813713250523165e+01
3.740697430609526464e+01
3.740580705337698220e+01
3.740463539324282038e+01
3.740345934514991200e+01
3.740227892912289320e+01
3.740109416577521273e+01
3.739990507634116312e+01
3.739871168271281476e+01
3.739751400747593379e+01
3.739631207393428269e+01
3.739510590612217555e+01
3.739389552881998924e+01
3.739268096757944448e+01
3.739146224874885149e+01
3.739023939948766184e+01
3.738901244777228783e+01
3.738778142239603142e+01
3.738654635295348072e+01
3.738530726980931007e+01
3.738406420406804642e+01
3.738281718754775795e+01
3.738156625275471612e+01
3.738031143287364699e+01
3.737905276178040737e+01
3.737779027405854038e+01
3.737652400500417826e+01
3.737525399062603526e+01
3.737398026766005898e+01
3.737270287360746579e+01
3.737142184677760781e+01
3.737013722631237300e+01
3.736884905219111630e+01
3.736755736522488291e+01
3.736626220704572177e+01
3.736496362009800265e+01
3.736366164763651909e+01
3.736235633373342324e+01
3.736104772329579760e+01
3.735973586209303932e+01
3.735842079678617011e+01
3.735710257494155684e+01
3.735578124501154917e+01
3.735445685629365897e+01
3.735312945890730418e+01
3.735179910380366408e+01
3.735046584278236281e+01
3.734912972849159019e+01
3.734779081442042781e+01
3.734644915489121786e+01
3.734510480503433882e+01
3.734375782074550898e+01
3.734240825866061897e+01
3.734105617615779948e+01
3.733970163135661835e+01
3.733834468309974852e+01
3.733698539092485902e+01
3.733562381502776617e+01
3.733426001622363799e+01
3.733289405592771715e+01
3.733152599616227718e+01
3.733015589957241076e+01
3.732878382943108164e+01
3.732740984962470066e+01
3.732603402461921149e+01
3.732465641942132351e+01
3.732327709955826123e+01
3.732189613108087656e+01
3.732051358057359636e+01
3.731912951515657539e+01
3.731774400248006174e+01
3.731635711072068773e+01
3.731496890858267079e+01
3.731357946529023906e+01
3.731218885055863410e+01
3.731079713455630298e+01
3.730940438788274349e+01
3.730801068156188904e+01
3.730661608703064758e+01
3.730522067611282466e+01
3.730382452098525903e+01
3.730242769414493154e+01
3.730103026838482094e+01
3.729963231679220570e+01
3.729823391276642042e+01
3.729683513002103012e+01
3.729543604255583489e+01
3.729403672462784414e+01
3.729263725073009539e+01
3.729123769554805534e+01
3.728983813388581581e+01
3.728843864059327018e+01
3.728703929052056054e+01
3.728564015850371760e+01
3.728424131937167374e+01
3.728284284795238790e+01
3.728144481905744811e+01
3.728004730744824258e+01
3.727865038780208096e+01
3.727725413469001126e+01
3.727585862256538007e+01
3.727446392575721745e+01
3.727307011846171747e+01
3.727167727471227465e+01
3.727028546830466382e+01
3.726889477270184159e+01
3.726750526097958982e+01
3.726611700582868991e+01
3.726473007957852701e+01
3.726334455421483227e+01
3.726196050138964466e+01
3.726057799243222490e+01
3.725919709836290394e+01
3.725781788990109789e+01
3.725644043746063261e+01
3.725506481113629320e+01
3.725369108069235580e+01
3.725231931555789799e+01
3.725094958482016239e+01
3.724958195720628140e+01
3.724821650106197524e+01
3.724685328434205189e+01
3.724549237460859530e+01
3.724413383902628993e+01
3.724277774434992949e+01
3.724142415690413088e+01
3.724007314257470824e+01
3.723872476683714439e+01
3.723737909480342978e+01
3.723603619123590391e+01
3.723469612051328426e+01
3.723335894658701051e+01
3.723202473296965564e+01
3.723069354275845200e+01
3.722936543865687042e+01
3.722804048296401902e+01
3.722671873754554639e+01
3.722540026381523859e+01
3.722408512273123904e+01
3.722277337479616932e+01
3.722146508006110111e+01
3.722016029813735827e+01
3.721885908821123934e+01
3.721756150905184768e+01
3.721626761900731850e+01
3.721497747599121908e+01
3.721369113745830504e+01
3.721240866037825157e+01
3.721113010124351916e+01
3.720985551612393749e+01
3.720858496072228405e+01
3.720731849038210726e+01
3.720605616004004901e+01
3.720479802416251403e+01
3.720354413672334459e+01
3.720229455122908746e+01
3.720104932075608417e+01
3.719980849797186551e+01
3.719857213512344885e+01
3.719734028399057024e+01
3.719611299584476427e+01
3.719489032145907004e+01
3.719367231116351036e+01
3.719245901491716211e+01
3.719125048236457332e+01
3.719004676283767452e+01
3.718884790529529738e+01
3.718765395824323861e+01
3.718646496968158033e+01
3.718528098708902974e+01
3.718410205743447250e+01
3.718292822721197410e+01
3.718175954248938098e+01
3.718059604894907721e+01
3.717943779189470632e+01
3.717828481619938685e+01
3.717713716622181863e+01
3.717599488578177613e+01
3.717485801824468439e+01
3.717372660665976269e+01
3.717260069387774735e+01
3.717148032261886215e+01
3.717036553548823719e+01
3.716925637495621260e+01
3.716815288333182110e+01
3.716705510275382096e+01
3.716596307521868425e+01
3.716487684264078695e+01
3.716379644691642881e+01
3.716272192997230661e+01
3.716165333379737490e+01
3.716059070046987500e+01
3.715953407218622573e+01
3.715848349126466132e+01
3.715743900008943257e+01
3.715640064102372975e+01
3.715536845635779883e+01
3.715434248830565878e+01
3.715332277901451619e+01
3.715230937056831095e+01
3.715130230499514141e+01
3.715030162428345051e+01
3.714930737039530584e+01
3.714831958526502120e+01
3.714733831078318360e+01
3.714636358876992261e+01
3.714539546093747902e+01
3.714443396884110626e+01
3.714347915381917176e+01
3.714253105692843349e+01
3.714158971888318206e+01
3.714065518000216315e+01
3.713972748016622205e+01
3.713880665879053566e+01
3.713789275480753815e+01
3.713698580665179350e+01
3.713608585224488934e+01
3.713519292898998714e+01
3.713430707378398665e+01
3.713342832303446528e+01
3.713255671265913804e+01
3.713169227806383077e+01
3.713083505412242147e+01
3.712998507518108227e+01
3.712914237508108783e+01
3.712830698718447309e+01
3.712747894439773688e+01
3.712665827919168748e+01
3.712584502361242045e+01
3.712503920927679957e+01
3.712424086735227746e+01
3.712345002853867726e+01
3.712266672306941473e+01
3.712189098072736471e+01
3.712112283086651843e+01
3.712036230244342505e+01
3.711960942405340802e+01
3.711886422395323137e+01
3.711812673006125607e+01
3.711739696994303728e+01
3.711667497079201183e+01
3.711596075940335737e+01
3.711525436213228346e+01
3.711455580483470840e+01
3.711386511280117873e+01
3.711318231071215479e+01
3.711250742264690672e+01
3.711184047214008075e+01
3.711118148224119295e+01
3.711053047554977979e+01
3.710988747423198220e+01
3.710925250003037235e+01
3.710862557428341546e+01
3.710800671796545913e+01
3.710739595173251359e+01
3.710679329595534881e+01
3.710619877073700223e+01
3.710561239592348670e+01
3.710503419112514223e+01
3.710446417575751354e+01
3.710390236908605033e+01
3.710334879026016353e+01
3.710280345834426896e+01
3.710226639234883805e+01
3.710173761124489999e+01
3.710121713395807319e+01
3.710070497935863898e+01
3.710020116625361908e+01
3.709970571337490242e+01
3.709921863936735775e+01
3.709873996277987374e+01
3.709826970204662899e+01
3.709780787544887914e+01
3.709735450106405352e+01
3.709690959673142174e+01
3.709647318008492789e+01
3.709604526865521024e+01
3.709562587996280314e+01
3.709521503153828803e+01
3.709481274086355995e+01
3.709441902526331347e+01
3.709403390179563331e+01
3.709365738716493155e+01
3.709328949764072547e+01
3.709293024897444013e+01
3.709257965634446919e+01
3.709223773436062999e+01
3.709190449710755644e+01
3.709157995817837161e+01
3.709126413068980099e+01
3.709095702730801491e+01
3.709065866028321778e+01
3.709036904144524271e+01
3.709008818214460490e+01
3.708981609319744166e+01
3.708955278489079888e+01
3.708929826703175792e+01
3.708905254899365644e+01
3.708881563974666307e+01
3.708858754788835199e+01
3.708836828168208655e+01
3.708815784909435820e+01
3.708795625782241956e+01
3.708776351531118110e+01
3.708757962876228476e+01
3.708740460513440240e+01
3.708723845112889705e+01
3.708708117316383834e+01
3.708693277734109017e+01
3.708679326938327137e+01
3.708666265450442268e+01
3.708654093723779965e+01
3.708642812131625277e+01
3.708632420967538224e+01
3.708622920454524063e+01
3.708614310754109766e+01
3.708606591971035016e+01
3.708599764154921985e+01
3.708593827300285284e+01
3.708588781345667229e+01
3.708584626173355048e+01
3.708581361610266924e+01
3.708578987429512352e+01
3.708577503352058358e+01
3.708576909047216930e+01
3.708577204130993721e+01
3.708578388164138318e+01
3.708580460652048316e+01
3.708583421045253914e+01
3.708587268739121612e+01
3.708592003073168542e+01
3.708597623328718385e+01
3.708604128724123683e+01
3.708611518410562269e+01
3.708619791471740967e+01
3.708628946928262593e+01
3.708638983744630480e+01
3.708649900834102198e+01
3.708661697057604556e+01
3.708674371218163657e+01
3.708687922055624142e+01
3.708702348244100477e+01
3.708717648391367305e+01
3.708733821039619016e+01
3.708750864668952119e+01
3.708768777704644748e+01
3.708787558524537076e+01
3.708807205459874723e+01
3.708827716789242857e+01
3.708849090733080089e+01
3.708871325454327916e+01
3.708894419061321202e+01
3.708918369604440812e+01
3.708943175066237075e+01
3.708968833354871464e+01
3.708995342306214837e+01
3.709022699688583202e+01
3.709050903203184646e+01
3.709079950479496546e+01
3.709109839067722447e+01
3.709140566432900954e+01
3.709172129956611741e+01
3.709204526945114111e+01
3.709237754636306050e+01
3.709271810202599795e+01
3.709306690752327995e+01
3.709342393331546361e+01
3.709378914926117687e+01
3.709416252463313413e+01
3.709454402811661566e+01
3.709493362777671166e+01
3.709533129101390614e+01
3.709573698457904811e+01
3.709615067467989036e+01
3.709657232710708996e+01
3.709700190730370650e+01
3.709743938037426858e+01
3.709788471105878216e+01
3.709833786369797082e+01
3.709879880221112103e+01
3.709926749008177183e+01
3.709974389033263265e+01
3.710022796549950641e+01
3.710071967763933287e+01
3.710121898838205112e+01
3.710172585898921227e+01
3.710224025038149165e+01
3.710276212313981858e+01
3.710329143750849568e+01
3.710382815342065044e+01
3.710437223054810829e+01
3.710492362835117319e+01
3.710548230610214659e+01
3.710604822289614901e+01
3.710662133768339999e+01
3.710720160931211353e+01
3.710778899653156770e+01
3.710838345794244475e+01
3.710898495193163882e+01
3.710959343661777154e+01
3.711020886981028610e+01
3.711083120898319976e+01
3.711146041125659423e+01
3.711209643337908659e+01
3.711273923172881695e+01
3.711338876234846396e+01
3.711404498098810478e+01
3.711470784311685378e+01
3.711537730388581480e+01
3.711605331804618402e+01
3.711673583987612091e+01
3.711742482319431247e+01
3.711812022146312984e+01
3.711882198789861320e+01
3.711953007551321093e+01
3.712024443709812260e+01
3.712096502518910768e+01
3.712169179203123548e+01
3.712242468957391139e+01
3.712316366954957658e+01
3.712390868362552254e+01
3.712465968355373036e+01
3.712541662126128017e+01
3.712617944888420851e+01
3.712694811878586165e+01
3.712772258358585020e+01
3.712850279619399174e+01
3.712928870984410423e+01
3.713008027814151291e+01
3.713087745512320481e+01
3.713168019530043296e+01
3.713248845365942685e+01
3.713330218562212082e+01
3.713412134699427014e+01
3.713494589394371559e+01
3.713577578302344762e+01
3.713661097121126886e+01
3.713745141594156962e+01
3.713829707512257272e+01
3.713914790713112524e+01
3.714000387078213095e+01
3.714086492527758310e+01
3.714173103014578459e+01
3.714260214518935044e+01
3.714347823045270047e+01
3.714435924620023144e+01
3.714524515289060957e+01
3.714613591114033397e+01
3.714703148167559021e+01
3.714793182527824911e+01
3.714883690274552208e+01
3.714974667488174731e+01
3.715066110251449771e+01
3.715158014651071028e+01
3.715250376777621710e+01
3.715343192721925192e+01
3.715436458566231437e+01
3.715530170373943264e+01
3.715624324184306460e+01
3.715718916013140216e+01
3.715813941856004021e+01
3.715909397690971616e+01
3.716005279480236112e+01
3.716101583170836875e+01
3.716198304694513865e+01
3.716295439965897884e+01
3.716392984878851991e+01
3.716490935302233822e+01
3.716589287076818238e+01
3.716688036014070917e+01
3.716787177897169414e+01
3.716886708485422730e+01
3.716986623520548250e+01
3.717086918730022660e+01
3.717187589825952898e+01
3.717288632502776835e+01
3.717390042437300224e+01
3.717491815291462132e+01
3.717593946715194875e+01
3.717696432346754420e+01
3.717799267810710973e+01
3.717902448716327513e+01
3.718005970658470716e+01
3.718109829220077955e+01
3.718214019973851237e+01
3.718318538482188274e+01
3.718423380295173786e+01
3.718528540946710592e+01
3.718634015950950555e+01
3.718739800801154161e+01
3.718845890968943024e+01
3.718952281902088686e+01
3.719058969024737848e+01
3.719165947742796163e+01
3.719273213449220350e+01
3.719380761522584322e+01
3.719488587318630124e+01
3.719596686159777477e+01
3.719705053328232935e+01
3.719813684064458670e+01
3.719922573567779978e+01
3.720031716995537607e+01
3.720141109460383433e+01
3.720250746027677025e+01
3.720360621714825555e+01
3.720470731491698047e+01
3.720581070278020519e+01
3.720691632934826032e+01
3.720802414254151813e+01
3.720913408957892443e+01
3.721024611712824992e+01
3.721136017155857445e+01
3.721247619918308658e+01
3.721359414643556107e+01
3.721471395996022835e+01
3.721583558661782121e+01
3.721695897345556858e+01
3.721808406768597166e+01
3.721921081667725417e+01
3.722033916794477904e+01
3.722146906914053943e+01
3.722260046804068878e+01
3.722373331253793083e+01
3.722486755065730080e+01
3.722600313060696919e+01
3.722714000084663866e+01
3.722827811014421684e+01
3.722941740761299911e+01
3.723055784273524438e+01
3.723169936537204450e+01
3.723284192576256402e+01
3.723398547451930796e+01
3.723512996261371200e+01
3.723627534135094663e+01
3.723742156235744005e+01
3.723856857759174943e+01
3.723971633936907466e+01
3.724086480041401614e+01
3.724201391396010763e+01
3.724316363386782314e+01
3.724431391472020891e+01
3.724546471189218977e+01
3.724661598159067211e+01
3.724776768082450928e+01
3.724891976728774523e+01
3.725007219922632373e+01
3.725122493536421331e+01
3.725237793487822557e+01
3.725353115739330434e+01
3.725468456301674536e+01
3.725583811240754528e+01
3.725699176683301772e+01
3.725814548819041505e+01
3.725929923899923324e+01
3.726045298236827819e+01
3.726160668195880987e+01
3.726276030195541722e+01
3.726391380700192713e+01
3.726506716206614556e+01
3.726622033227730668e+01
3.726737328282202100e+01
3.726852597892884944e+01
3.726967838589568771e+01
3.727083046911624109e+01
3.727198219411719293e+01
3.727313352664994284e+01
3.727428443284659210e+01
3.727543487937985134e+01
3.727658483354308316e+01
3.727773426322317363e+01
3.727888313683835264e+01
3.728003142334612363e+01
3.728117909234280347e+01
3.728232611419225861e+01
3.728347246011762905e+01
3.728461810222972872e+01
3.728576301351064615e+01
3.728690716778957182e+01
3.728805053973126604e+01
3.728919310483717453e+01
3.729033483945634941e+01
3.729147572080897532e+01
3.729261572702061756e+01
3.729375483714775186e+01
3.729489303117789945e+01
3.729603029001327741e+01
3.729716659545438517e+01
3.729830193019240170e+01
3.729943627781129578e+01
3.730056962278607102e+01
3.730170195045662496e+01
3.730283324697828817e+01
3.730396349927911359e+01
3.730509269504936043e+01
3.730622082274947360e+01
3.730734787160442778e+01
3.730847383158150876e+01
3.730959869337200985e+01
3.731072244837774576e+01
3.731184508868598471e+01
3.731296660703064560e+01
3.731408699675353802e+01
3.731520625177434169e+01
3.731632436656745710e+01
3.731744133613884173e+01
3.731855715599988343e+01
3.731967182214521728e+01
3.732078533104125739e+01
3.732189767962249505e+01
3.732300886528781092e+01
3.732411888588998750e+01
3.732522773971841445e+01
3.732633542547974770e+01
3.732744194227191770e+01
3.732854728954436752e+01
3.732965146705539894e+01
3.733075447484225862e+01
3.733185631320280606e+01
3.733295698267627927e+01
3.733405648401623012e+01
3.733515481815866366e+01
3.733625198618909735e+01
3.733734798931068610e+01
3.733844282881717191e+01
3.733953650607850250e+01
3.734062902254500216e+01
3.734172037976122027e+01
3.734281057936814108e+01
3.734389962308102184e+01
3.734498751264968774e+01
3.734607424981499690e+01
3.734715983626813340e+01
3.734824427361482435e+01
3.734932756334544024e+01
3.735040970680791617e+01
3.735149070518077252e+01
3.735257055945584881e+01
3.735364927044828676e+01
3.735472683882993294e+01
3.735580326515978555e+01
3.735687854989988210e+01
3.735795269342526126e+01
3.735902569603013035e+01
3.736009755792127152e+01
3.736116827919498462e+01
3.736223785979837686e+01
3.736330629947605786e+01
3.736437359772273226e+01
3.736543975378049254e+01
3.736650476668397403e+01
3.736756863530541040e+01
3.736863135836080119e+01
3.736969293438192352e+01
3.737075336167474404e+01
3.737181263826713007e+01
3.737287076184676948e+01
3.737392772970694210e+01
3.737498353870980594e+01
3.737603818527110633e+01
3.737709166538578387e+01
3.737814397469747263e+01
3.737919510857280869e+01
3.738024506213975684e+01
3.738129383027914088e+01
3.738234140757624147e+01
3.738338778826072684e+01
3.738443296618456912e+01
3.738547693485254797e+01
3.738651968745569576e+01
3.738756121685505462e+01
3.738860151552744782e+01
3.738964057552489351e+01
3.739067838846908387e+01
3.739171494556633490e+01
3.739275023762934325e+01
3.739378425510285098e+01
3.739481698808831567e+01
3.739584842635399298e+01
3.739687855932165661e+01
3.739790737603867399e+01
3.739893486514426968e+01
3.739996101482016400e+01
3.740098581271593048e+01
3.740200924586849851e+01
3.740303130065962733e+01
3.740405196282993217e+01
3.740507121751329578e+01
3.740608904924697242e+01
3.740710544194566012e+01
3.740812037885412877e+01
3.740913384251054907e+01
3.741014581475079837e+01
3.741115627674287936e+01
3.741216520900776743e+01
3.741317259140906515e+01
3.741417840313096121e+01
3.741518262265526573e+01
3.741618522772668598e+01
3.741718619529185474e+01
3.741818550140620658e+01
3.741918312114376732e+01
3.742017902857026712e+01
3.742117319677958420e+01
3.742216559793700981e+01
3.742315620329326009e+01
3.742414498316833260e+01
3.742513190692268665e+01
3.742611694293621838e+01
3.742710005859989764e+01
3.742808122031230056e+01
3.742906039347612790e+01
3.743003754250347015e+01
3.743101263085328156e+01
3.743198562112430494e+01
3.743295647520067604e+01
3.743392515441014012e+01
3.743489161963652379e+01
3.743585583134352390e+01
3.743681774952647601e+01
3.743777733366507476e+01
3.743873454274618950e+01
3.743968933538610599e+01
3.744064167001605625e+01
3.744159150504143696e+01
3.744253879892706749e+01
3.744348351023366916e+01
3.744442559762806866e+01
3.744536501986033272e+01
3.744630173571160014e+01
3.744723570393420431e+01
3.744816688320344156e+01
3.744909523208981739e+01
3.745002070904786251e+01
3.745094327241369569e+01
3.745186288040360267e+01
3.745277949110965210e+01
3.745369306250412933e+01
3.745460355246244433e+01
3.745551091879289629e+01
3.745641511926348244e+01
3.745731611162972285e+01
3.745821385366245693e+01
3.745910830317178153e+01
3.745999941803098210e+01
3.746088715620726362e+01
3.746177147580227285e+01
3.746265233510622039e+01
3.746352969266666122e+01
3.746440350734163616e+01
3.746527373830124219e+01
3.746614034500094448e+01
3.746700328717633965e+01
3.746786252487783031e+01
3.746871801855403561e+01
3.746956972917511308e+01
3.747041761835517804e+01
3.747126164844154061e+01
3.747210178255330959e+01
3.747293798455088876e+01
3.747377021892554438e+01
3.747459845062666517e+01
3.747542264489682395e+01
3.747624276720423353e+01
3.747705878331258589e+01
3.747787065946678808e+01
3.747867836261964669e+01
3.747948186060007458e+01
3.748028112219562047e+01
3.748107611722038257e+01
3.748186681662382114e+01
3.748265319258402428e+01
3.748343521849086812e+01
3.748421286883669268e+01
3.748498611911277578e+01
3.748575494574286893e+01
3.748651932602453485e+01
3.748727923807825135e+01
3.748803466081795221e+01
3.748878557393042144e+01
3.748953195784481807e+01
3.749027379367799995e+01
3.749101106316219045e+01
3.749174374862242587e+01
3.749247183306891174e+01
3.749319530036147796e+01
3.749391413533509620e+01
3.749462832383476041e+01
3.749533785269686348e+01
3.749604270973735254e+01
3.749674288376326814e+01
3.749743836453176016e+01
3.749812914256288110e+01
3.749881520888431652e+01
3.749949655493286826e+01
3.750017317271507267e+01
3.750084505507113164e+01
3.750151219579852579e+01
3.750217458953601124e+01
3.750283223149763501e+01
3.750348511725058387e+01
3.750413324266155257e+01
3.750477660394737001e+01
3.750541519771098109e+01
3.750604902093653692e+01
3.750667807098551521e+01
3.750730234564151289e+01
3.750792184320468436e+01
3.750853656258237834e+01
3.750914650333198352e+01
3.750975166566096419e+01
3.751035205041030451e+01
3.751094765903214778e+01
3.751153849354987813e+01
3.751212455649293531e+01
3.751270585083447884e+01
3.751328237998563964e+01
3.751385414784623151e+01
3.751442115883404682e+01
3.751498341784891721e+01
3.751554093021432834e+01
3.751609370162687895e+01
3.751664173806872071e+01
3.751718504565277357e+01
3.751772363047771819e+01
3.751825749858426917e+01
3.751878665600502671e+01
3.751931110886395260e+01
3.751983086350411156e+01
3.752034592661935619e+01
3.752085630537526839e+01
3.752136200751941431e+01
3.752186304146820817e+01
3.752235941635677818e+01
3.752285114205769645e+01
3.752333822917918127e+01
3.752382068904096712e+01
3.752429853362097845e+01
3.752477177548537668e+01
3.752524042773037394e+01
3.752570450393763224e+01
3.752616401812777980e+01
3.752661898473236590e+01
3.752706941860977707e+01
3.752751533507464643e+01
3.752795674989817343e+01
3.752839367927917635e+01
3.752882613980539617e+01
3.752925414841580931e+01
3.752967772236879540e+01
3.753009687921028359e+01
3.753051163671852919e+01
3.753092201281289420e+01
3.753132802545774638e+01
3.753172969260527481e+01
3.753212703219003288e+01
3.753252006217213932e+01
3.753290880061359047e+01
3.753329326574488078e+01
3.753367347598386772e+01
3.753404944989912906e+01
3.753442120613730282e+01
3.753478876335529435e+01
3.753515214020016799e+01
3.753551135536024930e+01
3.753586642766195069e+01
3.753621737614326292e+01
3.753656422005997939e+01
3.753690697883355654e+01
3.753724567197360074e+01
3.753758031900526504e+01
3.753791093940246526e+01
3.753823755251529803e+01
3.753856017750813123e+01
3.753887883334547126e+01
3.753919353882749732e+01
3.753950431261879572e+01
3.753981117322448569e+01
3.754011413892932580e+01
3.754041322773492340e+01
3.754070845731833828e+01
3.754099984502965981e+01
3.754128740793050412e+01
3.754157116285105644e+01
3.754185112643149580e+01
3.754212731511764645e+01
3.754239974510699795e+01
3.754266843227419770e+01
3.754293339210344982e+01
3.754319463962963255e+01
3.754345218937749706e+01
3.754370605529891236e+01
3.754395625072960740e+01
3.754420278839461389e+01
3.754444568047510700e+01
3.754468493871904400e+01
3.754492057456939591e+01
3.754515259929234361e+01
3.754538102408501743e+01
3.754560586015503532e+01
3.754582711878929757e+01
3.754604481142084182e+01
3.754625894968211242e+01
3.754646954543379422e+01
3.754667661075963281e+01
3.754688015792032729e+01
3.754708019928599327e+01
3.754727674728518139e+01
3.754746981437632058e+01
3.754765941301429422e+01
3.754784555564039294e+01
3.754802825477749195e+01
3.754820752320802768e+01
3.754838337410422611e+01
3.754855582106385015e+01
3.754872487811288551e+01
3.754889055970622991e+01
3.754905288069625158e+01
3.754921185625460822e+01
3.754936750179114568e+01
3.754951983291857687e+01
3.754966886544250571e+01
3.754981461532319997e+01
3.754995709862080133e+01
3.755009633147269454e+01
3.755023233006600947e+01
3.755036511052539083e+01
3.755049468878615215e+01
3.755062108063496140e+01
3.755074430191909585e+01
3.755086436871378908e+01
3.755098129734345491e+01
3.755109510434059672e+01
3.755120580635795591e+01
3.755131341997155658e+01
3.755141796149158040e+01
3.755151944699429833e+01
3.755161789254600535e+01
3.755171331439667171e+01
3.755180572905676684e+01
3.755189515332924088e+01
3.755198160433566557e+01
3.755206509952393645e+01
3.755214565667297677e+01
3.755222329392377389e+01
3.755229802982406540e+01
3.755236988334479520e+01
3.755243887385562829e+01
3.755250502106154187e+01
3.755256834487506978e+01
3.755262886526428190e+01
3.755268660221759092e+01
3.755274157585763106e+01
3.755279380656197219e+01
3.755284331500881478e+01
3.755289012220123368e+01
3.755293424951486969e+01
3.755297571876213425e+01
3.755301455225641405e+01
3.755305077285586179e+01
3.755308440397111980e+01
3.755311546954577295e+01
3.755314399402710279e+01
3.755317000233093694e+01
3.755319351980363507e+01
3.755321457219085346e+01
3.755323318561904244e+01
3.755324938658272060e+01
3.755326320190449962e+01
3.755327465863572911e+01
3.755328378393468824e+01
3.755329060500522331e+01
3.755329514911032618e+01
3.755329744359847410e+01
3.755329751590748799e+01
3.755329539356064572e+01
3.755329110415403449e+01
3.755328467531169423e+01
3.755327613461263070e+01
3.755326550952063513e+01
3.755325282733465286e+01
3.755323811515176402e+01
3.755322139983410068e+01
3.755320270798060989e+01
3.755318206589005570e+01
3.755315949951626919e+01
3.755313503446620160e+01
3.755310869605937540e+01
3.755308050939907361e+01
3.755305049941908635e+01
3.755301869090036604e+01
3.755298510844473725e+01
3.755294977639898946e+01
3.755291271875260861e+01
3.755287395905800452e+01
3.755283352040034828e+01
3.755279142537327175e+01
3.755274769599711959e+01
3.755270235358847941e+01
3.755265541863848000e+01
3.755260691073885226e+01
3.755255684855665521e+01
3.755250524981877192e+01
3.755245213126522685e+01
3.755239750857134595e+01
3.755234139626211487e+01
3.755228380763823992e+01
3.755222475473237864e+01
3.755216424830926059e+01
3.755210229789302190e+01
3.755203891179264986e+01
3.755197409713908030e+01
3.755190785997395864e+01
3.755184020540264811e+01
3.755177113778818665e+01
3.755170066091897496e+01
3.755162877807508437e+01
3.755155549199719900e+01
3.755148080483219530e+01
3.755140471811861147e+01
3.755132723282870444e+01
3.755124834943572409e+01
3.755116806794524820e+01
3.755108638784560071e+01
3.755100330798914854e+01
3.755091882645896106e+01
3.755083294048713327e+01
3.755074564648217716e+01
3.755065694018114186e+01
3.755056681689422504e+01
3.755047527177474365e+01
3.755038230001898114e+01
3.755028789693545122e+01
3.755019205791197123e+01
3.755009477832908260e+01
3.754999605341117785e+01
3.754989587801135542e+01
3.754979424642457531e+01
3.754969115235467569e+01
3.754958658904603652e+01
3.754948054948635416e+01
3.754937302661624443e+01
3.754926401353298360e+01
3.754915350366701432e+01
3.754904149090091892e+01
3.754892796960955081e+01
3.754881293463974146e+01
3.754869638130466569e+01
3.754857830543463137e+01
3.754845870344352932e+01
3.754833757237381064e+01
3.754821490992592459e+01
3.754809071444774560e+01
3.754796498480328637e+01
3.754783772009331244e+01
3.754770891933216603e+01
3.754757858120731839e+01
3.754744670396173234e+01
3.754731328539016033e+01
3.754717832292800495e+01
3.754704181378301087e+01
3.754690375506406497e+01
3.754676414389637529e+01
3.754662297751028888e+01
3.754648025328049954e+01
3.754633596872528756e+01
3.754619012151356827e+01
3.754604270952548717e+01
3.754589373095886629e+01
3.754574318440829472e+01
3.754559106885078279e+01
3.754543738354952609e+01
3.754528212795481323e+01
3.754512530166332596e+01
3.754496690439697915e+01
3.754480693592329033e+01
3.754464539594161465e+01
3.754448228403182952e+01
3.754431759967496873e+01
3.754415134224769446e+01
3.754398351091246155e+01
3.754381410444437250e+01
3.754364312113109747e+01
3.754347055882286099e+01
3.754329641503787229e+01
3.754312068700158989e+01
3.754294337164014905e+01
3.754276446561081571e+01
3.754258396538511278e+01
3.754240186734256923e+01
3.754221816783435628e+01
3.754203286320107935e+01
3.754184594974773148e+01
3.754165742368652303e+01
3.754146728106802300e+01
3.754127551772687355e+01
3.754108212925579835e+01
3.754088711100104803e+01
3.754069045805685079e+01
3.754049216523257826e+01
3.754029222698876112e+01
3.754009063736338447e+01
3.753988738991083807e+01
3.753968247767006261e+01
3.753947589316291555e+01
3.753926762840328024e+01
3.753905767490613243e+01
3.753884602370151669e+01
3.753863266535143595e+01
3.753841758995115185e+01
3.753820078707787644e+01
3.753798224568397757e+01
3.753776195401839288e+01
3.753753989962892490e+01
3.753731606936650422e+01
3.753709044931731853e+01
3.753686302469504454e+01
3.753663377974963566e+01
3.753640269770923510e+01
3.753616976075129941e+01
3.753593495000491487e+01
3.753569824558429247e+01
3.753545962663682189e+01
3.753521907138733127e+01
3.753497655717836068e+01
3.753473206051242528e+01
3.753448555707773693e+01
3.753423702171838272e+01
3.753398642833533216e+01
3.753373374976411725e+01
3.753347895770602349e+01
3.753322202274996044e+01
3.753296291444880239e+01
3.753270160138994527e+01
3.753243805123661048e+01
3.753217223074676667e+01
3.753190410577256841e+01
3.753163364123638956e+01
3.753136080108454564e+01
3.753108554823991483e+01
3.753080784458585129e+01
3.753052765098414767e+01
3.753024492731439210e+01
3.752995963254457479e+01
3.752967172482892977e+01
3.752938116157851312e+01
3.752908789946068424e+01
3.752879189437519614e+01
3.752849310149752426e+01
3.752819147539912592e+01
3.752788697018137043e+01
3.752757953958024473e+01
3.752726913703110512e+01
3.752695571569351785e+01
3.752663922844784139e+01
3.752631962787719999e+01
3.752599686623975828e+01
3.752567089542729661e+01
3.752534166691411599e+01
3.752500913172828945e+01
3.752467324046682506e+01
3.752433394329712257e+01
3.752399118983576187e+01
3.752364492887431169e+01
3.752329510806232804e+01
3.752294167369066713e+01
3.752258457064623087e+01
3.752222374251189052e+01
3.752185913169464015e+01
3.752149067951381767e+01
3.752111832634004429e+01
3.752074201184900915e+01
3.752036167528606114e+01
3.751997725565771447e+01
3.751958869189587631e+01
3.751919592302701290e+01
3.751879888831492593e+01
3.751839752736074018e+01
3.751799178016584335e+01
3.751758158716471314e+01
3.751716688925471743e+01
3.751674762785425088e+01
3.751632374499006772e+01
3.751589518340023233e+01
3.751546188663313330e+01
3.751502379910857599e+01
3.751458086610482212e+01
3.751413303366376795e+01
3.751368024845823612e+01
3.751322245768158581e+01
3.751275960898220774e+01
3.751229165042817471e+01
3.751181853046024628e+01
3.751134019778641004e+01
3.751085660123845145e+01
3.751036768968991453e+01
3.750987341211042292e+01
3.750937371769698103e+01
3.750886855590588453e+01
3.750835787627429596e+01
3.750784162812003331e+01
3.750731976031732273e+01
3.750679222128594148e+01
3.750625895916540031e+01
3.750571992199307658e+01
3.750517505771475868e+01
3.750462431400237762e+01
3.750406763797234788e+01
3.750350497593026944e+01
3.750293627321880052e+01
3.750236147419618504e+01
3.750178052239688498e+01
3.750119336087046662e+01
3.750059993252833124e+01
3.750000018032873328e+01
3.749939404731178882e+01
3.749878147658873218e+01
3.749816241136525719e+01
3.749753679503306358e+01
3.749690457130428456e+01
3.749626568433615859e+01
3.749562007881581849e+01
3.749496769999240087e+01
3.749430849364402718e+01
3.749364240595895126e+01
3.749296938333594653e+01
3.749228937221487001e+01
3.749160231906992635e+01
3.749090817053541969e+01
3.749020687354900616e+01
3.748949837547651498e+01
3.748878262424553043e+01
3.748805956849939491e+01
3.748732915771234531e+01
3.748659134218961952e+01
3.748584607298387539e+01
3.748509330183397736e+01
3.748433298115156731e+01
3.748356506399201038e+01
3.748278950398547948e+01
3.748200625526019536e+01
3.748121527239787554e+01
3.748041651045637934e+01
3.747960992503619337e+01
3.747879547230117225e+01
3.747797310890575773e+01
3.747714279188326003e+01
3.747630447857309832e+01
3.747545812656656494e+01
3.747460369359125565e+01
3.747374113738379009e+01
3.747287041570869803e+01
3.747199148654190992e+01
3.747110430827862615e+01
3.747020883987688933e+01
3.746930504093009517e+01
3.746839287167033916e+01
3.746747229297955784e+01
3.746654326651857048e+01
3.746560575492428313e+01
3.746465972193486493e+01
3.746370513243017086e+01
3.746274195244198779e+01
3.746177014912238690e+01
3.746078969066927300e+01
3.745980054625579214e+01
3.745880268596661011e+01
3.745779608073415545e+01
3.745678070233828549e+01
3.745575652351104878e+01
3.745472351807078581e+01
3.745368166098214857e+01
3.745263092831876151e+01
3.745157129715575195e+01
3.745050274543498858e+01
3.744942525185570048e+01
3.744833879583134717e+01
3.744724335752633948e+01
3.744613891792301530e+01
3.744502545884865441e+01
3.744390296299670950e+01
3.744277141402690035e+01
3.744163079671115923e+01
3.744048109701522975e+01
3.743932230208781675e+01
3.743815440020684804e+01
3.743697738071698211e+01
3.743579123396418851e+01
3.743459595123530903e+01
3.743339152469167175e+01
3.743217794725794789e+01
3.743095521248476132e+01
3.742972331447166567e+01
3.742848224789047862e+01
3.742723200807681394e+01
3.742597259113721719e+01
3.742470399403491399e+01
3.742342621465505914e+01
3.742213925184375256e+01
3.742084310537398295e+01
3.741953777586190455e+01
3.741822326477568339e+01
3.741689957457583660e+01
3.741556670884978075e+01
3.741422467237232752e+01
3.741287347111168060e+01
3.741151311214480302e+01
3.741014360349685575e+01
3.740876495403422552e+01
3.740737717348223867e+01
3.740598027249648538e+01
3.740457426269614416e+01
3.740315915666418789e+01
3.740173496797689268e+01
3.740030171126055336e+01
3.739885940220641203e+01
3.739740805751635833e+01
3.739594769482626901e+01
3.739447833267126953e+01
3.739299999051724654e+01
3.739151268882838508e+01
3.739001644912889333e+01
3.738851129402578977e+01
3.738699724716349948e+01
3.738547433313849666e+01
3.738394257744717208e+01
3.738240200646089306e+01
3.738085264737092217e+01
3.737929452811582109e+01
3.737772767732639778e+01
3.737615212429403044e+01
3.737456789897409237e+01
3.737297503201080673e+01
3.737137355474458644e+01
3.736976349920671936e+01
3.736814489814135243e+01
3.736651778507425092e+01
3.736488219441173442e+01
3.736323816152309973e+01
3.736158572276168854e+01
3.735992491543916572e+01
3.735825577782230766e+01
3.735657834917743259e+01
3.735489266980612655e+01
3.735319878104397162e+01
3.735149672526316067e+01
3.734978654589075830e+01
3.734806828742006957e+01
3.734634199541236654e+01
3.734460771646644162e+01
3.734286549812485134e+01
3.734111538876167913e+01
3.733935743753362146e+01
3.733759169443435155e+01
3.733581821046675486e+01
3.733403703788235362e+01
3.733224823035458684e+01
3.733045184301663255e+01
3.732864793241842705e+01
3.732683655648560261e+01
3.732501777452424818e+01
3.732319164725006289e+01
3.732135823678336806e+01
3.731951760657794637e+01
3.731766982128556975e+01
3.731581494660007792e+01
3.731395304915505307e+01
3.731208419649068730e+01
3.731020845703720568e+01
3.730832590008267857e+01
3.730643659573797777e+01
3.730454061492313400e+01
3.730263802940246620e+01
3.730072891187516859e+01
3.729881333606692806e+01
3.729689137674458266e+01
3.729496310964705685e+01
3.729302861140843817e+01
3.729108795951813704e+01
3.728914123226741850e+01
3.728718850864428447e+01
3.728522986823131902e+01
3.728326539117558269e+01
3.728129515822871554e+01
3.727931925080160624e+01
3.727733775099473945e+01
3.727535074161492190e+01
3.727335830621342438e+01
3.727136052913293440e+01
3.726935749549018340e+01
3.726734929108457806e+01
3.726533600232632892e+01
3.726331771624248290e+01
3.726129452051806368e+01
3.725926650350994151e+01
3.725723375421878814e+01
3.725519636223771158e+01
3.725315441769307512e+01
3.725110801118045600e+01
3.724905723370353172e+01
3.724700217664710067e+01
3.724494293180458016e+01
3.724287959141924631e+01
3.724081224817865632e+01
3.723874099515649050e+01
3.723666592573397338e+01
3.723458713352610516e+01
3.723250471232746861e+01
3.723041875607648876e+01
3.722832935881872629e+01
3.722623661465462419e+01
3.722414061767943139e+01
3.722204146193387686e+01
3.721993924137139231e+01
3.721783404983116128e+01
3.721572598100442519e+01
3.721361512838804941e+01
3.721150158522839035e+01
3.720938544446227780e+01
3.720726679865985886e+01
3.720514573997826346e+01
3.720302236014344999e+01
3.720089675046911992e+01
3.719876900188435798e+01
3.719663920493012199e+01
3.719450744973627820e+01
3.719237382602393183e+01
3.719023842313897887e+01
3.718810133008654617e+01
3.718596263554313452e+01
3.718382242783849989e+01
3.718168079491807987e+01
3.717953782430734577e+01
3.717739360308400620e+01
3.717524821785403333e+01
3.717310175473457434e+01
3.717095429934072115e+01
3.716880593676647493e+01
3.716665675156077242e+01
3.716450682771042580e+01
3.716235624863467280e+01
3.716020509717588283e+01
3.715805345556395167e+01
3.715590140535729091e+01
3.715374902739163332e+01
3.715159640175318856e+01
3.714944360775571397e+01
3.714729072390198183e+01
3.714513782783547668e+01
3.714298499630092465e+01
3.714083230513691092e+01
3.713867982930652545e+01
3.713652764293384223e+01
3.713437581930919862e+01
3.713222443086333868e+01
3.713007354913278135e+01
3.712792324472421512e+01
3.712577358727205024e+01
3.712362464539403106e+01
3.712147648666832112e+01
3.711932917765142292e+01
3.711718278391957426e+01
3.711503737009442716e+01
3.711289299985229206e+01
3.711074973595570015e+01
3.710860764031715320e+01
3.710646677405700444e+01
3.710432719752922281e+01
3.710218897032275009e+01
3.710005215125123357e+01
3.709791679834659561e+01
3.709578296888185633e+01
3.709365071943092573e+01
3.709152010594114302e+01
3.708939118378722100e+01
3.708726400779404031e+01
3.708513863224390406e+01
3.708301511089538849e+01
3.708089349701494086e+01
3.707877384339967364e+01
3.707665620238745419e+01
3.707454062586608501e+01
3.707242716528925541e+01
3.707031587171395159e+01
3.706820679586799372e+01
3.706609998822548135e+01
3.706399549905870572e+01
3.706189337846097942e+01
3.705979367636059862e+01
3.705769644254264250e+01
3.705560172667267693e+01
3.705350957831367964e+01
3.705142004693712465e+01
3.704933318192911429e+01
3.704724903258977520e+01
3.704516764812481000e+01
3.704308907762728609e+01
3.704101337004684069e+01
3.703894057415198660e+01
3.703687073849923195e+01
3.703480391141490458e+01
3.703274014098569467e+01
3.703067947505410729e+01
3.702862196121874661e+01
3.702656764683655410e+01
3.702451657901334414e+01
3.702246880456804945e+01
3.702042436996870123e+01
3.701838332126255438e+01
3.701634570404228697e+01
3.701431156344622053e+01
3.701228094413229996e+01
3.701025389021405232e+01
3.700823044521307281e+01
3.700621065204465765e+01
3.700419455301319260e+01
3.700218218981138563e+01
3.700017360352436668e+01
3.699816883463869033e+01
3.699616792306592572e+01
3.699417090817984644e+01
3.699217782884979044e+01
3.699018872346515963e+01
3.698820362996094957e+01
3.698622258584521205e+01
3.698424562822355455e+01
3.698227279382074784e+01
3.698030411899649295e+01
3.697833963975431004e+01
3.697637939175629640e+01
3.697442341035445423e+01
3.697247173063463777e+01
3.697052438746347747e+01
3.696858141552934995e+01
3.696664284937273948e+01
3.696470872340482572e+01
3.696277907191344525e+01
3.696085392905148126e+01
3.695893332880383042e+01
3.695701730493976100e+01
3.695510589096134879e+01
3.695319912005384566e+01
3.695129702504387126e+01
3.694939963837023100e+01
3.694750699207130396e+01
3.694561911780260033e+01
3.694373604689329227e+01
3.694185781041636574e+01
3.693998443923441499e+01
3.693811596400841779e+01
3.693625241517337088e+01
3.693439382288863726e+01
3.693254021697748612e+01
3.693069162687156393e+01
3.692884808158846255e+01
3.692700960978623215e+01
3.692517623989090225e+01
3.692334800021628638e+01
3.692152491901260447e+01
3.691970702447127195e+01
3.691789434475015952e+01
3.691608690804655168e+01
3.691428474270225024e+01
3.691248787731647241e+01
3.691069634084216489e+01
3.690891016263947222e+01
3.690712937248340353e+01
3.690535400054806559e+01
3.690358407738611390e+01
3.690181963390714515e+01
3.690006070136289651e+01
3.689830731136272135e+01
3.689655949593665696e+01
3.689481728763365709e+01
3.689308071960029878e+01
3.689134982557958864e+01
3.688962463984645979e+01
3.688790519715979599e+01
3.688619153275151774e+01
3.688448368229318675e+01
3.688278168182176131e+01
3.688108556768671065e+01
3.687939537656338018e+01
3.687771114551409113e+01
3.687603291206673362e+01
3.687436071429145557e+01
3.687269459085586476e+01
3.687103458105100628e+01
3.686938072479494366e+01
3.686773306262072936e+01
3.686609163565170633e+01
3.686445648556024679e+01
3.686282765450113885e+01
3.686120518502649190e+01
3.685958912000349841e+01
3.685797950254391253e+01
3.685637637594521010e+01
3.685477978365020846e+01
3.685318976922234668e+01
3.685160637631791758e+01
3.685002964864376906e+01
3.684845962990422663e+01
3.684689636374709210e+01
3.684533989371637119e+01
3.684379026321478534e+01
3.684224751547113641e+01
3.684071169350666253e+01
3.683918284010531607e+01
3.683766099779082026e+01
3.683614620880275226e+01
3.683463851507846698e+01
3.683313795825934989e+01
3.683164457970386962e+01
3.683015842046267352e+01
3.682867952121463162e+01
3.682720792220587214e+01
3.682574366320529435e+01
3.682428678346113315e+01
3.682283732166715140e+01
3.682139531594933857e+01
3.681996080384285364e+01
3.681853382224069549e+01
3.681711440734915897e+01
3.681570259468326611e+01
3.681429841908747136e+01
3.681290191474371198e+01
3.681151311514827285e+01
3.681013205307888825e+01
3.680875876059008789e+01
3.680739326904555497e+01
3.680603560916896555e+01
3.680468581109678894e+01
3.680334390442420300e+01
3.680200991824813173e+01
3.680068388122192857e+01
3.679936582162468994e+01
3.679805576742172946e+01
3.679675374628810403e+01
3.679545978559990971e+01
3.679417391242270696e+01
3.679289615350666764e+01
3.679162653527792060e+01
3.679036508382979065e+01
3.678911182493646947e+01
3.678786678409981192e+01
3.678662998661263828e+01
3.678540145761231628e+01
3.678418122211286345e+01
3.678296930501956297e+01
3.678176573112886416e+01
3.678057052511278613e+01
3.677938371149446084e+01
3.677820531462567999e+01
3.677703535867117068e+01
3.677587386760558275e+01
3.677472086521919437e+01
3.677357637510512944e+01
3.677244042061048646e+01
3.677131302476409758e+01
3.677019421019939216e+01
3.676908399909187608e+01
3.676798241313553461e+01
3.676688947356014836e+01
3.676580520115932416e+01
3.676472961630386038e+01
3.676366273895322223e+01
3.676260458870002168e+01
3.676155518485356311e+01
3.676051454652618844e+01
3.675948269269242985e+01
3.675845964221493745e+01
3.675744541383640041e+01
3.675644002615187844e+01
3.675544349759870499e+01
3.675445584648629449e+01
3.675347709104740090e+01
3.675250724947566994e+01
3.675154633993301445e+01
3.675059438053165195e+01
3.674965138930929953e+01
3.674871738421897760e+01
3.674779238314019381e+01
3.674687640390673238e+01
3.674596946433633349e+01
3.674507158223405412e+01
3.674418277535668409e+01
3.674330306135956903e+01
3.674243245775225120e+01
3.674157098187934878e+01
3.674071865093946343e+01
3.673987548203037079e+01
3.673904149218637372e+01
3.673821669839131232e+01
3.673740111756814741e+01
3.673659476653647715e+01
3.673579766193287099e+01
3.673500982012062366e+01
3.673423125711889270e+01
3.673346198854646616e+01
3.673270202957034769e+01
3.673195139487483374e+01
3.673121009865784004e+01
3.673047815463689858e+01
3.672975557605618491e+01
3.672904237570617170e+01
3.672833856596273705e+01
3.672764415883698064e+01
3.672695916603280608e+01
3.672628359902011397e+01
3.672561746911475211e+01
3.672496078753996329e+01
3.672431356546154291e+01
3.672367581400635572e+01
3.672304754425557149e+01
3.672242876719210614e+01
3.672181949361485920e+01
3.672121973406081707e+01
3.672062949877188487e+01
3.672004879772212860e+01
3.671947764067714104e+01
3.671891603724073150e+01
3.671836399688017138e+01
3.671782152893874951e+01
3.671728864263370440e+01
3.671676534703761519e+01
3.671625165104609323e+01
3.671574756334157286e+01
3.671525309236588441e+01
3.671476824630546076e+01
3.671429303308914882e+01
3.671382746039190437e+01
3.671337153562191702e+01
3.671292526587649263e+01
3.671248865788044924e+01
3.671206171793028972e+01
3.671164445185788594e+01
3.671123686502140515e+01
3.671083896232250510e+01
3.671045074823132381e+01
3.671007222679880755e+01
3.670970340165338541e+01
3.670934427599281946e+01
3.670899485258282624e+01
3.670865513377128053e+01
3.670832512151796578e+01
3.670800481742532639e+01
3.670769422275939320e+01
3.670739333847175345e+01
3.670710216523801961e+01
3.670682070351671911e+01
3.670654895363649928e+01
3.670628691591728199e+01
3.670603459078080988e+01
3.670579197878318212e+01
3.670555908058604189e+01
3.670533589695205734e+01
3.670512242878718467e+01
3.670491867717317547e+01
3.670472464336106100e+01
3.670454032874033601e+01
3.670436573478661302e+01
3.670420086299376550e+01
3.670404571481571310e+01
3.670390029163263534e+01
3.670376459475214403e+01
3.670363862544849098e+01
3.670352238500075970e+01
3.670341587468529809e+01
3.670331909572131224e+01
3.670323204919410642e+01
3.670315473597728584e+01
3.670308715666374155e+01
3.670302931149952741e+01
3.670298120031579003e+01
3.670294282246844375e+01
3.670291417679052870e+01
3.670289526155331572e+01
3.670288607444391715e+01
3.670288661256535079e+01
3.670289687244040522e+01
3.670291684999806137e+01
3.670294654054517736e+01
3.670298593874407800e+01
3.670303503861445193e+01
3.670309383356444499e+01
3.670316231643541727e+01
3.670324047953886293e+01
3.670332831468357426e+01
3.670342581319498976e+01
3.670353296591409986e+01
3.670364976317391381e+01
3.670377619477785203e+01
3.670391225000639679e+01
3.670405791764220282e+01
3.670421318597379923e+01
3.670437804276713223e+01
3.670455247523603504e+01
3.670473647003619533e+01
3.670493001328431859e+01
3.670513309060464024e+01
3.670534568720943724e+01
3.670556778799906539e+01
3.670579937763662315e+01
3.670604044056904058e+01
3.670629096101502853e+01
3.670655092295007904e+01
3.670682031008856683e+01
3.670709910585215852e+01
3.670738729333042016e+01
3.670768485524532565e+01
3.670799177392062518e+01
3.670830803125601705e+01
3.670863360872377967e+01
3.670896848739846519e+01
3.670931264799340710e+01
3.670966607087674305e+01
3.671002873606799710e+01
3.671040062321995379e+01
3.671078171158303860e+01
3.671117197995604187e+01
3.671157140663876106e+01
3.671197996939923769e+01
3.671239764546342599e+01
3.671282441153691423e+01
3.671326024384816122e+01
3.671370511817212900e+01
3.671415900980333902e+01
3.671462189349671945e+01
3.671509374342695509e+01
3.671557453319071129e+01
3.671606423583704526e+01
3.671656282391536763e+01
3.671707026955164110e+01
3.671758654455670268e+01
3.671811162054917332e+01
3.671864546907154647e+01
3.671918806168289251e+01
3.671973937001648380e+01
3.672029936580229759e+01
3.672086802086423774e+01
3.672144530709292098e+01
3.672203119638347601e+01
3.672262566054401134e+01
3.672322867120413292e+01
3.672384019976237823e+01
3.672446021740866939e+01
3.672508869520613217e+01
3.672572560415249399e+01
3.672637091515962027e+01
3.672702459897165994e+01
3.672768662608709889e+01
3.672835696671486971e+01
3.672903559074410396e+01
3.672972246770898863e+01
3.673041756676043690e+01
3.673112085666598148e+01
3.673183230584184855e+01
3.673255188240537450e+01
3.673327955423825131e+01
3.673401528904381053e+01
3.673475905437026512e+01
3.673551081759297432e+01
3.673627054588312291e+01
3.673703820618799654e+01
3.673781376521913700e+01
3.673859718942870245e+01
3.673938844496930756e+01
3.674018749766162983e+01
3.674099431299804763e+01
3.674180885617841597e+01
3.674263109214873424e+01
3.674346098561741059e+01
3.674429850104133521e+01
3.674514360258754664e+01
3.674599625407643799e+01
3.674685641891026222e+01
3.674772405999780744e+01
3.674859913968386138e+01
3.674948161968067240e+01
3.675037146099936081e+01
3.675126862388913906e+01
3.675217306779303073e+01
3.675308475132896291e+01
3.675400363231076284e+01
3.675492966781200721e+01
3.675586281425222523e+01
3.675680302747926476e+01
3.675775026282626357e+01
3.675870447513357675e+01
3.675966561874729877e+01
3.676063364751971818e+01
3.676160851482631386e+01
3.676259017358863446e+01
3.676357857628734394e+01
3.676457367496949757e+01
3.676557542126062827e+01
3.676658376638169301e+01
3.676759866117480158e+01
3.676862005615325302e+01
3.676964790157888530e+01
3.677068214755006892e+01
3.677172274408098929e+01
3.677276964116624924e+01
3.677382278884743272e+01
3.677488213728260291e+01
3.677594763677776513e+01
3.677701923776183435e+01
3.677809689074990729e+01
3.677918054634454137e+01
3.678027015528663668e+01
3.678136566853755340e+01
3.678246703735531753e+01
3.678357421334942501e+01
3.678468714853757859e+01
3.678580579541309703e+01
3.678693010698994925e+01
3.678806003679227388e+01
3.678919553880290039e+01
3.679033656742556957e+01
3.679148307749680669e+01
3.679263502433966693e+01
3.679379236382914797e+01
3.679495505244689468e+01
3.679612304734271078e+01
3.679729630642626859e+01
3.679847478845005782e+01
3.679965845302699279e+01
3.680084726059548217e+01
3.680204117238641004e+01
3.680324015041348673e+01
3.680444415748407039e+01
3.680565315725473852e+01
3.680686711435704694e+01
3.680808599455536267e+01
3.680930976485898753e+01
3.681053839354361656e+01
3.681177185008999686e+01
3.681301010507194604e+01
3.681425313001515320e+01
3.681550089722768604e+01
3.681675337961198125e+01
3.681801055049832883e+01
3.681927238353474507e+01
3.682053885262463666e+01
3.682180993188878659e+01
3.682308559564781802e+01
3.682436581841725598e+01
3.682565057488899640e+01
3.682693983988937703e+01
3.682823358833138627e+01
3.682953179517078723e+01
3.683083443536216350e+01
3.683214148380434239e+01
3.683345291525068177e+01
3.683476870418332538e+01
3.683608882470788615e+01
3.683741325052413629e+01
3.683874195496582615e+01
3.684007491106099508e+01
3.684141209155613694e+01
3.684275346888303204e+01
3.684409901511178020e+01
3.684544870192830501e+01
3.684680250060689843e+01
3.684816038195942411e+01
3.684952231632444608e+01
3.685088827365082409e+01
3.685225822361834247e+01
3.685363213570083474e+01
3.685500997916113164e+01
3.685639172302162336e+01
3.685777733603097772e+01
3.685916678664343493e+01
3.686056004304494138e+01
3.686195707322402626e+01
3.686335784503001634e+01
3.686476232616987403e+01
3.686617048416123055e+01
3.686758228629317102e+01
3.686899769961137707e+01
3.687041669090714890e+01
3.687183922668305769e+01
3.687326527307186552e+01
3.687469479572028774e+01
3.687612775969717660e+01
3.687756412947084073e+01
3.687900386895356064e+01
3.688044694159578540e+01
3.688189331048911157e+01
3.688334293842926570e+01
3.688479578794795799e+01
3.688625182135252345e+01
3.688771100076260723e+01
3.688917328810498475e+01
3.689063864510055168e+01
3.689210703334681796e+01
3.689357841451042219e+01
3.689505275050311184e+01
3.689653000353400358e+01
3.689801013608585833e+01
3.689949311095465845e+01
3.690097889140119491e+01
3.690246744132997492e+01
3.690395872541739664e+01
3.690545270919129450e+01
3.690694935908897634e+01
3.690844864247632984e+01
3.690995052758707828e+01
3.691145498342298481e+01
3.691296197971550441e+01
3.691447148697016445e+01
3.691598347652853107e+01
3.691749792059800939e+01
3.691901479225140292e+01
3.692053406541582206e+01
3.692205571486835680e+01
3.692357971624927160e+01
3.692510604608695246e+01
3.692663468182568920e+01
3.692816560185060126e+01
3.692969878549205021e+01
3.693123421299893039e+01
3.693277186550020019e+01
3.693431172499570891e+01
3.693585377440247441e+01
3.693739799762437315e+01
3.693894437957702337e+01
3.694049290613666869e+01
3.694204356404522827e+01
3.694359634083870958e+01
3.694515122486428993e+01
3.694670820541232104e+01
3.694826727290385548e+01
3.694982841902458404e+01
3.695139163677012561e+01
3.695295692046313007e+01
3.695452426580533256e+01
3.695609366995599032e+01
3.695766513157717270e+01
3.695923865084007787e+01
3.696081422944791228e+01
3.696239187068896115e+01
3.696397157947892254e+01
3.696555336236725253e+01
3.696713722751032805e+01
3.696872318461150542e+01
3.697031124483197573e+01
3.697190142069767660e+01
3.697349372601890849e+01
3.697508817581381635e+01
3.697668478623382526e+01
3.697828357449977688e+01
3.697988455884394199e+01
3.698148775844711622e+01
3.698309319337282375e+01
3.698470088450536508e+01
3.698631085349280312e+01
3.698792312269475246e+01
3.698953771513701128e+01
3.699115465446327278e+01
3.699277396486053249e+01
3.699439567096401760e+01
3.699601979778257999e+01
3.699764637065818818e+01
3.699927541523903329e+01
3.700090695745166158e+01
3.700254102346532648e+01
3.700417763964562567e+01
3.700581683250710086e+01
3.700745862867859159e+01
3.700910305487727925e+01
3.701075013787300350e+01
3.701239990443212946e+01
3.701405238123996355e+01
3.701570759480566153e+01
3.701736557136613470e+01
3.701902633681040555e+01
3.702068991662930131e+01
3.702235633587389430e+01
3.702402561909836720e+01
3.702569779027946595e+01
3.702737287272916689e+01
3.702905088901707842e+01
3.703073186090934854e+01
3.703241580933004684e+01
3.703410275433708421e+01
3.703579271508844073e+01
3.703748570979372090e+01
3.703918175568330895e+01
3.704088086902518029e+01
3.704258306518073596e+01
3.704428835865861203e+01
3.704599676312864176e+01
3.704770829139380339e+01
3.704942295534378616e+01
3.705114076590844263e+01
3.705286173302688724e+01
3.705458586564579093e+01
3.705631317173521921e+01
3.705804365829468594e+01
3.705977733135730290e+01
3.706151419603284580e+01
3.706325425659176886e+01
3.706499751653747410e+01
3.706674397863188375e+01
3.706849364488781617e+01
3.707024651655072489e+01
3.707200259408033816e+01
3.707376187714405802e+01
3.707552436462687950e+01
3.707729005464034344e+01
3.707905894450808404e+01
3.708083103072510056e+01
3.708260630891116705e+01
3.708438477379151266e+01
3.708616641921157964e+01
3.708795123813814598e+01
3.708973922260297940e+01
3.709153036361433209e+01
3.709332465108791155e+01
3.709512207381195736e+01
3.709692261944150715e+01
3.709872627452287475e+01
3.710053302452104873e+01
3.710234285379835484e+01
3.710415574555029394e+01
3.710597168176667537e+01
3.710779064325799226e+01
3.710961260972469944e+01
3.711143755982840275e+01
3.711326547124453867e+01
3.711509632069071074e+01
3.711693008392186499e+01
3.711876673569534546e+01
3.712060624973389622e+01
3.712244859870526881e+01
3.712429375422035349e+01
3.712614168688385519e+01
3.712799236641419043e+01
3.712984576175550444e+01
3.713170184110989425e+01
3.713356057191794690e+01
3.713542192083343707e+01
3.713728585368731672e+01
3.713915233543904293e+01
3.714102133013563645e+01
3.714289280087864142e+01
3.714476670978901041e+01
3.714664301798765678e+01
3.714852168561493784e+01
3.715040267187545453e+01
3.715228593506435573e+01
3.715417143254492061e+01
3.715605912069592875e+01
3.715794895487952232e+01
3.715984088944603059e+01
3.716173487774274520e+01
3.716363087209924743e+01
3.716552882378845624e+01
3.716742868296811508e+01
3.716933039862718147e+01
3.717123391859847459e+01
3.717313918968038422e+01
3.717504615782383581e+01
3.717695476830762402e+01
3.717886496588345580e+01
3.718077669490647708e+01
3.718268989945205760e+01
3.718460452340832489e+01
3.718652051053258134e+01
3.718843780447362235e+01
3.719035634877853624e+01
3.719227608690622588e+01
3.719419696225759964e+01
3.719611891820954241e+01
3.719804189814214368e+01
3.719996584546590412e+01
3.720189070363623074e+01
3.720381641612323165e+01
3.720574292636773350e+01
3.720767017781339803e+01
3.720959811402449446e+01
3.721152667880659948e+01
3.721345581627956278e+01
3.721538547091155635e+01
3.721731558754036939e+01
3.721924611139966999e+01
3.722117698814033560e+01
3.722310816383814824e+01
3.722503958502291965e+01
3.722697119877194893e+01
3.722890295284239670e+01
3.723083479577640276e+01
3.723276667696234909e+01
3.723469854668448420e+01
3.723663035617734351e+01
3.723856205766954020e+01
3.724049360441286893e+01
3.724242495071632675e+01
3.724435605198205934e+01
3.724628686472281203e+01
3.724821734656961070e+01
3.725014745629215440e+01
3.725207715382308749e+01
3.725400640025694088e+01
3.725593515781690002e+01
3.725786338980896772e+01
3.725979106057413759e+01
3.726171813543373901e+01
3.726364458063971341e+01
3.726557036335989181e+01
3.726749545170812894e+01
3.726941981479195931e+01
3.727134342274757728e+01
3.727326624675924194e+01
3.727518825906700073e+01
3.727710943295977586e+01
3.727902974276557302e+01
3.728094916385920499e+01
3.728286767269045754e+01
3.728478524683271900e+01
3.728670186506571582e+01
3.728861750747969239e+01
3.729053215554836243e+01
3.729244579214059740e+01
3.729435840149401571e+01
3.729626996918182869e+01
3.729818048207866354e+01
3.730008992833227666e+01
3.730199829735472150e+01
3.730390557981937860e+01
3.730581176763460149e+01
3.730771685389203896e+01
3.730962083281495723e+01
3.731152369972312499e+01
3.731342545100452668e+01
3.731532608407537310e+01
3.731722559731966271e+01
3.731912399001119951e+01
3.732102126222885374e+01
3.732291741477563818e+01
3.732481244910269425e+01
3.732670636723525348e+01
3.732859917170730313e+01
3.733049086550605722e+01
3.733238145199594271e+01
3.733427093480072045e+01
3.733615931768849094e+01
3.733804660450935842e+01
3.733993279916226271e+01
3.734181790555209801e+01
3.734370192754103357e+01
3.734558486891726403e+01
3.734746673340381307e+01
3.734934752470817898e+01
3.735122724657104243e+01
3.735310590276525744e+01
3.735498349704034382e+01
3.735686003303771230e+01
3.735873551420109351e+01
3.736060994370242838e+01
3.736248332439128461e+01
3.736435565875778053e+01
3.736622694889756247e+01
3.736809719647380490e+01
3.736996640267534531e+01
3.737183456816989491e+01
3.737370169305342671e+01
3.737556777680244835e+01
3.737743281823018293e+01
3.737929681542618709e+01
3.738115976565602949e+01
3.738302166524051984e+01
3.738488250947195013e+01
3.738674229259366655e+01
3.738860100781177920e+01
3.739045864730493918e+01
3.739231520223699334e+01
3.739417066278529944e+01
3.739602501816701619e+01
3.739787825663722742e+01
3.739973036545972462e+01
3.740158133087489745e+01
3.740343113808030040e+01
3.740527977121606540e+01
3.740712721334449498e+01
3.740897344641989974e+01
3.741081845124285366e+01
3.741266220740568826e+01
3.741450469325164363e+01
3.741634588585347387e+01
3.741818576099986160e+01
3.742002429318864642e+01
3.742186145563079691e+01
3.742369722025727441e+01
3.742553155772979778e+01
3.742736443746917274e+01
3.742919582769719966e+01
3.743102569548257463e+01
3.743285400678964692e+01
3.743468072651548795e+01
3.743650581850069159e+01
3.743832924552263108e+01
3.744015096928092845e+01
3.744197095036246026e+01
3.744378914817227155e+01
3.744560552086742433e+01
3.744742002535809178e+01
3.744923261735925024e+01
3.745104325141024759e+01
3.745285188084082506e+01
3.745465845772250191e+01
3.745646293284141137e+01
3.745826525572762478e+01
3.746006537473709130e+01
3.746186323712576893e+01
3.746365878908093805e+01
3.746545197572812924e+01
3.746724274114485809e+01
3.746903102840658306e+01
3.747081677966180990e+01
3.747259993619653073e+01
3.747438043845868805e+01
3.747615822605447988e+01
3.747793323774162388e+01
3.747970541144611900e+01
3.748147468432277662e+01
3.748324099283134814e+01
3.748500427276592717e+01
3.748676445922005485e+01
3.748852148652354543e+01
3.749027528818817956e+01
3.749202579687664638e+01
3.749377294439596398e+01
3.749551666170836484e+01
3.749725687894123638e+01
3.749899352537661201e+01
3.750072652942022700e+01
3.750245581859001476e+01
3.750418131960012857e+01
3.750590295856962797e+01
3.750762066127594352e+01
3.750933435334705024e+01
3.751104396036301125e+01
3.751274940789908641e+01
3.751445062153863574e+01
3.751614752687340371e+01
3.751784004951550600e+01
3.751952811512589392e+01
3.752121164943416431e+01
3.752289057822909513e+01
3.752456482732875997e+01
3.752623432256427094e+01
3.752789898979663263e+01
3.752955875495116800e+01
3.753121354405681842e+01
3.753286328328151455e+01
3.753450789894036888e+01
3.753614731747260436e+01
3.753778146541367988e+01
3.753941026938882430e+01
3.754103365614851384e+01
3.754265155266233478e+01
3.754426388627231859e+01
3.754587058488621665e+01
3.754747157715911499e+01
3.754906679260583502e+01
3.755065616164717568e+01
3.755223961562494850e+01
3.755381708679461639e+01
3.755538850829849906e+01
3.755695381412530764e+01
3.755851293905023169e+01
3.756006581854286708e+01
3.756161238864500262e+01
3.756315258585614458e+01
3.756468634707754717e+01
3.756621360963318779e+01
3.756773431134141106e+01
3.756924839058755339e+01
3.757075578634104573e+01
3.757225643805956139e+01
3.757375028548111118e+01
3.757523726840349099e+01
3.757671732656803698e+01
3.757819039969621144e+01
3.757965642763734593e+01
3.758111535052121610e+01
3.758256710883466667e+01
3.758401164340958189e+01
3.758544889533979472e+01
3.758687880586287378e+01
3.758830131625177273e+01
3.758971636773363656e+01
3.759112390142917803e+01
3.759252385831344156e+01
3.759391617920871909e+01
3.759530080480872272e+01
3.759667767572116048e+01
3.759804673251238682e+01
3.759940791572859808e+01
3.760076116587813289e+01
3.760210642340110354e+01
3.760344362866532464e+01
3.760477272197299925e+01
3.760609364352549733e+01
3.760740633333850980e+01
3.760871073115716712e+01
3.761000677641601442e+01
3.761129440824964121e+01
3.761257356554229148e+01
3.761384418699598342e+01
3.761510621118308251e+01
3.761635957656572771e+01
3.761760422150264560e+01
3.761884008426473969e+01
3.762006710305846013e+01
3.762128521605698950e+01
3.762249436144220738e+01
3.762369447745339102e+01
3.762488550243407559e+01
3.762606737486231623e+01
3.762724003335370782e+01
3.762840341663323329e+01
3.762955746348668384e+01
3.763070211274033028e+01
3.763183730331466137e+01
3.763296297433655724e+01
3.763407906526513358e+01
3.763518551600298423e+01
3.763628226697723989e+01
3.763736925917388021e+01
3.763844643412629409e+01
3.763951373390579391e+01
3.764057110114816140e+01
3.764161847907929115e+01
3.764265581149891204e+01
3.764368304272147725e+01
3.764470011749373413e+01
3.764570698091514345e+01
3.764670357837301395e+01
3.764768985550389857e+01
3.764866575820080641e+01
3.764963123264188738e+01
3.765058622528986376e+01
3.765153068287008153e+01
3.765246455237679157e+01
3.765338778111846807e+01
3.765430031676892497e+01
3.765520210739025941e+01
3.765609310142944821e+01
3.765697324773254451e+01
3.765784249560173436e+01
3.765870079487092426e+01
3.765954809597646857e+01
3.766038435000355378e+01
3.766120950865858674e+01
3.766202352413539955e+01
3.766282634892208847e+01
3.766361793563901017e+01
3.766439823697419342e+01
3.766516720573668664e+01
3.766592479497805357e+01
3.766667095807787291e+01
3.766740564877763831e+01
3.766812882128576945e+01
3.766884043051901898e+01
3.766954043237796412e+01
3.767022878392226204e+01
3.767090544339775704e+01
3.767157037015751087e+01
3.767222352455067380e+01
3.767286486781427612e+01
3.767349436196312951e+01
3.767411196967483988e+01
3.767471765418754615e+01
3.767531137924537177e+01
3.767589310911207434e+01
3.767646280863149855e+01
3.767702044328902389e+01
3.767756597923987982e+01
3.767809938331316033e+01
3.767862062303825610e+01
3.767912966672387398e+01
3.767962648356247257e+01
3.768011104370928877e+01
3.768058331831862517e+01
3.768104327955280297e+01
3.768149090058631856e+01
3.768192615562070813e+01
3.768234901991892372e+01
3.768275946986113212e+01
3.768315748299860957e+01
3.768354303806968630e+01
3.768391611497084881e+01
3.768427669468699293e+01
3.768462475916909682e+01
3.768496029118747970e+01
3.768528327423881308e+01
3.768559369253381419e+01
3.768589153101337530e+01
3.768617677534900423e+01
3.768644941194044407e+01
3.768670942793276879e+01
3.768695681125194596e+01
3.768719155065905824e+01
3.768741363581218451e+01
3.768762305728460404e+01
3.768781980651958463e+01
3.768800387579114641e+01
3.768817525819982706e+01
3.768833394762467037e+01
3.768847993860218537e+01
3.768861322621405208e+01
3.768873380604112100e+01
3.768884167417685660e+01
3.768893682730699624e+01
3.768901926284967629e+01
3.768908897907801503e+01
3.768914597515504994e+01
3.768919025111220833e+01
3.768922180785602905e+01
3.768924064721485223e+01
3.768924677196018536e+01
3.768924018579208735e+01
3.768922089334694192e+01
3.768918890025006618e+01
3.768914421318098817e+01
3.768908683992031428e+01
3.768901678936822464e+01
3.768893407154072861e+01
3.768883869756781024e+01
3.768873067971398427e+01
3.768861003141356036e+01
3.768847676730582918e+01
3.768833090324503843e+01
3.768817245624212831e+01
3.768800144435000732e+01
3.768781788655764586e+01
3.768762180272312179e+01
3.768741321355050644e+01
3.768719214059701983e+01
3.768695860626261407e+01
3.768671263377279956e+01
3.768645424721991333e+01
3.768618347165217841e+01
3.768590033314321630e+01
3.768560485880612987e+01
3.768529707674135665e+01
3.768497701593578597e+01
3.768464470615808182e+01
3.768430017787927966e+01
3.768394346224116020e+01
3.768357459109672902e+01
3.768319359709939675e+01
3.768280051377858797e+01
3.768239537555493968e+01
3.768197821765615885e+01
3.768154907592379743e+01
3.768110798660546124e+01
3.768065498627073850e+01
3.768019011187909229e+01
3.767971340091497723e+01
3.767922489151716547e+01
3.767872462258955579e+01
3.767821263388180597e+01
3.767768896600377104e+01
3.767715366036001967e+01
3.767660675903672995e+01
3.767604830470995836e+01
3.767547834062896328e+01
3.767489691065311064e+01
3.767430405928784154e+01
3.767369983169335512e+01
3.767308427367093060e+01
3.767245743164731664e+01
3.767181935266008708e+01
3.767117008430019354e+01
3.767050967454927957e+01
3.766983817153429470e+01
3.766915562333754508e+01
3.766846207794418433e+01
3.766775758325400147e+01
3.766704218708737528e+01
3.766631593720972404e+01
3.766557888139403332e+01
3.766483106748330556e+01
3.766407254340926869e+01
3.766330335715458233e+01
3.766252355668095930e+01
3.766173318986703578e+01
3.766093230448037588e+01
3.766012094818551503e+01
3.765929916860755355e+01
3.765846701346980296e+01
3.765762453076649763e+01
3.765677176889461464e+01
3.765590877670685899e+01
3.765503560349927881e+01
3.765415229896105842e+01
3.765325891311542961e+01
3.765235549628602740e+01
3.765144209911771611e+01
3.765051877265303659e+01
3.764958556843493653e+01
3.764864253861339449e+01
3.764768973603065660e+01
3.764672721423439583e+01
3.764575502738860280e+01
3.764477323011045939e+01
3.764378187730918768e+01
3.764278102409504356e+01
3.764177072576624994e+01
3.764075103783780918e+01
3.763972201607231938e+01
3.763868371649714106e+01
3.763763619540893757e+01
3.763657950933824026e+01
3.763551371494885700e+01
3.763443886892453349e+01
3.763335502792777021e+01
3.763226224863461056e+01
3.763116058775874961e+01
3.763005010199281486e+01
3.762893084791073051e+01
3.762780288193439304e+01
3.762666626036076423e+01
3.762552103934116587e+01
3.762436727478181098e+01
3.762320502226076968e+01
3.762203433705322198e+01
3.762085527426859954e+01
3.761966788904144465e+01
3.761847223669296625e+01
3.761726837279817204e+01
3.761605635315847707e+01
3.761483623373348451e+01
3.761360807058149192e+01
3.761237191981462757e+01
3.761112783755401523e+01
3.760987587989469461e+01
3.760861610288318246e+01
3.760734856247658797e+01
3.760607331448124313e+01
3.760479041451865356e+01
3.760349991803720116e+01
3.760220188033754596e+01
3.760089635659312535e+01
3.759958340186485515e+01
3.759826307108758670e+01
3.759693541902439051e+01
3.759560050024526134e+01
3.759425836917302632e+01
3.759290908015847066e+01
3.759155268753696788e+01
3.759018924567931208e+01
3.758881880905128980e+01
3.758744143224697609e+01
3.758605716997042379e+01
3.758466607699006801e+01
3.758326820808244406e+01
3.758186361794864894e+01
3.758045236110640985e+01
3.757903449179489286e+01
3.757761006391066161e+01
3.757617913095238293e+01
3.757474174596171679e+01
3.757329796148365375e+01
3.757184782955995672e+01
3.757039140173729663e+01
3.756892872906851721e+01
3.756745986209933363e+01
3.756598485083747363e+01
3.756450374469944364e+01
3.756301659244076774e+01
3.756152344210077842e+01
3.756002434099136167e+01
3.755851933571580048e+01
3.755700847218083993e+01
3.755549179558347817e+01
3.755396935036655748e+01
3.755244118013832377e+01
3.755090732756570304e+01
3.754936783426952474e+01
3.754782274075777337e+01
3.754627208641723257e+01
3.754471590954222648e+01
3.754315424735651163e+01
3.754158713600985919e+01
3.754001461055612054e+01
3.753843670491769302e+01
3.753685345184997857e+01
3.753526488292924057e+01
3.753367102855506232e+01
3.753207191793333664e+01
3.753046757903491937e+01
3.752885803855623692e+01
3.752724332189645651e+01
3.752562345314247239e+01
3.752399845505777165e+01
3.752236834908594432e+01
3.752073315537072773e+01
3.751909289277902104e+01
3.751744757892681292e+01
3.751579723023336044e+01
3.751414186201532885e+01
3.751248148860526044e+01
3.751081612347399385e+01
3.750914577932772431e+01
3.750747046815638441e+01
3.750579020124502705e+01
3.750410498918030555e+01
3.750241484187651508e+01
3.750071976862297873e+01
3.749901977813931353e+01
3.749731487862481316e+01
3.749560507779131058e+01
3.749389038286874865e+01
3.749217080056595108e+01
3.749044633698564155e+01
3.748871699754822373e+01
3.748698278698860520e+01
3.748524370941733963e+01
3.748349976838667175e+01
3.748175096692731501e+01
3.747999730755994818e+01
3.747823879229988364e+01
3.747647542267442589e+01
3.747470719976162457e+01
3.747293412423884718e+01
3.747115619641471085e+01
3.746937341622508200e+01
3.746758578319878552e+01
3.746579329641559042e+01
3.746399595447295638e+01
3.746219375548687935e+01
3.746038669715411373e+01
3.745857477684653247e+01
3.745675799168215292e+01
3.745493633857275029e+01
3.745310981428320929e+01
3.745127841551323655e+01
3.744944213896356189e+01
3.744760098133388482e+01
3.744575493927997201e+01
3.744390400940873320e+01
3.744204818832006509e+01
3.744018747266134994e+01
3.743832185918198263e+01
3.743645134477428371e+01
3.743457592648318411e+01
3.743269560148091557e+01
3.743081036702123754e+01
3.742892022039946909e+01
3.742702515893211057e+01
3.742512517994706656e+01
3.742322028076908680e+01
3.742131045869837891e+01
3.741939571100188999e+01
3.741747603493187313e+01
3.741555142775806786e+01
3.741362188680093226e+01
3.741168740948720028e+01
3.740974799345519841e+01
3.740780363667669661e+01
3.740585433750668187e+01
3.740390009461041387e+01
3.740194090681838190e+01
3.739997677301930423e+01
3.739800769215245424e+01
3.739603366327987288e+01
3.739405468569465540e+01
3.739207075901851596e+01
3.739008188323896320e+01
3.738808805865684093e+01
3.738608928576772428e+01
3.738408556515587122e+01
3.738207689746716511e+01
3.738006328345608864e+01
3.737804472407647438e+01
3.737602122061132093e+01
3.737399277482788307e+01
3.737195938913086479e+01
3.736992106671065983e+01
3.736787781167905820e+01
3.736582962914545192e+01
3.736377652519567505e+01
3.736171850682116258e+01
3.735965558189780467e+01
3.735758775923393671e+01
3.735551504863008887e+01
3.735343746092018336e+01
3.735135500798742214e+01
3.734926770274317676e+01
3.734717555910687281e+01
3.734507859205888280e+01
3.734297681774415167e+01
3.734087025352221190e+01
3.733875891792467172e+01
3.733664283055721711e+01
3.733452201199376219e+01
3.733239648370867059e+01
3.733026626807029658e+01
3.732813138838523059e+01
3.732599186896883481e+01
3.732384773521672372e+01
3.732169901366463449e+01
3.731954573205114656e+01
3.731738791940097144e+01
3.731522560610716255e+01
3.731305882396174667e+01
3.731088760609678445e+01
3.730871198681920475e+01
3.730653200136385550e+01
3.730434768565531556e+01
3.730215907616808124e+01
3.729996620991149570e+01
3.729776912453735349e+01
3.729556785853525724e+01
3.729336245142205541e+01
3.729115294385440649e+01
3.728893937768186362e+01
3.728672179598735426e+01
3.728450024311984379e+01
3.728227476470755164e+01
3.728004540766917074e+01
3.727781222023685359e+01
3.727557525197429555e+01
3.727333455379480398e+01
3.727109017801155488e+01
3.726884217839659641e+01
3.726659061015807595e+01
3.726433552977616870e+01
3.726207699474555568e+01
3.725981506335777738e+01
3.725754979462977445e+01
3.725528124836097987e+01
3.725300948519531374e+01
3.725073456657305826e+01
3.724845655458831573e+01
3.724617551184836373e+01
3.724389150136423154e+01
3.724160458645585692e+01
3.723931483069231518e+01
3.723702229787787132e+01
3.723472705205067257e+01
3.723242915747853488e+01
3.723012867867419828e+01
3.722782568044468832e+01
3.722552022796114812e+01
3.722321238682671662e+01
3.722090222313174479e+01
3.721858980349343682e+01
3.721627519507311632e+01
3.721395846556612952e+01
3.721163968316948711e+01
3.720931891653670931e+01
3.720699623472790307e+01
3.720467170716073468e+01
3.720234540357122910e+01
3.720001739399204865e+01
3.719768774874442130e+01
3.719535653843400524e+01
3.719302383394183664e+01
3.719068970639874294e+01
3.718835422714025185e+01
3.718601746765572358e+01
3.718367949954910756e+01
3.718134039452503714e+01
3.717900022439930297e+01
3.717665906110445206e+01
3.717431697665739421e+01
3.717197404309192166e+01
3.716963033239029812e+01
3.716728591645572521e+01
3.716494086714523348e+01
3.716259525632690952e+01
3.716024915591178512e+01
3.715790263785750369e+01
3.715555577416417066e+01
3.715320863687316688e+01
3.715086129807467330e+01
3.714851382991913198e+01
3.714616630461410551e+01
3.714381879439967094e+01
3.714147137152088618e+01
3.713912410821979648e+01
3.713677707674392536e+01
3.713443034934412879e+01
3.713208399824997485e+01
3.712973809564225292e+01
3.712739271363225413e+01
3.712504792423523980e+01
3.712270379933124786e+01
3.712036041061319480e+01
3.711801782953406814e+01
3.711567612728328669e+01
3.711333537480592071e+01
3.711099564284922536e+01
3.710865700201402007e+01
3.710631952279337753e+01
3.710398327559965992e+01
3.710164833079351610e+01
3.709931475871085382e+01
3.709698262967041416e+01
3.709465201395985900e+01
3.709232298181602516e+01
3.708999560341297297e+01
3.708766994885878887e+01
3.708534608819241640e+01
3.708302409137264988e+01
3.708070402826228218e+01
3.707838596861517289e+01
3.707606998206036053e+01
3.707375613806964765e+01
3.707144450592126361e+01
3.706913515469081943e+01
3.706682815326855263e+01
3.706452357037457546e+01
3.706222147457031468e+01
3.705992193428836856e+01
3.705762501787994267e+01
3.705533079365449112e+01
3.705303932989300364e+01
3.705075069482629857e+01
3.704846495657522354e+01
3.704618218307147970e+01
3.704390244200853033e+01
3.704162580086369871e+01
3.703935232697088509e+01
3.703708208758642684e+01
3.703481514991313617e+01
3.703255158107946698e+01
3.703029144808557049e+01
3.702803481773376859e+01
3.702578175655610693e+01
3.702353233074187955e+01
3.702128660607295529e+01
3.701904464788054128e+01
3.701680652102918145e+01
3.701457228992123305e+01
3.701234201849742789e+01
3.701011577021017018e+01
3.700789360798121663e+01
3.700567559417496000e+01
3.700346179061063623e+01
3.700125225863789069e+01
3.699904705926685722e+01
3.699684625328166021e+01
3.699464990127599862e+01
3.699245806359912336e+01
3.699027080021314617e+01
3.698808817048895037e+01
3.698591023303427505e+01
3.698373704565618425e+01
3.698156866545313193e+01
3.697940514893718245e+01
3.697724655211139577e+01
3.697509293049079560e+01
3.697294433910467859e+01
3.697080083254581240e+01
3.696866246507605069e+01
3.696652929072708105e+01
3.696440136336121896e+01
3.696227873671078612e+01
3.696016146442136119e+01
3.695804960011160034e+01
3.695594319744568423e+01
3.695384231019310306e+01
3.695174699224461534e+01
3.694965729759407935e+01
3.694757328033102795e+01
3.694549499465557574e+01
3.694342249489144336e+01
3.694135583547358692e+01
3.693929507088813580e+01
3.693724025556355173e+01
3.693519144375993335e+01
3.693314868951468100e+01
3.693111204665936498e+01
3.692908156886672799e+01
3.692705730967823996e+01
3.692503932250722443e+01
3.692302766064398156e+01
3.692102237727159064e+01
3.691902352547002408e+01
3.691703115817934133e+01
3.691504532812778905e+01
3.691306608776768883e+01
3.691109348924152300e+01
3.690912758436552821e+01
3.690716842462305181e+01
3.690521606116661246e+01
3.690327054481902991e+01
3.690133192606768375e+01
3.689940025505683963e+01
3.689747558157994689e+01
3.689555795506902314e+01
3.689364742459277835e+01
3.689174403889174414e+01
3.688984784645528947e+01
3.688795889559861507e+01
3.688607723450467546e+01
3.688420291125926553e+01
3.688233597392215302e+01
3.688047647060888323e+01
3.687862444952391172e+01
3.687677995894593153e+01
3.687494304721909799e+01
3.687311376278415054e+01
3.687129215424750583e+01
3.686947827046884640e+01
3.686767216063606867e+01
3.686587387429147356e+01
3.686408346129172031e+01
3.686230097173270792e+01
3.686052645589489174e+01
3.685875996422460332e+01
3.685700154733297040e+01
3.685525125599864538e+01
3.685350914116469312e+01
3.685177525392671072e+01
3.685004964552094009e+01
3.684833236731724071e+01
3.684662347081783906e+01
3.684492300767368533e+01
3.684323102972995656e+01
3.684154758908228899e+01
3.683987273809596985e+01
3.683820652936376661e+01
3.683654901562766781e+01
3.683490024968894971e+01
3.683326028430847998e+01
3.683162917211675591e+01
3.683000696556869968e+01
3.682839371695109776e+01
3.682678947841433370e+01
3.682519430199928223e+01
3.682360823965050400e+01
3.682203134321191129e+01
3.682046366439806917e+01
3.681890525474405251e+01
3.681735616555238977e+01
3.681581644785553209e+01
3.681428615239488522e+01
3.681276532960860237e+01
3.681125402962908311e+01
3.680975230229707051e+01
3.680826019719125242e+01
3.680677776366079712e+01
3.680530505084524151e+01
3.680384210767385156e+01
3.680238898284746085e+01
3.680094572481155524e+01
3.679951238172342443e+01
3.679808900140186267e+01
3.679667563124852592e+01
3.679527231815663413e+01
3.679387910844204157e+01
3.679249604782307159e+01
3.679112318144992599e+01
3.678976055395946076e+01
3.678840820952405011e+01
3.678706619187811100e+01
3.678573454432797263e+01
3.678441330976468038e+01
3.678310253068264757e+01
3.678180224918560981e+01
3.678051250698086250e+01
3.677923334538130717e+01
3.677796480531327461e+01
3.677670692731464896e+01
3.677545975151345914e+01
3.677422331758502594e+01
3.677299766470618181e+01
3.677178283153284610e+01
3.677057885620678235e+01
3.676938577638968297e+01
3.676820362932247122e+01
3.676703245187785285e+01
3.676587228056990853e+01
3.676472315155011472e+01
3.676358510064322616e+01
3.676245816340166783e+01
3.676134237510828484e+01
3.676023777071673493e+01
3.675914438479867385e+01
3.675806225156983942e+01
3.675699140499205697e+01
3.675593187888114244e+01
3.675488370697381413e+01
3.675384692296540123e+01
3.675282156053192040e+01
3.675180765331218424e+01
3.675080523482179018e+01
3.674981433833484346e+01
3.674883499680564825e+01
3.674786724284591344e+01
3.674691110873209965e+01
3.674596662643326539e+01
3.674503382765148274e+01
3.674411274384964088e+01
3.674320340624994685e+01
3.674230584581980708e+01
3.674142009327028546e+01
3.674054617909262532e+01
3.673968413365892616e+01
3.673883398735701178e+01
3.673799577067939737e+01
3.673716951423924826e+01
3.673635524875124503e+01
3.673555300501043774e+01
3.673476281387988251e+01
3.673398470628217893e+01
3.673321871317435949e+01
3.673246486550530676e+01
3.673172319417599851e+01
3.673099372999298851e+01
3.673027650359647822e+01
3.672957154538547542e+01
3.672887888546339497e+01
3.672819855359435337e+01
3.672753057916332864e+01
3.672687499114800858e+01
3.672623181810323700e+01
3.672560108815039825e+01
3.672498282895889332e+01
3.672437706771499677e+01
3.672378383108777200e+01
3.672320314519880924e+01
3.672263503561244136e+01
3.672207952737660008e+01
3.672153664509676929e+01
3.672100641297869572e+01
3.672048885481758163e+01
3.671998399397260471e+01
3.671949185336966792e+01
3.671901245553725346e+01
3.671854582264712263e+01
3.671809197652775225e+01
3.671765093862703822e+01
3.671722272995068437e+01
3.671680737106772341e+01
3.671640488220669596e+01
3.671601528334296916e+01
3.671563859421690523e+01
3.671527483432374339e+01
3.671492402289957369e+01
3.671458617887322617e+01
3.671426132078397586e+01
3.671394946670805126e+01
3.671365063421046671e+01
3.671336484031723302e+01
3.671309210151483882e+01
3.671283243377702377e+01
3.671258585260317631e+01
3.671235237304892962e+01
3.671213200973630109e+01
3.671192477684529365e+01
3.671173068809571305e+01
3.671154975672801157e+01
3.671138199549289993e+01
3.671122741664674294e+01
3.671108603193037823e+01
3.671095785252066435e+01
3.671084288897809245e+01
3.671074115121678716e+01
3.671065264849497112e+01
3.671057738941118487e+01
3.671051538190057073e+01
3.671046663322034931e+01
3.671043114990415290e+01
3.671040893769388447e+01
3.671040000148720139e+01
3.671040434531904850e+01
3.671042197238891447e+01
3.671045288515922067e+01
3.671049708549460178e+01
3.671055457474658823e+01
3.671062535374576896e+01
3.671070942276368498e+01
3.671080678151078303e+01
3.671091742916259193e+01
3.671104136434786369e+01
3.671117858506756448e+01
3.671132908860409572e+01
3.671149287148698193e+01
3.671166992949748220e+01
3.671186025765765493e+01
3.671206385019889495e+01
3.671228070054117154e+01
3.671251080128591582e+01
3.671275414420786376e+01
3.671301072025373458e+01
3.671328051954382232e+01
3.671356353134525108e+01
3.671385974402287644e+01
3.671416914502326279e+01
3.671449172092193436e+01
3.671482745749792542e+01
3.671517633978779571e+01
3.671553835211143024e+01
3.671591347807539307e+01
3.671630170056064202e+01
3.671670300172296209e+01
3.671711736302448514e+01
3.671754476528370503e+01
3.671798518874207673e+01
3.671843861315390001e+01
3.671890501787724048e+01
3.671938438194332122e+01
3.671987668410940842e+01
3.672038190289894999e+01
3.672090001663393366e+01
3.672143100347405920e+01
3.672197484145875279e+01
3.672253150853852333e+01
3.672310098259649180e+01
3.672368324144753160e+01
3.672427826276724971e+01
3.672488602392353130e+01
3.672550650177591081e+01
3.672613967254994805e+01
3.672678551181874695e+01
3.672744399456134090e+01
3.672811509527669216e+01
3.672879878811897214e+01
3.672949504699691659e+01
3.673020384560193463e+01
3.673092515735444152e+01
3.673165895530534897e+01
3.673240521209888243e+01
3.673316390003962795e+01
3.673393499117806726e+01
3.673471845735225116e+01
3.673551427020804283e+01
3.673632240121639825e+01
3.673714282168089085e+01
3.673797550273255297e+01
3.673882041531398812e+01
3.673967753015567439e+01
3.674054681775223230e+01
3.674142824836010846e+01
3.674232179203228554e+01
3.674322741865781694e+01
3.674414509795456496e+01
3.674507479940839971e+01
3.674601649218895005e+01
3.674697014507120940e+01
3.674793572638633066e+01
3.674891320402404915e+01
3.674990254548472990e+01
3.675090371793632471e+01
3.675191668823521240e+01
3.675294142292268162e+01
3.675397788822920830e+01
3.675502605007967816e+01
3.675608587406742345e+01
3.675715732539997305e+01
3.675824036884092294e+01
3.675933496864978878e+01
3.676044108852191528e+01
3.676155869154094091e+01
3.676268774015080254e+01
3.676382819616958386e+01
3.676498002086955807e+01
3.676614317508355612e+01
3.676731761926158981e+01
3.676850331346420830e+01
3.676970021733823302e+01
3.677090829011200412e+01
3.677212749061393993e+01
3.677335777729602739e+01
3.677459910824358502e+01
3.677585144116456917e+01
3.677711473335747172e+01
3.677838894166746542e+01
3.677967402245519679e+01
3.678096993159384454e+01
3.678227662448658464e+01
3.678359405609383259e+01
3.678492218096622679e+01
3.678626095327474843e+01
3.678761032683200938e+01
3.678897025510868701e+01
3.679034069124118389e+01
3.679172158801483761e+01
3.679311289781800554e+01
3.679451457258534219e+01
3.679592656374499171e+01
3.679734882216669689e+01
3.679878129812941978e+01
3.680022394133276009e+01
3.680167670093074861e+01
3.680313952555787438e+01
3.680461236334141972e+01
3.680609516190502006e+01
3.680758786838878649e+01
3.680909042950152354e+01
3.681060279157102144e+01
3.681212490055340680e+01
3.681365670200641915e+01
3.681519814105490696e+01
3.681674916236601547e+01
3.681830971014679221e+01
3.681987972817589139e+01
3.682145915985466189e+01
3.682304794824761984e+01
3.682464603610429776e+01
3.682625336587334886e+01
3.682786987971270776e+01
3.682949551948711076e+01
3.683113022674214676e+01
3.683277394265502380e+01
3.683442660798132096e+01
3.683608816302421474e+01
3.683775854762117774e+01
3.683943770113067018e+01
3.684112556244316750e+01
3.684282207004672216e+01
3.684452716213249346e+01
3.684624077670505926e+01
3.684796285167038121e+01
3.684969332489059468e+01
3.685143213421637398e+01
3.685317921751251191e+01
3.685493451266788867e+01
3.685669795758392553e+01
3.685846949018845464e+01
3.686024904851673512e+01
3.686203657081970420e+01
3.686383199563334045e+01
3.686563526179826056e+01
3.686744630845301174e+01
3.686926507501180339e+01
3.687109150112854650e+01
3.687292552665018519e+01
3.687476709157098753e+01
3.687661613602289634e+01
3.687847260032521746e+01
3.688033642506164966e+01
3.688220755113095350e+01
3.688408591974891948e+01
3.688597147241816998e+01
3.688786415089601434e+01
3.688976389717007720e+01
3.689167065343100660e+01
3.689358436203247038e+01
3.689550496543368041e+01
3.689743240612914121e+01
3.689936662659017230e+01
3.690130756924727251e+01
3.690325517651537979e+01
3.690520939084342444e+01
3.690717015478143281e+01
3.690913741106028567e+01
3.691111110267633677e+01
3.691309117298182230e+01
3.691507756575782651e+01
3.691707022521893578e+01
3.691906909594199959e+01
3.692107412278116385e+01
3.692308525083847570e+01
3.692510242549484190e+01
3.692712559245072157e+01
3.692915469773664228e+01
3.693118968770029653e+01
3.693323050901116744e+01
3.693527710870703373e+01
3.693732943425509774e+01
3.693938743358773280e+01
3.694145105510710181e+01
3.694352024768095788e+01
3.694559496065014770e+01
3.694767514384781748e+01
3.694976074761463991e+01
3.695185172279559538e+01
3.695394802072603113e+01
3.695604959324977301e+01
3.695815639280260712e+01
3.696026837251907438e+01
3.696238548629539622e+01
3.696450768880957582e+01
3.696663493552590296e+01
3.696876718265362882e+01
3.697090438701216897e+01
3.697304650584271712e+01
3.697519349667824429e+01
3.697734531732750440e+01
3.697950192593794583e+01
3.698166328107221545e+01
3.698382934174765779e+01
3.698600006743296120e+01
3.698817541802237940e+01
3.699035535378654771e+01
3.699253983529213485e+01
3.699472882331080825e+01
3.699692227874663075e+01
3.699912016259274594e+01
3.700132243591038872e+01
3.700352905981282703e+01
3.700573999544049286e+01
3.700795520392733096e+01
3.701017464635742726e+01
3.701239828370309937e+01
3.701462607675230032e+01
3.701685798605641509e+01
3.701909397192096662e+01
3.702133399443524553e+01
3.702357801351266886e+01
3.702582598890578680e+01
3.702807788018915858e+01
3.703033364673245842e+01
3.703259324768237803e+01
3.703485664196004734e+01
3.703712378827412266e+01
3.703939464513570812e+01
3.704166917085389343e+01
3.704394732350588981e+01
3.704622906088966516e+01
3.704851434046388903e+01
3.705080311928398373e+01
3.705309535394790288e+01
3.705539100055651858e+01
3.705769001468571844e+01
3.705999235135845282e+01
3.706229796500024776e+01
3.706460680938789665e+01
3.706691883761759954e+01
3.706923400208481212e+01
3.707155225444557800e+01
3.707387354555250880e+01
3.707619782538301934e+01
3.707852504297623852e+01
3.708085514638072766e+01
3.708318808261383026e+01
3.708552379765119866e+01
3.708786223646214353e+01
3.709020334306637068e+01
3.709254706056833584e+01
3.709489333115458720e+01
3.709724209606572742e+01
3.709959329556355812e+01
3.710194686891863824e+01
3.710430275442901404e+01
3.710666088946432950e+01
3.710902121052540537e+01
3.711138365329614430e+01
3.711374815266124472e+01
3.711611464269474681e+01
3.711848305665147763e+01
3.712085332698089246e+01
3.712322538535356387e+01
3.712559916268185845e+01
3.712797458911527571e+01
3.713035159399190377e+01
3.713273010575974808e+01
3.713511005191163861e+01
3.713749135895425013e+01
3.713987395240341982e+01
3.714225775680188235e+01
3.714464269574669686e+01
3.714702869190017509e+01
3.714941566697737585e+01
3.715180354172679245e+01
3.715419223591690923e+01
3.715658166832567844e+01
3.715897175672410668e+01
3.716136241784817429e+01
3.716375356736003965e+01
3.716614511981222080e+01
3.716853698863405242e+01
3.717092908614652202e+01
3.717332132359163666e+01
3.717571361115791717e+01
3.717810585799227852e+01
3.718049797219821784e+01
3.718288986082723113e+01
3.718528142987118912e+01
3.718767258426738209e+01
3.719006322794444941e+01
3.719245326392389472e+01
3.719484259443711238e+01
3.719723112101127782e+01
3.719961874453385064e+01
3.720200536532382074e+01
3.720439088319619003e+01
3.720677519748844020e+01
3.720915820704905030e+01
3.721153981020256651e+01
3.721391990469137312e+01
3.721629838760182452e+01
3.721867515530307458e+01
3.722105010341316245e+01
3.722342312677291432e+01
3.722579411939840810e+01
3.722816297441492850e+01
3.723052958401235202e+01
3.723289383944730702e+01
3.723525563107650527e+01
3.723761484842025737e+01
3.723997138029324816e+01
3.724232511500147780e+01
3.724467594054610942e+01
3.724702374479415568e+01
3.724936841564040435e+01
3.725170984120347129e+01
3.725404791004324068e+01
3.725638251134913048e+01
3.725871353507184836e+01
3.726104087201424164e+01
3.726336441392798804e+01
3.726568405362979775e+01
3.726799968509811123e+01
3.727031120352014426e+01
3.727261850529121290e+01
3.727492148801401584e+01
3.727722005057201926e+01
3.727951409326225729e+01
3.728180351789107760e+01
3.728408822780662035e+01
3.728636812791376087e+01
3.728864312469197984e+01
3.729091312621324050e+01
3.729317804215499166e+01
3.729543778379957075e+01
3.729769226402578397e+01
3.729994139730149527e+01
3.730218509967135532e+01
3.730442328874255509e+01
3.730665588368233898e+01
3.730888280524176537e+01
3.731110397581555560e+01
3.731331931952336589e+01
3.731552876228425220e+01
3.731773223185705746e+01
3.731992965782526284e+01
3.732212097154779684e+01
3.732430610613219812e+01
3.732648499644294304e+01
3.732865757910771265e+01
3.733082379249847804e+01
3.733298357667936074e+01
3.733513687333022091e+01
3.733728362570236925e+01
3.733942377865029982e+01
3.734155727869356411e+01
3.734368407403101742e+01
3.734580411448779813e+01
3.734791735143406299e+01
3.735002373772326223e+01
3.735212322766449233e+01
3.735421577700945761e+01
3.735630134292874516e+01
3.735837988396669118e+01
3.736045136000208799e+01
3.736251573225951716e+01
3.736457296335392186e+01
3.736662301731265501e+01
3.736866585958397735e+01
3.737070145706505997e+01
3.737272977812604324e+01
3.737475079259518651e+01
3.737676447170115779e+01
3.737877078798123875e+01
3.738076971518274405e+01
3.738276122820920477e+01
3.738474530314454825e+01
3.738672191733473227e+01
3.738869104947917776e+01
3.739065267970555340e+01
3.739260678962618556e+01
3.739455336236027705e+01
3.739649238249972285e+01
3.739842383602717035e+01
3.740034771018245863e+01
3.740226399322582296e+01
3.740417267411444158e+01
3.740607374227924709e+01
3.740796718768826423e+01
3.740985300112022571e+01
3.741173117441199736e+01
3.741360170056570666e+01
3.741546457375557111e+01
3.741731978931911584e+01
3.741916734377083031e+01
3.742100723480416491e+01
3.742283946126624983e+01
3.742466402314234131e+01
3.742648092156953510e+01
3.742829015887093647e+01
3.743009173860448158e+01
3.743188566560682773e+01
3.743367194599642289e+01
3.743545058713272766e+01
3.743722159756860179e+01
3.743898498702219513e+01
3.744074076637129878e+01
3.744248894767004998e+01
3.744422954418419636e+01
3.744596257042150000e+01
3.744768804212023383e+01
3.744940597619197575e+01
3.745111639066819009e+01
3.745281930468886600e+01
3.745451473851148450e+01
3.745620271350644970e+01
3.745788325213786152e+01
3.745955637795017878e+01
3.746122211555878323e+01
3.746288049059381819e+01
3.746453152956213017e+01
3.746617525967720752e+01
3.746781170874162825e+01
3.746944090514449499e+01
3.747106287799235247e+01
3.747267765729268518e+01
3.747428527406440679e+01
3.747588576034506502e+01
3.747747914914742751e+01
3.747906547441510838e+01
3.748064477100839298e+01
3.748221707473000919e+01
3.748378242237138380e+01
3.748534085175302977e+01
3.748689240174356030e+01
3.748843711223776154e+01
3.748997502408112581e+01
3.749150617896320625e+01
3.749303061931782111e+01
3.749454838824954095e+01
3.749605952947973009e+01
3.749756408728665491e+01
3.749906210642911475e+01
3.750055363207980719e+01
3.750203870979280651e+01
3.750351738549537117e+01
3.750498970548174782e+01
3.750645571639137899e+01
3.750791546516570918e+01
3.750936899901667232e+01
3.751081636547116460e+01
3.751225761249055068e+01
3.751369278856386558e+01
3.751512194269387379e+01
3.751654512429936972e+01
3.751796238312238074e+01
3.751937376921424061e+01
3.752077933300059698e+01
3.752217912536881528e+01
3.752357319772912092e+01
3.752496160205236464e+01
3.752634439091556118e+01
3.752772161755623870e+01
3.752909333591411212e+01
3.753045960065231412e+01
3.753182046716110420e+01
3.753317599155084849e+01
3.753452623064020344e+01
3.753587124193835933e+01
3.753721108362253744e+01
3.753854581451344075e+01
3.753987549404300950e+01
3.754120018220749699e+01
3.754251993950501998e+01
3.754383482685654627e+01
3.754514490551810013e+01
3.754645023700468442e+01
3.754775088304053554e+01
3.754904690553171775e+01
3.755033836653586832e+01
3.755162532819198873e+01
3.755290785259862218e+01
3.755418600167450904e+01
3.755545983704940483e+01
3.755672942001145742e+01
3.755799481150423702e+01
3.755925607212672901e+01
3.756051326207190044e+01
3.756176644098840001e+01
3.756301566784026136e+01
3.756426100086304132e+01
3.756550249761840377e+01
3.756674021505353522e+01
3.756797420950309885e+01
3.756920453665808424e+01
3.757043125154247321e+01
3.757165440850545224e+01
3.757287406121951534e+01
3.757409026267561103e+01
3.757530306518421526e+01
3.757651252040454182e+01
3.757771867940017785e+01
3.757892159269076160e+01
3.758012131028416292e+01
3.758131788170096144e+01
3.758251135599493864e+01
3.758370178175415077e+01
3.758488920708544612e+01
3.758607367961452894e+01
3.758725524651918448e+01
3.758843395457616055e+01
3.758960985019243140e+01
3.759078297941017155e+01
3.759195338788739349e+01
3.759312112084058555e+01
3.759428622293087585e+01
3.759544873812976107e+01
3.759660870963639923e+01
3.759776617987191827e+01
3.759892119052824455e+01
3.760007378263159694e+01
3.760122399658644810e+01
3.760237187220391064e+01
3.760351744871947233e+01
3.760466076477361952e+01
3.760580185835554801e+01
3.760694076675264341e+01
3.760807752652728908e+01
3.760921217350534818e+01
3.761034474276950590e+01
3.761147526866727731e+01
3.761260378482770506e+01
3.761373032416740614e+01
3.761485491888203114e+01
3.761597760043471084e+01
3.761709839955238976e+01
3.761821734623380564e+01
3.761933446975262285e+01
3.762044979862938732e+01
3.762156336058885842e+01
3.762267518254366649e+01
3.762378529059841270e+01
3.762489371004113536e+01
3.762600046531917286e+01
3.762710558002770256e+01
3.762820907693525641e+01
3.762931097803559766e+01
3.763041130458789496e+01
3.763151007711888951e+01
3.763260731540169246e+01
3.763370303844824605e+01
3.763479726452415264e+01
3.763589001116354638e+01
3.763698129517028690e+01
3.763807113261141524e+01
3.763915953881153342e+01
3.764024652834916651e+01
3.764133211505115639e+01
3.764241631198515847e+01
3.764349913145499471e+01
3.764458058500383686e+01
3.764566068343103922e+01
3.764673943682357304e+01
3.764781685458062555e+01
3.764889294540511600e+01
3.764996771726694647e+01
3.765104117735066325e+01
3.765211333198464416e+01
3.765318418657413702e+01
3.765425374558400762e+01
3.765532201257309453e+01
3.765638899023447550e+01
3.765745468040640986e+01
3.765851908405709736e+01
3.765958220127127021e+01
3.766064403126221549e+01
3.766170457241101843e+01
3.766276382231554010e+01
3.766382177782093521e+01
3.766487843502383726e+01
3.766593378925414015e+01
3.766698783501784220e+01
3.766804056590870431e+01
3.766909197453258429e+01
3.767014205245705227e+01
3.767119079015525074e+01
3.767223817690874910e+01
3.767328420068126604e+01
3.767432884803226045e+01
3.767537210411143178e+01
3.767641395269310323e+01
3.767745437620675375e+01
3.767849335578118541e+01
3.767953087133542311e+01
3.768056690171350454e+01
3.768160142481141150e+01
3.768263441763197363e+01
3.768366585627738630e+01
3.768469571596127565e+01
3.768572397108692229e+01
3.768675059537036987e+01
3.768777556198397605e+01
3.768879884371744993e+01
3.768982041313896758e+01
3.769084024272213185e+01
3.769185830491549893e+01
3.769287457214782222e+01
3.769388901678454573e+01
3.769490161107073334e+01
3.769591232708756934e+01
3.769692113672938660e+01
3.769792801169718643e+01
3.769893292350681691e+01
3.769993584351566795e+01
3.770093674297366704e+01
3.770193559310165909e+01
3.770293236518327973e+01
3.770392703064043616e+01
3.770491956108428866e+01
3.770590992837217925e+01
3.770689810468204684e+01
3.770788406256058778e+01
3.770886777490610342e+01
3.770984921490853736e+01
3.771082835598654981e+01
3.771180517173244340e+01
3.771277963587067461e+01
3.771375172224076522e+01
3.771472140479479407e+01
3.771568865758517575e+01
3.771665345473684283e+01
3.771761577042722990e+01
3.771857557889354240e+01
3.771953285445171389e+01
3.772048757149975984e+01
3.772143970450755290e+01
3.772238922803187222e+01
3.772333611679966481e+01
3.772428034585171730e+01
3.772522189068924092e+01
3.772616072737662307e+01
3.772709683258478464e+01
3.772803018356827920e+01
3.772896075808881733e+01
3.772988853434172540e+01
3.773081349093309456e+01
3.773173560688317707e+01
3.773265486160448745e+01
3.773357123483999942e+01
3.773448470658082954e+01
3.773539525698299713e+01
3.773630286627932406e+01
3.773720751470200696e+01
3.773810918247244217e+01
3.773900784984658685e+01
3.773990349711743164e+01
3.774079610453863154e+01
3.774168565224024974e+01
3.774257212022449437e+01
3.774345548845684561e+01
3.774433573699327837e+01
3.774521284608990612e+01
3.774608679625325891e+01
3.774695756818726977e+01
3.774782514267212719e+01
3.774868950045573968e+01
3.774955062215790491e+01
3.775040848816569650e+01
3.775126307858245411e+01
3.775211437328685093e+01
3.775296235205136242e+01
3.775380699460912837e+01
3.775464828059903510e+01
3.775548618946119461e+01
3.775632070045411126e+01
3.775715179280533107e+01
3.775797944581046295e+01
3.775880363883971569e+01
3.775962435142424312e+01
3.776044156346918612e+01
3.776125525545791106e+01
3.776206540857931060e+01
3.776287200479573869e+01
3.776367502684460931e+01
3.776447445817971271e+01
3.776527028290372812e+01
3.776606248572115732e+01
3.776685105186795965e+01
3.776763596696613234e+01
3.776841721685492104e+01
3.776919478751462123e+01
3.776996866511015583e+01
3.777073883606291105e+01
3.777150528704955690e+01
3.777226800490339542e+01
3.777302697645151852e+01
3.777378218831679391e+01
3.777453362672579829e+01
3.777528127740242070e+01
3.777602512561540493e+01
3.777676515640609267e+01
3.777750135492721739e+01
3.777823370670088821e+01
3.777896219764858188e+01
3.777968681392442818e+01
3.778040754172605631e+01
3.778112436726326706e+01
3.778183727689331306e+01
3.778254625729022820e+01
3.778325129554794160e+01
3.778395237920547345e+01
3.778464949623707270e+01
3.778534263498976742e+01
3.778603178395724882e+01
3.778671693140570653e+01
3.778739806508053078e+01
3.778807517218575640e+01
3.778874823960901352e+01
3.778941725424091658e+01
3.779008220323996881e+01
3.779074307413185352e+01
3.779139985473825192e+01
3.779205253304236578e+01
3.779270109708559744e+01
3.779334553491593596e+01
3.779398583458978322e+01
3.779462198425186870e+01
3.779525397229104300e+01
3.779588178748737448e+01
3.779650541904816663e+01
3.779712485651347009e+01
3.779774008957880227e+01
3.779835110791493946e+01
3.779895790105491926e+01
3.779956045832786771e+01
3.780015876881905967e+01
3.780075282143229032e+01
3.780134260507113453e+01
3.780192810884058474e+01
3.780250932218643811e+01
3.780308623491482933e+01
3.780365883706176788e+01
3.780422711869157837e+01
3.780479106975087689e+01
3.780535068004623156e+01
3.780590593937576926e+01
3.780645683776113231e+01
3.780700336563165109e+01
3.780754551388199047e+01
3.780808327379234157e+01
3.780861663679868911e+01
3.780914559420752852e+01
3.780967013699340384e+01
3.781019025566072145e+01
3.781070594010072483e+01
3.781121717950788508e+01
3.781172396244921430e+01
3.781222627706902273e+01
3.781272411135697809e+01
3.781321745341422513e+01
3.781370629163283326e+01
3.781419061473103227e+01
3.781467041169501897e+01
3.781514567169148933e+01
3.781561638390714108e+01
3.781608253727907254e+01
3.781654412022519551e+01
3.781700112057630037e+01
3.781745352581984321e+01
3.781790132349276945e+01
3.781834450144771864e+01
3.781878304792634538e+01
3.781921695153426555e+01
3.781964620117415876e+01
3.782007078594572391e+01
3.782049069503785432e+01
3.782090591765882692e+01
3.782131644303562723e+01
3.782172226050585806e+01
3.782212335966421080e+01
3.782251973041827853e+01
3.782291136285645905e+01
3.782329824702329546e+01
3.782368037281461426e+01
3.782405773009481464e+01
3.782443030893590219e+01
3.782479809983799868e+01
3.782516109387586312e+01
3.782551928277624853e+01
3.782587265894851924e+01
3.782622121550551242e+01
3.782656494632628608e+01
3.782690384615009549e+01
3.782723791059920870e+01
3.782756713607513888e+01
3.782789151961102903e+01
3.782821105878444712e+01
3.782852575168959675e+01
3.782883559692222519e+01
3.782914059358595438e+01
3.782944074134728396e+01
3.782973604051795746e+01
3.783002649212556179e+01
3.783031209795792194e+01
3.783059286057137882e+01
3.783086878324654379e+01
3.783113986989918942e+01
3.783140612499116884e+01
3.783166755347353671e+01
3.783192416075490172e+01
3.783217595269329792e+01
3.783242293561910685e+01
3.783266511637072682e+01
3.783290250231271301e+01
3.783313510132854418e+01
3.783336292179787819e+01
3.783358597256304989e+01
3.783380426288977105e+01
3.783401780244047785e+01
3.783422660127494908e+01
3.783443066988408532e+01
3.783463001925871794e+01
3.783482466096142360e+01
3.783501460716026799e+01
3.783519987064213552e+01
3.783538046484655837e+01
3.783555640392091135e+01
3.783572770277960018e+01
3.783589437716317150e+01
3.783605644368384446e+01
3.783621391980185678e+01
3.783636682370052995e+01
3.783651517415746923e+01
3.783665899054428650e+01
3.783679829293355112e+01
3.783693310218913552e+01
3.783706343997283028e+01
3.783718932867107299e+01
3.783731079127103669e+01
3.783742785120066543e+01
3.783754053211809776e+01
3.783764885768646735e+01
3.783775285145973299e+01
3.783785253695363338e+01
3.783794793782768551e+01
3.783803907806135669e+01
3.783812598205422262e+01
3.783820867461022885e+01
3.783828718081195319e+01
3.783836152585774215e+01
3.783843173493498568e+01
3.783849783316154713e+01
3.783855984562168828e+01
3.783861779747798693e+01
3.783867171407647589e+01
3.783872162100689707e+01
3.783876754414065857e+01
3.783880950966968726e+01
3.783884754418136964e+01
3.783888167477342535e+01
3.783891192914543211e+01
3.783893833562115816e+01
3.783896092312028259e+01
3.783897972112328034e+01
3.783899475966455128e+01
3.783900606935676336e+01
3.783901368140834620e+01
3.783901762757967191e+01
3.783901794006320074e+01
3.783901465132956332e+01
3.783900779395613512e+01
3.783899740041758974e+01
3.783898350290281343e+01
3.783896613327492275e+01
3.783894532316487869e+01
3.783892110408054066e+01
3.783889350744278346e+01
3.783886256451149421e+01
3.783882830621219995e+01
3.783879076292575405e+01
3.783874996431885762e+01
3.783870593927107961e+01
3.783865871589440388e+01
3.783860832157613885e+01
3.783855478299656028e+01
3.783849812617375363e+01
3.783843837659523501e+01
3.783837555937486030e+01
3.783830969933863742e+01
3.783824082103263464e+01
3.783816894868115099e+01
3.783809410606803425e+01
3.783801631629907547e+01
3.783793560150796509e+01
3.783785198266353689e+01
3.783776547954067837e+01
3.783767611074869563e+01
3.783758389371001840e+01
3.783748884458437800e+01
3.783739097816859953e+01
3.783729030778960833e+01
3.783718684520521691e+01
3.783708060052538968e+01
3.783697158216758538e+01
3.783685979685984080e+01
3.783674524968771635e+01
3.783662794415581487e+01
3.783650788222891492e+01
3.783638506434378002e+01
3.783625948941231343e+01
3.783613115483635880e+01
3.783600005653222098e+01
3.783586618895037645e+01
3.783572954510002972e+01
3.783559011662917015e+01
3.783544789398457908e+01
3.783530286658150033e+01
3.783515502293050758e+01
3.783500435078289570e+01
3.783485083729355836e+01
3.783469446906897105e+01
3.783453523206610924e+01
3.783437311146801107e+01
3.783420809163435905e+01
3.783404015612413218e+01
3.783386928774066149e+01
3.783369546853579379e+01
3.783351867976144689e+01
3.783333890183482140e+01
3.783315611435816805e+01
3.783297029616286267e+01
3.783278142532826394e+01
3.783258947915270909e+01
3.783239443412463032e+01
3.783219626596084595e+01
3.783199494968866361e+01
3.783179045970173604e+01
3.783158276977301426e+01
3.783137185303950645e+01
3.783115768197724549e+01
3.783094022839483017e+01
3.783071946344639969e+01
3.783049535762127391e+01
3.783026788067513024e+01
3.783003700153292215e+01
3.782980268822984726e+01
3.782956490792240345e+01
3.782932362696960382e+01
3.782907881106096681e+01
3.782883042533960349e+01
3.782857843447861512e+01
3.782832280269607139e+01
3.782806349371643506e+01
3.782780047072128582e+01
3.782753369634876606e+01
3.782726313275436780e+01
3.782698874168245595e+01
3.782671048450663420e+01
3.782642832224964735e+01
3.782614221560915979e+01
3.782585212499909488e+01
3.782555801060268408e+01
3.782525983242845058e+01
3.782495755035252927e+01
3.782465112412792507e+01
3.782434051336161218e+01
3.782402567748087563e+01
3.782370657570948680e+01
3.782338316706623260e+01
3.782305541039851704e+01
3.782272326445983168e+01
3.782238668801937109e+01
3.782204563999015079e+01
3.782170007959513214e+01
3.782134996659179649e+01
3.782099526150160074e+01
3.782063592574884581e+01
3.782027192168753515e+01
3.781990321256391496e+01
3.781952976244595988e+01
3.781915153612556679e+01
3.781876849901100002e+01
3.781838061703493992e+01
3.781798785656256001e+01
3.781759018427325714e+01
3.781718756708141882e+01
3.781677997218572074e+01
3.781636736718763814e+01
3.781594972013689926e+01
3.781552699948728247e+01
3.781509917404178367e+01
3.781466621290942953e+01
3.781422808546793135e+01
3.781378476134977973e+01
3.781333621043316384e+01
3.781288240280564850e+01
3.781242330873469371e+01
3.781195889867613857e+01
3.781148914327396682e+01
3.781101401331908818e+01
3.781053347970240708e+01
3.781004751338046077e+01
3.780955608533135148e+01
3.780905916651168752e+01
3.780855672784857546e+01
3.780804874024623530e+01
3.780753517457414858e+01
3.780701600166877796e+01
3.780649119239187428e+01
3.780596071770723654e+01
3.780542454870493430e+01
3.780488265657679392e+01
3.780433501258705320e+01
3.780378158804494859e+01
3.780322235428510425e+01
3.780265728268494740e+01
3.780208634473380158e+01
3.780150951214186250e+01
3.780092675694923088e+01
3.780033805159887095e+01
3.779974336900864529e+01
3.779914268269790512e+01
3.779853596693742190e+01
3.779792319684580804e+01
3.779730434841189179e+01
3.779667939847912095e+01
3.779604832472897158e+01
3.779541110567415529e+01
3.779476772065176249e+01
3.779411814979702910e+01
3.779346237395860442e+01
3.779280037451642471e+01
3.779213213314410069e+01
3.779145763162384952e+01
3.779077685174240031e+01
3.779008977520236101e+01
3.778939638355611663e+01
3.778869665825069291e+01
3.778799058073407480e+01
3.778727813244459810e+01
3.778655929469513097e+01
3.778583404866058260e+01
3.778510237552221440e+01
3.778436425663434051e+01
3.778361967364823215e+01
3.778286860859606122e+01
3.778211104391250785e+01
3.778134696243690627e+01
3.778057634747288063e+01
3.777979918285480210e+01
3.777901545292655783e+01
3.777822514249116637e+01
3.777742823685485263e+01
3.777662472192861998e+01
3.777581458423821203e+01
3.777499781080173591e+01
3.777417438893894541e+01
3.777334430604365423e+01
3.777250754939016275e+01
3.777166410613360625e+01
3.777081396349828424e+01
3.776995710895915437e+01
3.776909353032989003e+01
3.776822321577197528e+01
3.776734615369770154e+01
3.776646233261270424e+01
3.776557174106963544e+01
3.776467436780394848e+01
3.776377020189700318e+01
3.776285923284172696e+01
3.776194145062295604e+01
3.776101684589026064e+01
3.776008541007244190e+01
3.775914713532822731e+01
3.775820201437148427e+01
3.775725004018819675e+01
3.775629120573502462e+01
3.775532550383556440e+01
3.775435292733575210e+01
3.775337346934015414e+01
3.775238712338488511e+01
3.775139388353266412e+01
3.775039374439093365e+01
3.774938670106953964e+01
3.774837274913654284e+01
3.774735188460709168e+01
3.774632410393525817e+01
3.774528940398352006e+01
3.774424778200876318e+01
3.774319923567264112e+01
3.774214376303055474e+01
3.774108136254204027e+01
3.774001203316984032e+01
3.773893577448284731e+01
3.773785258664123887e+01
3.773676247030169861e+01
3.773566542657038525e+01
3.773456145706115450e+01
3.773345056404532727e+01
3.773233275061316760e+01
3.773120802072723023e+01
3.773007637917246626e+01
3.772893783149858393e+01
3.772779238395945356e+01
3.772664004341746136e+01
3.772548081722062108e+01
3.772431471303195849e+01
3.772314173859071218e+01
3.772196190150569350e+01
3.772077520923276239e+01
3.771958166922666322e+01
3.771838128908608923e+01
3.771717407654480070e+01
3.771596003934592289e+01
3.771473918515222579e+01
3.771351152158896980e+01
3.771227705640357897e+01
3.771103579764679381e+01
3.770978775377688663e+01
3.770853293366548797e+01
3.770727134650698531e+01
3.770600300163152951e+01
3.770472790832481280e+01
3.770344607579110630e+01
3.770215751323411979e+01
3.770086222993695202e+01
3.769956023529038447e+01
3.769825153876958268e+01
3.769693614988059949e+01
3.769561407811859510e+01
3.769428533295427286e+01
3.769294992383498766e+01
3.769160786018582598e+01
3.769025915139221183e+01
3.768890380676013052e+01
3.768754183550068149e+01
3.768617324679352976e+01
3.768479804991668658e+01
3.768341625435870412e+01
3.768202786983248842e+01
3.768063290620244032e+01
3.767923137340483208e+01
3.767782328139247738e+01
3.767640864008529888e+01
3.767498745934233284e+01
3.767355974895710347e+01
3.767212551861309322e+01
3.767068477778366287e+01
3.766923753563594346e+01
3.766778380095706069e+01
3.766632358208725151e+01
3.766485688686853450e+01
3.766338372260026546e+01
3.766190409598100075e+01
3.766041801306597847e+01
3.765892547926360834e+01
3.765742649929781294e+01
3.765592107706621761e+01
3.765440921548759690e+01
3.765289091647596109e+01
3.765136618102085464e+01
3.764983500929101723e+01
3.764829740075170861e+01
3.764675335429566871e+01
3.764520286835366392e+01
3.764364594097188643e+01
3.764208256987766532e+01
3.764051275254525564e+01
3.763893648625863619e+01
3.763735376816362077e+01
3.763576459530348473e+01
3.763416896467886374e+01
3.763256687339927709e+01
3.763095831891259024e+01
3.762934329921791488e+01
3.762772181300448437e+01
3.762609385973306786e+01
3.762445943969599682e+01
3.762281855407226061e+01
3.762117120495640421e+01
3.761951739532793226e+01
3.761785712898083034e+01
3.761619041046865419e+01
3.761451724505161565e+01
3.761283763855793438e+01
3.761115159716822376e+01
3.760945912726813845e+01
3.760776023542951663e+01
3.760605492842767461e+01
3.760434321321967133e+01
3.760262509687783705e+01
3.760090058650280298e+01
3.759916968917357849e+01
3.759743241194437502e+01
3.759568876181911179e+01
3.759393874569659033e+01
3.759218237035083376e+01
3.759041964245330547e+01
3.758865056859510645e+01
3.758687515528291812e+01
3.758509340890279304e+01
3.758330533567519183e+01
3.758151094167529749e+01
3.757971023298872382e+01
3.757790321594518446e+01
3.757608989728399251e+01
3.757427028419579074e+01
3.757244438426894106e+01
3.757061220535690182e+01
3.756877375542332231e+01
3.756692904245036146e+01
3.756507807440066671e+01
3.756322085914428754e+01
3.756135740431930259e+01
3.755948771721394053e+01
3.755761180477144734e+01
3.755572967370987669e+01
3.755384133067697405e+01
3.755194678236026817e+01
3.755004603552018949e+01
3.754813909697941909e+01
3.754622597358395808e+01
3.754430667211353523e+01
3.754238119916577432e+01
3.754044956107832576e+01
3.753851176391141564e+01
3.753656781346739990e+01
3.753461771531912206e+01
3.753266147482170112e+01
3.753069909711073393e+01
3.752873058712088294e+01
3.752675594963280759e+01
3.752477518932784051e+01
3.752278831083975774e+01
3.752079531879685703e+01
3.751879621784453178e+01
3.751679101264836191e+01
3.751477970789042615e+01
3.751276230826462665e+01
3.751073881845546509e+01
3.750870924309931098e+01
3.750667358676417962e+01
3.750463185396554877e+01
3.750258404919389932e+01
3.750053017694026636e+01
3.749847024172481014e+01
3.749640424811359196e+01
3.749433220070042694e+01
3.749225410406717884e+01
3.749016996277631364e+01
3.748807978143451436e+01
3.748598356482061433e+01
3.748388131805933909e+01
3.748177304682523214e+01
3.747965875751834375e+01
3.747753845733276989e+01
3.747541215420249472e+01
3.747327985666733241e+01
3.747114157372723042e+01
3.746899731471697237e+01
3.746684708914978756e+01
3.746469090654338174e+01
3.746252877634344003e+01
3.746036070795521056e+01
3.745818671079852180e+01
3.745600679436082459e+01
3.745382096825805718e+01
3.745162924228967682e+01
3.744943162647421531e+01
3.744722813106048420e+01
3.744501876650467409e+01
3.744280354342122052e+01
3.744058247255603789e+01
3.743835556481919014e+01
3.743612283135557561e+01
3.743388428361951270e+01
3.743163993343956975e+01
3.742938979306297398e+01
3.742713387518249846e+01
3.742487219297598955e+01
3.742260476018880411e+01
3.742033159126005160e+01
3.741805270145180629e+01
3.741576810692375687e+01
3.741347782473577155e+01
3.741118187280473251e+01
3.740888026984085712e+01
3.740657303526946720e+01
3.740426018915080419e+01
3.740194175212907624e+01
3.739961774543215256e+01
3.739728819092000833e+01
3.739495311114871612e+01
3.739261252939552094e+01
3.739026646962449973e+01
3.738791495642296070e+01
3.738555801494768360e+01
3.738319567090028528e+01
3.738082795053676222e+01
3.737845488071011602e+01
3.737607648892668522e+01
3.737369280338681676e+01
3.737130385300807234e+01
3.736890966745232845e+01
3.736651027717333307e+01
3.736410571347300902e+01
3.736169600852473138e+01
3.735928119534487735e+01
3.735686130774108449e+01
3.735443638027899738e+01
3.735200644830259620e+01
3.734957154798959778e+01
3.734713171636887097e+01
3.734468699127848623e+01
3.734223741131200569e+01
3.733978301577459291e+01
3.733732384462934561e+01
3.733485993843681428e+01
3.733239133831502699e+01
3.732991808592285565e+01
3.732744022344340351e+01
3.732495779354697163e+01
3.732247083932865195e+01
3.731997940423430293e+01
3.731748353199718338e+01
3.731498326659702514e+01
3.731247865223473070e+01
3.730996973330800159e+01
3.730745655439281450e+01
3.730493916026198775e+01
3.730241759595919149e+01
3.729989190690323397e+01
3.729736213896018171e+01
3.729482833844238598e+01
3.729229055208616472e+01
3.728974882708300953e+01
3.728720321114490588e+01
3.728465375252682890e+01
3.728210049995177400e+01
3.727954350244331749e+01
3.727698280915033990e+01
3.727441846926043212e+01
3.727185053200581422e+01
3.726927904669656755e+01
3.726670406274511294e+01
3.726412562967603748e+01
3.726154379710671805e+01
3.725895861470949910e+01
3.725637013220790550e+01
3.725377839943907787e+01
3.725118346645916034e+01
3.724858538364766503e+01
3.724598420178163849e+01
3.724337997207673112e+01
3.724077274620391620e+01
3.723816257628283211e+01
3.723554951485760256e+01
3.723293361486875597e+01
3.723031492962807221e+01
3.722769351280706474e+01
3.722506941845278305e+01
3.722244270104641828e+01
3.721981341563305534e+01
3.721718161799430646e+01
3.721454736476341907e+01
3.721191071343916690e+01
3.720927172233147928e+01
3.720663045046229911e+01
3.720398695744697193e+01
3.720134130340677103e+01
3.719869354893309321e+01
3.719604375508086491e+01
3.719339198337951302e+01
3.719073829586530167e+01
3.718808275510497907e+01
3.718542542416189889e+01
3.718276636651348355e+01
3.718010564596963974e+01
3.717744332661261097e+01
3.717477947275435213e+01
3.717211414891342969e+01
3.716944741982401723e+01
3.716677935047416526e+01
3.716411000614015592e+01
3.716143945241110202e+01
3.715876775523791764e+01
3.715609498100179309e+01
3.715342119656314424e+01
3.715074646929792124e+01
3.714807086715147477e+01
3.714539445868750533e+01
3.714271731307962199e+01
3.714003950003751697e+01
3.713736108970597627e+01
3.713468215257066873e+01
3.713200275938730499e+01
3.712932298115074303e+01
3.712664288911863508e+01
3.712396255486630281e+01
3.712128205032787776e+01
3.711860144783558724e+01
3.711592082020182204e+01
3.711324024083731388e+01
3.711055978386245613e+01
3.710787952417383195e+01
3.710519953743571619e+01
3.710251990000826083e+01
3.709984068888449116e+01
3.709716198169444112e+01
3.709448385674834014e+01
3.709180639305049709e+01
3.708912967026842011e+01
3.708645376868535237e+01
3.708377876914503446e+01
3.708110475298864372e+01
3.707843180200736555e+01
3.707575999842703851e+01
3.707308942490651305e+01
3.707042016451647015e+01
3.706775230068807048e+01
3.706508591716157497e+01
3.706242109796517781e+01
3.705975792740750308e+01
3.705709649004957384e+01
3.705443687064663294e+01
3.705177915408702916e+01
3.704912342537982539e+01
3.704646976970953887e+01
3.704381827253871506e+01
3.704116901976789222e+01
3.703852209797256023e+01
3.703587759466543616e+01
3.703323559849244617e+01
3.703059619931091362e+01
3.702795948812160276e+01
3.702532555684388882e+01
3.702269449800718348e+01
3.702006640448815489e+01
3.701744136935407425e+01
3.701481948577342962e+01
3.701220084695472679e+01
3.700958554613111318e+01
3.700697367659756765e+01
3.700436533174613629e+01
3.700176060504372799e+01
3.699915958996211884e+01
3.699656237991385410e+01
3.699396906822607178e+01
3.699137974814557595e+01
3.698879451286231301e+01
3.698621345554457918e+01
3.698363666937814997e+01
3.698106424761021316e+01
3.697849628360697238e+01
3.697593287091221015e+01
3.697337410326685614e+01
3.697082007458475772e+01
3.696827087894692454e+01
3.696572661065223997e+01
3.696318736427601692e+01
3.696065323467587405e+01
3.695812431694119482e+01
3.695560070632591021e+01
3.695308249821060542e+01
3.695056978812783655e+01
3.694806267187033200e+01
3.694556124564683586e+01
3.694306560620192670e+01
3.694057585085015205e+01
3.693809207741265510e+01
3.693561438405843234e+01
3.693314286909970434e+01
3.693067763081167953e+01
3.692821876730201325e+01
3.692576637642790160e+01
3.692332055578243910e+01
3.692088140277242303e+01
3.691844901474490825e+01
3.691602348907578346e+01
3.691360492318522546e+01
3.691119341451324232e+01
3.690878906049033503e+01
3.690639195850811660e+01
3.690400220589286562e+01
3.690161989989854874e+01
3.689924513771249082e+01
3.689687801643378151e+01
3.689451863300972434e+01
3.689216708416846302e+01
3.688982346640119658e+01
3.688748787601356582e+01
3.688516040919559202e+01
3.688284116203402618e+01
3.688053023046047940e+01
3.687822771018590373e+01
3.687593369664471510e+01
3.687364828493804225e+01
3.687137156977883024e+01
3.686910364545352081e+01
3.686684460579830613e+01
3.686459454417638426e+01
3.686235355344643239e+01
3.686012172592320724e+01
3.685789915334111555e+01
3.685568592683336675e+01
3.685348213693342956e+01
3.685128787359415270e+01
3.684910322621352918e+01
3.684692828366054584e+01
3.684476313429320271e+01
3.684260786595996251e+01
3.684046256599628322e+01
3.683832732124261611e+01
3.683620221808083528e+01
3.683408734246098248e+01
3.683198277991233738e+01
3.682988861555260485e+01
3.682780493409405409e+01
3.682573181983514132e+01
3.682366935663937824e+01
3.682161762792298987e+01
3.681957671666203424e+01
3.681754670538877150e+01
3.681552767614904553e+01
3.681351971044314553e+01
3.681152288917434845e+01
3.680953729258682472e+01
3.680756300017524296e+01
3.680560009057969495e+01
3.680364864148652515e+01
3.680170872954858652e+01
3.679978043032691204e+01
3.679786381824016672e+01
3.679595896652087816e+01
3.679406594720189361e+01
3.679218483114366478e+01
3.679031568808300534e+01
3.678845858666620927e+01
3.678661359443444923e+01
3.678478077776626520e+01
3.678296020181418413e+01
3.678115193046473763e+01
3.677935602632472012e+01
3.677757255072111775e+01
3.677580156370581932e+01
3.677404312407887943e+01
3.677229728946041831e+01
3.677056411641025591e+01
3.676884366055729458e+01
3.676713597672103617e+01
3.676544111902335743e+01
3.676375914097010877e+01
3.676209009548974649e+01
3.676043403493112294e+01
3.675879101102517410e+01
3.675716107484266360e+01
3.675554427678508063e+01
3.675394066660470571e+01
3.675235029343731696e+01
3.675077320583589113e+01
3.674920945177206733e+01
3.674765907858018466e+01
3.674612213287592510e+01
3.674459866050325729e+01
3.674308870651827164e+01
3.674159231518085278e+01
3.674010952992879453e+01
3.673864039333142273e+01
3.673718494703734194e+01
3.673574323174849354e+01
3.673431528726916895e+01
3.673290115263686317e+01
3.673150086626863953e+01
3.673011446605393360e+01
3.672874198937525847e+01
3.672738347308013118e+01
3.672603895343843305e+01
3.672470846609973449e+01
3.672339204605443541e+01
3.672208972760761014e+01
3.672080154436255128e+01
3.671952752919747809e+01
3.671826771422466607e+01
3.671702213073498910e+01
3.671579080913361537e+01
3.671457377886599716e+01
3.671337106835255781e+01
3.671218270497303848e+01
3.671100871512782504e+01
3.670984912439269721e+01
3.670870395774961992e+01
3.670757323980868136e+01
3.670645699494721015e+01
3.670535524735537081e+01
3.670426802098337049e+01
3.670319533939803591e+01
3.670213722561110359e+01
3.670109370193674181e+01
3.670006478990258358e+01
3.669905051023480524e+01
3.669805088289189143e+01
3.669706592708566717e+01
3.669609566128774958e+01
3.669514010327101516e+01
3.669419927021047556e+01
3.669327317881918304e+01
3.669236184546853252e+01
3.669146528625790893e+01
3.669058351702584986e+01
3.668971655331344550e+01
3.668886441032771017e+01
3.668802710296144198e+01
3.668720464585984331e+01
3.668639705347440838e+01
3.668560434007393667e+01
3.668482651972440323e+01
3.668406360626188700e+01
3.668331561327920554e+01
3.668258255413198299e+01
3.668186444195633555e+01
3.668116128968564738e+01
3.668047311005556566e+01
3.667979991559533914e+01
3.667914171860844874e+01
3.667849853114054781e+01
3.667787036492982367e+01
3.667725723133397508e+01
3.667665914123181636e+01
3.667607610494242465e+01
3.667550813223872552e+01
3.667495523244679845e+01
3.667441741453052373e+01
3.667389468711483858e+01
3.667338705847978986e+01
3.667289453655351394e+01
3.667241712891112115e+01
3.667195484278127537e+01
3.667150768505572245e+01
3.667107566229292814e+01
3.667065878071098695e+01
3.667025704617269355e+01
3.666987046417843032e+01
3.666949903989793569e+01
3.666914277826443680e+01
3.666880168409696950e+01
3.666847576217401183e+01
3.666816501723208432e+01
3.666786945393893404e+01
3.666758907688335256e+01
3.666732389056390673e+01
3.666707389935336892e+01
3.666683910746014163e+01
3.666661951891892812e+01
3.666641513761250337e+01
3.666622596730129402e+01
3.666605201162856531e+01
3.666589327408273391e+01
3.666574975793429303e+01
3.666562146618933582e+01
3.666550840158197389e+01
3.666541056659110609e+01
3.666532796345810397e+01
3.666526059419673800e+01
3.666520846059717087e+01
3.666517156422706591e+01
3.666514990643748462e+01
3.666514348838244075e+01
3.666515231104428096e+01
3.666517637524923146e+01
3.666521568166743350e+01
3.666527023079922998e+01
3.666534002295468753e+01
3.666542505823301212e+01
3.666552533650006751e+01
3.666564085735804213e+01
3.666577162010825930e+01
3.666591762371302821e+01
3.666607886676229100e+01
3.666625534744419923e+01
3.666644706350297156e+01
3.666665401217335329e+01
3.666687619010919263e+01
3.666711359332176556e+01
3.666736621712392008e+01
3.666763405608680415e+01
3.666791710402586801e+01
3.666821535401699350e+01
3.666852879842917901e+01
3.666885742895232170e+01
3.666920123660160868e+01
3.666956021170334168e+01
3.666993434389246431e+01
3.667032362214805374e+01
3.667072803485994115e+01
3.667114756989823832e+01
3.667158221466630152e+01
3.667203195613025457e+01
3.667249678082416153e+01
3.667297667483473589e+01
3.667347162377232905e+01
3.667398161273806068e+01
3.667450662629576641e+01
3.667504664845464646e+01
3.667560166266552102e+01
3.667617165182095107e+01
3.667675659825539469e+01
3.667735648376860524e+01
3.667797128967055897e+01
3.667860099679996466e+01
3.667924558550869563e+01
3.667990503565986415e+01
3.668057932665503529e+01
3.668126843747023003e+01
3.668197234670748941e+01
3.668269103267266473e+01
3.668342447344353019e+01
3.668417264688810064e+01
3.668493553063720469e+01
3.668571310202973734e+01
3.668650533805984537e+01
3.668731221537768761e+01
3.668813371036027604e+01
3.668896979921537849e+01
3.668982045807965164e+01
3.669068566308353496e+01
3.669156539036456621e+01
3.669245961602900508e+01
3.669336831607058258e+01
3.669429146626488603e+01
3.669522904207052960e+01
3.669618101855073888e+01
3.669714737030376028e+01
3.669812807139312838e+01
3.669912309528093175e+01
3.670013241476684129e+01
3.670115600193104655e+01
3.670219382807911757e+01
3.670324586369072506e+01
3.670431207837709309e+01
3.670539244085209418e+01
3.670648691891403814e+01
3.670759547942644474e+01
3.670871808829004124e+01
3.670985471040791026e+01
3.671100530965063768e+01
3.671216984882625667e+01
3.671334828965704844e+01
3.671454059277674986e+01
3.671574671777450050e+01
3.671696662328554339e+01
3.671820026708476092e+01
3.671944760613644121e+01
3.672070859658843034e+01
3.672198319373126196e+01
3.672327135194648662e+01
3.672457302466667528e+01
3.672588816437637149e+01
3.672721672265973325e+01
3.672855865026471633e+01
3.672991389714386656e+01
3.673128241243760073e+01
3.673266414440102068e+01
3.673405904032185276e+01
3.673546704648622097e+01
3.673688810822704198e+01
3.673832217003586464e+01
3.673976917565902056e+01
3.674122906812265654e+01
3.674270178970903800e+01
3.674418728193872141e+01
3.674568548558383441e+01
3.674719634068521401e+01
3.674871978652867455e+01
3.675025576158808605e+01
3.675180420348014820e+01
3.675336504893571288e+01
3.675493823377295399e+01
3.675652369288331300e+01
3.675812136022902621e+01
3.675973116882896363e+01
3.676135305073858461e+01
3.676298693706889509e+01
3.676463275805987507e+01
3.676629044315975392e+01
3.676795992106242750e+01
3.676964111970578841e+01
3.677133396626916095e+01
3.677303838720960982e+01
3.677475430833046488e+01
3.677648165482244735e+01
3.677822035123571709e+01
3.677997032140797984e+01
3.678173148840237872e+01
3.678350377447650743e+01
3.678528710107576671e+01
3.678708138883937551e+01
3.678888655760149362e+01
3.679070252638160099e+01
3.679252921338459714e+01
3.679436653602915896e+01
3.679621441099747159e+01
3.679807275428598956e+01
3.679994148123560649e+01
3.680182050652686598e+01
3.680370974415752983e+01
3.680560910745334269e+01
3.680751850912930934e+01
3.680943786135689777e+01
3.681136707580589729e+01
3.681330606367645686e+01
3.681525473571851848e+01
3.681721300221219195e+01
3.681918077293165226e+01
3.682115795717905371e+01
3.682314446395975693e+01
3.682514020224026297e+01
3.682714508114974450e+01
3.682915901008988868e+01
3.683118189881068361e+01
3.683321365747448795e+01
3.683525419670158385e+01
3.683730342760112109e+01
3.683936126179616366e+01
3.684142761144291711e+01
3.684350238923141774e+01
3.684558550835695456e+01
3.684767688247499962e+01
3.684977642567648104e+01
3.685188405251183497e+01
3.685399967805687282e+01
3.685612321798939206e+01
3.685825458864528059e+01
3.686039370704541795e+01
3.686254049091377993e+01
3.686469485871597840e+01
3.686685672972803474e+01
3.686902602411869623e+01
3.687120266301526783e+01
3.687338656852942620e+01
3.687557766375091717e+01
3.687777587274219826e+01
3.687998112055939970e+01
3.688219333330242478e+01
3.688441243817683102e+01
3.688663836354199077e+01
3.688887103892807318e+01
3.689111039501115386e+01
3.689335636355423276e+01
3.689560887736182337e+01
3.689786787029496651e+01
3.690013327733302617e+01
3.690240503464902133e+01
3.690468307969864270e+01
3.690696735131220407e+01
3.690925778975242366e+01
3.691155433672550856e+01
3.691385693536002321e+01
3.691616553016631030e+01
3.691848006697736650e+01
3.692080049285856092e+01
3.692312675598227401e+01
3.692545880549665327e+01
3.692779659142458826e+01
3.693014006460452947e+01
3.693248917667226294e+01
3.693484388007671981e+01
3.693720412810457532e+01
3.693956987487659660e+01
3.694194107529327198e+01
3.694431768494250434e+01
3.694669966000336103e+01
3.694908695716934943e+01
3.695147953359204251e+01
3.695387734683260561e+01
3.695628035482393159e+01
3.695868851586497073e+01
3.696110178863747109e+01
3.696352013219924260e+01
3.696594350592883416e+01
3.696837186943793085e+01
3.697080518248289138e+01
3.697324340489370087e+01
3.697568649651854855e+01
3.697813441716942862e+01
3.698058712657249458e+01
3.698304458436134468e+01
3.698550675011605193e+01
3.698797358336907593e+01
3.699044504351378038e+01
3.699292108967294013e+01
3.699540168065206558e+01
3.699788677500858114e+01
3.700037633114731506e+01
3.700287030736048166e+01
3.700536866179746198e+01
3.700787135238984860e+01
3.701037833677349198e+01
3.701288957222812570e+01
3.701540501562375596e+01
3.701792462338169543e+01
3.702044835147648172e+01
3.702297615546896026e+01
3.702550799053452124e+01
3.702804381146594892e+01
3.703058357265000922e+01
3.703312722803037360e+01
3.703567473107053587e+01
3.703822603471284225e+01
3.704078109132192509e+01
3.704333985261739315e+01
3.704590226961528998e+01
3.704846829259297891e+01
3.705103787108412661e+01
3.705361095390882298e+01
3.705618748922704242e+01
3.705876742458334405e+01
3.706135070691648536e+01
3.706393728252520248e+01
3.706652709700087911e+01
3.706912009515144035e+01
3.707171622093201790e+01
3.707431541739221359e+01
3.707691762664674684e+01
3.707952278985288785e+01
3.708213084717132801e+01
3.708474173773387861e+01
3.708735539968223094e+01
3.708997177028668091e+01
3.709259078606573468e+01
3.709521238284048650e+01
3.709783649573343922e+01
3.710046305916834086e+01
3.710309200692647380e+01
3.710572327225850131e+01
3.710835678798749626e+01
3.711099248654963390e+01
3.711363029998040730e+01
3.711627015988318590e+01
3.711891199739882552e+01
3.712155574317234397e+01
3.712420132730980527e+01
3.712684867932259891e+01
3.712949772805609427e+01
3.713214840161149510e+01
3.713480062730273090e+01
3.713745433169908239e+01
3.714010944074868092e+01
3.714276587992532797e+01
3.714542357435977493e+01
3.714808244894076950e+01
3.715074242836936946e+01
3.715340343718013116e+01
3.715606539977105882e+01
3.715872824045690948e+01
3.716139188352935463e+01
3.716405625331225338e+01
3.716672127420423521e+01
3.716938687069599467e+01
3.717205296736517539e+01
3.717471948886536381e+01
3.717738635991904772e+01
3.718005350533484688e+01
3.718272085008719330e+01
3.718538831944164968e+01
3.718805583904919843e+01
3.719072333498785810e+01
3.719339073379455129e+01
3.719605796250673535e+01
3.719872494870109847e+01
3.720139162051573578e+01
3.720405790664886325e+01
3.720672373633131969e+01
3.720938903927468289e+01
3.721205374560670265e+01
3.721471778581162226e+01
3.721738109068611067e+01
3.722004359131462792e+01
3.722270521906917651e+01
3.722536590562950920e+01
3.722802558300335818e+01
3.723068418352417552e+01
3.723334163982171674e+01
3.723599788477402228e+01
3.723865285144583481e+01
3.724130647302893493e+01
3.724395868281460764e+01
3.724660941420121674e+01
3.724925860070463557e+01
3.725190617593664655e+01
3.725455207352671749e+01
3.725719622697765487e+01
3.725983856948123929e+01
3.726247903375536197e+01
3.726511755194049158e+01
3.726775405554008813e+01
3.727038847538432975e+01
3.727302074162988532e+01
3.727565078380939667e+01
3.727827853091114463e+01
3.728090391145384075e+01
3.728352685353224416e+01
3.728614728483056950e+01
3.728876513261452175e+01
3.729138032369602485e+01
3.729399278433760401e+01
3.729660244008950798e+01
3.729920921562393943e+01
3.730181303463455578e+01
3.730441381980805460e+01
3.730701149284543305e+01
3.730960597450372518e+01
3.731219718462994450e+01
3.731478504219113290e+01
3.731736946532095800e+01
3.731995037137416915e+01
3.732252767696051166e+01
3.732510129795242904e+01
3.732767114948394749e+01
3.733023714594763476e+01
3.733279920098380700e+01
3.733535722747356544e+01
3.733791113754750057e+01
3.734046084259045983e+01
3.734300625322198641e+01
3.734554727925629436e+01
3.734808382966031104e+01
3.735061581253316376e+01
3.735314313511197071e+01
3.735566570379029372e+01
3.735818342415510784e+01
3.736069620105884326e+01
3.736320393872556878e+01
3.736570654089218380e+01
3.736820391098083149e+01
3.737069595226742535e+01
3.737318256801606253e+01
3.737566366158619502e+01
3.737813913652617259e+01
3.738060889664826192e+01
3.738307284608227832e+01
3.738553088932237500e+01
3.738798293127484129e+01
3.739042887727958231e+01
3.739286863306248421e+01
3.739530210462736903e+01
3.739772919816158492e+01
3.740014982002055888e+01
3.740256387678922323e+01
3.740497127535815736e+01
3.740737192296657554e+01
3.740976572722976101e+01
3.741215259615478317e+01
3.741453243808514628e+01
3.741690516156068469e+01
3.741927067521452699e+01
3.742162888784045549e+01
3.742397970857923184e+01
3.742632304705224300e+01
3.742865881339093903e+01
3.743098691825073843e+01
3.743330727286873127e+01
3.743561978913703570e+01
3.743792437965858255e+01
3.744022095780100301e+01
3.744250943776801677e+01
3.744478973466502225e+01
3.744706176452866231e+01
3.744932544432617050e+01
3.745158069193917783e+01
3.745382742612804350e+01
3.745606556648549912e+01
3.745829503341361288e+01
3.746051574813203899e+01
3.746272763268717654e+01
3.746493060996137814e+01
3.746712460372310005e+01
3.746930953871793690e+01
3.747148534075286364e+01
3.747365193676102280e+01
3.747580925484706427e+01
3.747795722427690635e+01
3.748009577539357906e+01
3.748222483946964445e+01
3.748434434851397157e+01
3.748645423508913410e+01
3.748855443221364681e+01
3.749064487336062967e+01
3.749272549249445774e+01
3.749479622409283053e+01
3.749685700316302928e+01
3.749890776528249603e+01
3.750094844663460947e+01
3.750297898395190543e+01
3.750499931434827516e+01
3.750700937516967315e+01
3.750900910396272536e+01
3.751099843849010540e+01
3.751297731676543634e+01
3.751494567722451023e+01
3.751690345902515844e+01
3.751885060229650293e+01
3.752078704824595690e+01
3.752271273917079952e+01
3.752462761844251560e+01
3.752653163049598106e+01
3.752842472080213554e+01
3.753030683579973470e+01
3.753217792280963039e+01
3.753403792996752486e+01
3.753588680619476037e+01
3.753772450120806070e+01
3.753955096552935800e+01
3.754136615044492231e+01
3.754317000793137282e+01
3.754496249062269442e+01
3.754674355184928203e+01
3.754851314571408238e+01
3.755027122716088428e+01
3.755201775200179526e+01
3.755375267690376972e+01
3.755547595941705197e+01
3.755718755813322218e+01
3.755888743291237830e+01
3.756057554503535556e+01
3.756225185723224058e+01
3.756391633363398341e+01
3.756556893969962374e+01
3.756720964213187841e+01
3.756883840875769920e+01
3.757045520839611186e+01
3.757206001079338620e+01
3.757365278663410635e+01
3.757523350754940594e+01
3.757680214607749747e+01
3.757835867559393250e+01
3.757990307024394383e+01
3.758143530490689699e+01
3.758295535521332909e+01
3.758446319760396648e+01
3.758595880938187150e+01
3.758744216870525889e+01
3.758891325451013898e+01
3.759037204641449392e+01
3.759181852466728202e+01
3.759325267013447558e+01
3.759467446425977499e+01
3.759608388897083131e+01
3.759748092657669361e+01
3.759886555972857280e+01
3.760023777146152923e+01
3.760159754528289255e+01
3.760294486525974378e+01
3.760427971603917996e+01
3.760560208277026106e+01
3.760691195101329498e+01
3.760820930674649532e+01
3.760949413645166572e+01
3.761076642719298491e+01
3.761202616666471954e+01
3.761327334322328397e+01
3.761450794591359426e+01
3.761572996448654749e+01
3.761693938937764869e+01
3.761813621162131227e+01
3.761932042271943288e+01
3.762049201449049463e+01
3.762165097889820942e+01
3.762279730788507237e+01
3.762393099329458579e+01
3.762505202691329487e+01
3.762616040054111721e+01
3.762725610599445503e+01
3.762833913505478023e+01
3.762940947943287284e+01
3.763046713077584116e+01
3.763151208070155462e+01
3.763254432084858081e+01
3.763356384294372958e+01
3.763457063891052456e+01
3.763556470102443541e+01
3.763654602205647137e+01
3.763751459536218391e+01
3.763847041494739898e+01
3.763941347554168004e+01
3.764034377266794706e+01
3.764126130269167447e+01
3.764216606286618827e+01
3.764305805140138972e+01
3.764393726752369673e+01
3.764480371145128146e+01
3.764565738426897923e+01
3.764649828775453244e+01
3.764732642419802033e+01
3.764814179624566748e+01
3.764894440680699006e+01
3.764973425904086213e+01
3.765051135641270008e+01
3.765127570280331781e+01
3.765202730261874819e+01
3.765276616083971817e+01
3.765349228298931195e+01
3.765420567504704508e+01
3.765490634336497067e+01
3.765559429462270913e+01
3.765626953580785852e+01
3.765693207419931099e+01
3.765758191736625093e+01
3.765821907319337214e+01
3.765884354990132721e+01
3.765945535603401595e+01
3.766005450043817149e+01
3.766064099227406814e+01
3.766121484105451600e+01
3.766177605668100625e+01
3.766232464945249347e+01
3.766286063004899631e+01
3.766338400951804033e+01
3.766389479927384087e+01
3.766439301108577098e+01
3.766487865705710902e+01
3.766535174961840227e+01
3.766581230152575444e+01
3.766626032582695416e+01
3.766669583578090652e+01
3.766711884476630701e+01
3.766752936623325354e+01
3.766792741369868480e+01
3.766831300074087352e+01
3.766868614097347745e+01
3.766904684801962588e+01
3.766939513550060070e+01
3.766973101702748039e+01
3.767005450618503204e+01
3.767036561651265458e+01
3.767066436148733999e+01
3.767095075450369279e+01
3.767122480883353575e+01
3.767148653754655641e+01
3.767173595339978220e+01
3.767197306871837270e+01
3.767219789528220275e+01
3.767241044424369534e+01
3.767261072609043993e+01
3.767279875062147454e+01
3.767297452692751136e+01
3.767313806341205407e+01
3.767328936784958415e+01
3.767342844743983221e+01
3.767355530885823356e+01
3.767366995831218901e+01
3.767377240158177898e+01
3.767386264403127427e+01
3.767394069059827189e+01
3.767400654576918839e+01
3.767406021353723844e+01
3.767410169731179082e+01
3.767413099976138824e+01
3.767414812264522084e+01
3.767415306671563258e+01
3.767414583171127873e+01
3.767412641639123905e+01
3.767409481855449371e+01
3.767405103503409691e+01
3.767399506170114165e+01
3.767392689349990320e+01
3.767384652448976823e+01
3.767375394787949716e+01
3.767364915606235343e+01
3.767353214064163325e+01
3.767340289243078644e+01
3.767326140142537128e+01
3.767310765674869089e+01
3.767294164660720668e+01
3.767276335830931089e+01
3.767257277833764562e+01
3.767236989242245215e+01
3.767215468561197866e+01
3.767192714236730922e+01
3.767168724667762802e+01
3.767143498218234754e+01
3.767117033229520473e+01
3.767089328031274675e+01
3.767060380949563125e+01
3.767030190312747351e+01
3.766998754453673826e+01
3.766966071704364083e+01
3.766932140381840810e+01
3.766896958769282833e+01
3.766860525099322388e+01
3.766822837546208547e+01
3.766783894231125629e+01
3.766743693234816703e+01
3.766702232607192258e+01
3.766659510376743469e+01
3.766615524568432249e+01
3.766570273225579513e+01
3.766523754425127635e+01
3.766475966284530585e+01
3.766426906964066745e+01
3.766376574665062549e+01
3.766324967622468733e+01
3.766272084094710948e+01
3.766217922357047598e+01
3.766162480700679538e+01
3.766105757435560264e+01
3.766047750894478696e+01
3.765988459438017344e+01
3.765927881462919657e+01
3.765866015413485712e+01
3.765802859790627366e+01
3.765738413155566633e+01
3.765672674128379072e+01
3.765605641382345681e+01
3.765537313636553307e+01
3.765467689647817906e+01
3.765396768201147637e+01
3.765324548100500124e+01
3.765251028164313141e+01
3.765176207228444127e+01
3.765100084154953919e+01
3.765022657843714882e+01
3.764943927244905097e+01
3.764863891369158466e+01
3.764782549290904967e+01
3.764699900145181743e+01
3.764615943122793595e+01
3.764530677466346731e+01
3.764444102465807163e+01
3.764356217451809528e+01
3.764267021787320289e+01
3.764176514859102696e+01
3.764084696069480884e+01
3.763991564834143588e+01
3.763897120597188461e+01
3.763801362861855893e+01
3.763704291219119824e+01
3.763605905362058479e+01
3.763506205087370660e+01
3.763405190289486058e+01
3.763302860953516671e+01
3.763199217152392606e+01
3.763094259049066181e+01
3.762987986900473203e+01
3.762880401059451430e+01
3.762771501973249144e+01
3.762661290178725437e+01
3.762549766295211384e+01
3.762436931018742570e+01
3.762322785120576185e+01
3.762207329447757331e+01
3.762090564922223734e+01
3.761972492537383062e+01
3.761853113352060518e+01
3.761732428482888935e+01
3.761610439098845404e+01
3.761487146421439576e+01
3.761362551730359627e+01
3.761236656371748666e+01
3.761109461764632300e+01
3.760980969400044671e+01
3.760851180832069218e+01
3.760720097667520889e+01
3.760587721560786179e+01
3.760454054213544595e+01
3.760319097375364095e+01
3.760182852842056178e+01
3.760045322451017569e+01
3.759906508075208365e+01
3.759766411618691251e+01
3.759625035015871930e+01
3.759482380233958310e+01
3.759338449276396688e+01
3.759193244187282801e+01
3.759046767060447536e+01
3.758899020054007423e+01
3.758750005403640415e+01
3.758599725428079807e+01
3.758448182526326775e+01
3.758295379169506134e+01
3.758141317891556810e+01
3.757986001280895749e+01
3.757829431970922940e+01
3.757671612628080737e+01
3.757512545941093407e+01
3.757352234615173359e+01
3.757190681371198338e+01
3.757027888948687888e+01
3.756863860111508302e+01
3.756698597655533689e+01
3.756532104418540996e+01
3.756364383288846653e+01
3.756195437206639554e+01
3.756025269161024482e+01
3.755853882191458837e+01
3.755681279393564154e+01
3.755507463923002831e+01
3.755332438994379629e+01
3.755156207875377561e+01
3.754978773877386544e+01
3.754800140346134896e+01
3.754620310657485760e+01
3.754439288220441995e+01
3.754257076481905386e+01
3.754073678924235935e+01
3.753889099052575062e+01
3.753703340376334552e+01
3.753516406390683358e+01
3.753328300562420594e+01
3.753139026323737681e+01
3.752948587075243836e+01
3.752756986193564614e+01
3.752564227036800304e+01
3.752370312949209108e+01
3.752175247271151193e+01
3.751979033354099613e+01
3.751781674575263281e+01
3.751583174349095628e+01
3.751383536138123276e+01
3.751182763465527614e+01
3.750980859926657729e+01
3.750777829194119306e+01
3.750573675015942854e+01
3.750368401212396208e+01
3.750162011675228513e+01
3.749954510366822547e+01
3.749745901316037333e+01
3.749536188611318721e+01
3.749325376392359743e+01
3.749113468839708929e+01
3.748900470162924137e+01
3.748686384590090626e+01
3.748471216359384783e+01
3.748254969711226892e+01
3.748037648882576178e+01
3.747819258107560358e+01
3.747599801625118943e+01
3.747379283689571849e+01
3.747157708579828750e+01
3.746935080605182833e+01
3.746711404108387455e+01
3.746486683469800738e+01
3.746260923116989972e+01
3.746034127539788017e+01
3.745806301303893804e+01
3.745577449055025454e+01
3.745347575513138594e+01
3.745116685462846817e+01
3.744884783746670109e+01
3.744651875263540575e+01
3.744417964969849066e+01
3.744183057880001542e+01
3.743947159065226060e+01
3.743710273648871123e+01
3.743472406797815921e+01
3.743233563713776135e+01
3.742993749629781775e+01
3.742752969813078323e+01
3.742511229571543652e+01
3.742268534260974633e+01
3.742024889292093093e+01
3.741780300137642712e+01
3.741534772343484150e+01
3.741288311546413325e+01
3.741040923492760584e+01
3.740792614049779274e+01
3.740543389210806424e+01
3.740293255098084302e+01
3.740042217962079008e+01
3.739790284177287560e+01
3.739537460239129274e+01
3.739283752763942204e+01
3.739029168488798405e+01
3.738773714268582893e+01
3.738517397071521486e+01
3.738260223973149721e+01
3.738002202146680730e+01
3.737743338851226582e+01
3.737483641421682989e+01
3.737223117260754890e+01
3.736961773832930334e+01
3.736699618662549227e+01
3.736436659335186050e+01
3.736172903497766384e+01
3.735908358856247702e+01
3.735643033174083882e+01
3.735376934273413951e+01
3.735110070038693664e+01
3.734842448421881755e+01
3.734574077445486040e+01
3.734304965197719639e+01
3.734035119821425042e+01
3.733764549508747876e+01
3.733493262509932009e+01
3.733221267150400990e+01
3.732948571844914198e+01
3.732675185104715609e+01
3.732401115539997249e+01
3.732126371860039171e+01
3.731850962871782684e+01
3.731574897476754415e+01
3.731298184665843110e+01
3.731020833512913981e+01
3.730742853169878970e+01
3.730464252865377972e+01
3.730185041907549248e+01
3.729905229689041590e+01
3.729624825691055179e+01
3.729343839484555900e+01
3.729062280727983136e+01
3.728780159162138830e+01
3.728497484606240420e+01
3.728214266958460144e+01
3.727930516199090505e+01
3.727646242392251708e+01
3.727361455683316649e+01
3.727076166293313264e+01
3.726790384516835530e+01
3.726504120727553726e+01
3.726217385387427328e+01
3.725930189053288188e+01
3.725642542377480027e+01
3.725354456103437428e+01
3.725065941059315833e+01
3.724777008150643809e+01
3.724487668350649017e+01
3.724197932688428381e+01
3.723907812237226977e+01
3.723617318103878659e+01
3.723326461419033251e+01
3.723035253328646377e+01
3.722743704987321678e+01
3.722451827552725945e+01
3.722159632180682820e+01
3.721867130022125281e+01
3.721574332222670733e+01
3.721281249923177370e+01
3.720987894258542639e+01
3.720694276354264929e+01
3.720400407322416925e+01
3.720106298258113497e+01
3.719811960236558690e+01
3.719517404310094122e+01
3.719222641502324933e+01
3.718927682795722944e+01
3.718632539114356206e+01
3.718337221308180318e+01
3.718041740143170415e+01
3.717746106297204989e+01
3.717450330359064736e+01
3.717154422827819360e+01
3.716858394112513508e+01
3.716562254533502596e+01
3.716266014325250922e+01
3.715969683639230681e+01
3.715673272544478323e+01
3.715376791022993785e+01
3.715080248961533727e+01
3.714783656144957291e+01
3.714487022253481285e+01
3.714190356863134213e+01
3.713893669448368939e+01
3.713596969385053370e+01
3.713300265952200618e+01
3.713003568332137405e+01
3.712706885609218688e+01
3.712410226767554633e+01
3.712113600692940452e+01
3.711817016187828244e+01
3.711520481997705190e+01
3.711224006832787126e+01
3.710927599372866581e+01
3.710631268257058224e+01
3.710335022066242061e+01
3.710038869306184495e+01
3.709742818397479880e+01
3.709446877672895937e+01
3.709151055378222850e+01
3.708855359673027152e+01
3.708559798628972004e+01
3.708264380224530754e+01
3.707969112338526685e+01
3.707674002747481978e+01
3.707379059127926269e+01
3.707084289059874749e+01
3.706789700028070200e+01
3.706495299420297584e+01
3.706201094523849093e+01
3.705907092522283364e+01
3.705613300494324136e+01
3.705319725417044197e+01
3.705026374176458148e+01
3.704733253583172115e+01
3.704440370384336489e+01
3.704147731267707400e+01
3.703855342861130140e+01
3.703563211731628257e+01
3.703271344386251940e+01
3.702979747274968503e+01
3.702688426793842069e+01
3.702397389285393103e+01
3.702106641035350520e+01
3.701816188269209107e+01
3.701526037152194704e+01
3.701236193793125295e+01
3.700946664250515994e+01
3.700657454538872315e+01
3.700368570634014986e+01
3.700080018477423494e+01
3.699791803979026383e+01
3.699503933015410695e+01
3.699216411420531614e+01
3.698929244971448327e+01
3.698642439374844315e+01
3.698356000258026199e+01
3.698069933167715106e+01
3.697784243577213203e+01
3.697498936896690225e+01
3.697214018482686271e+01
3.696929493646641873e+01
3.696645367660892845e+01
3.696361645760383396e+01
3.696078333139988104e+01
3.695795434947457636e+01
3.695512956273920935e+01
3.695230902145366514e+01
3.694949277515677721e+01
3.694668087261327116e+01
3.694387336179573822e+01
3.694107028990069352e+01
3.693827170338610699e+01
3.693547764803125943e+01
3.693268816900443596e+01
3.692990331090916811e+01
3.692712311780905310e+01
3.692434763323790747e+01
3.692157690018561311e+01
3.691881096109658245e+01
3.691604985793448179e+01
3.691329363225960947e+01
3.691054232521176459e+01
3.690779597738594475e+01
3.690505462867493947e+01
3.690231831816452512e+01
3.689958708415331046e+01
3.689686096430117601e+01
3.689413999581859116e+01
3.689142421561116691e+01
3.688871366036666899e+01
3.688600836661478866e+01
3.688330837077324986e+01
3.688061370917734649e+01
3.687792441811141941e+01
3.687524053385495648e+01
3.687256209271696861e+01
3.686988913102753429e+01
3.686722168509714948e+01
3.686455979120528781e+01
3.686190348566401553e+01
3.685925280493707135e+01
3.685660778577158680e+01
3.685396846530161952e+01
3.685133488109803324e+01
3.684870707118624722e+01
3.684608507406593247e+01
3.684346892873654156e+01
3.684085867472185782e+01
3.683825435209450205e+01
3.683565600151313646e+01
3.683306366428789858e+01
3.683047738246236236e+01
3.682789719888968705e+01
3.682532315729798711e+01
3.682275530233335559e+01
3.682019367956676348e+01
3.681763833547955755e+01
3.681508931745579360e+01
3.681254667377935164e+01
3.681001045359703738e+01
3.680748070684655460e+01
3.680495748420687363e+01
3.680244083709147418e+01
3.679993081764739316e+01
3.679742747873576292e+01
3.679493087389970185e+01
3.679244105732630032e+01
3.678995808380184229e+01
3.678748200866500184e+01
3.678501288776397615e+01
3.678255077741358292e+01
3.678009573434358259e+01
3.677764781562554930e+01
3.677520707858517568e+01
3.677277358073394709e+01
3.677034737972523715e+01
3.676792853330356081e+01
3.676551709924211053e+01
3.676311313530366220e+01
3.676071669925894270e+01
3.675832784895371219e+01
3.675594664237870290e+01
3.675357313772987311e+01
3.675120739349977583e+01
3.674884946860301937e+01
3.674649942247346246e+01
3.674415731510102034e+01
3.674182320701973481e+01
3.673949715923252057e+01
3.673717923306286792e+01
3.673486948999867252e+01
3.673256799160235175e+01
3.673027479947550944e+01
3.672798997523130282e+01
3.672571358046688772e+01
3.672344567673869875e+01
3.672118632552023598e+01
3.671893558812960379e+01
3.671669352565316302e+01
3.671446019889740597e+01
3.671223566835933383e+01
3.671001999418319173e+01
3.670781323609671176e+01
3.670561545334150821e+01
3.670342670461027978e+01
3.670124704800542759e+01
3.669907654103175787e+01
3.669691524061641275e+01
3.669476320313859929e+01
3.669262048446601909e+01
3.669048714001672096e+01
3.668836322486176726e+01
3.668624879384545778e+01
3.668414390167438199e+01
3.668204860295477232e+01
3.667996295218607372e+01
3.667788700370576294e+01
3.667582081157274843e+01
3.667376442941576897e+01
3.667171791030605732e+01
3.666968130668747250e+01
3.666765467037095760e+01
3.666563805259323061e+01
3.666363150411635985e+01
3.666163507534393773e+01
3.665964881644398332e+01
3.665767277743974262e+01
3.665570700819719718e+01
3.665375155829078579e+01
3.665180647683600768e+01
3.664987181239897751e+01
3.664794761299941683e+01
3.664603392614973387e+01
3.664413079888628033e+01
3.664223827780250531e+01
3.664035640912598524e+01
3.663848523883336128e+01
3.663662481273511418e+01
3.663477517649894111e+01
3.663293637563511140e+01
3.663110845544773042e+01
3.662929146094506194e+01
3.662748543674399571e+01
3.662569042701636590e+01
3.662390647548106415e+01
3.662213362541854167e+01
3.662037191971057837e+01
3.661862140091999152e+01
3.661688211136551274e+01
3.661515409311569869e+01
3.661343738789524593e+01
3.661173203696102973e+01
3.661003808100541335e+01
3.660835556011996061e+01
3.660668451382825594e+01
3.660502498118108861e+01
3.660337700088858526e+01
3.660174061144263646e+01
3.660011585118763833e+01
3.659850275833375122e+01
3.659690137093899409e+01
3.659531172687667322e+01
3.659373386378236859e+01
3.659216781898822290e+01
3.659061362946889773e+01
3.658907133181382676e+01
3.658754096222377683e+01
3.658602255651617696e+01
3.658451615012653946e+01
3.658302177810303135e+01
3.658153947508544235e+01
3.658006927526463414e+01
3.657861121233715807e+01
3.657716531946757499e+01
3.657573162926443899e+01
3.657431017377476223e+01
3.657290098448333282e+01
3.657150409230028743e+01
3.657011952755360795e+01
3.656874731999906913e+01
3.656738749881849060e+01
3.656604009259169885e+01
3.656470512928304117e+01
3.656338263628345686e+01
3.656207264049727002e+01
3.656077516844070630e+01
3.655949024634426081e+01
3.655821790027452067e+01
3.655695815627353795e+01
3.655571104048063802e+01
3.655447657920837656e+01
3.655325479896788465e+01
3.655204572642892202e+01
3.655084938830192698e+01
3.654966581118991797e+01
3.654849502148515938e+01
3.654733704531155780e+01
3.654619190846610621e+01
3.654505963635934052e+01
3.654394025398105583e+01
3.654283378588551301e+01
3.654174025617177080e+01
3.654065968845129220e+01
3.653959210581459871e+01
3.653853753080665001e+01
3.653749598541000410e+01
3.653646749104061797e+01
3.653545206857184979e+01
3.653444973839844323e+01
3.653346052052866355e+01
3.653248443465700745e+01
3.653152150017156430e+01
3.653057173610486785e+01
3.652963516106823505e+01
3.652871179318501049e+01
3.652780165001023249e+01
3.652690474843172552e+01
3.652602110457994655e+01
3.652515073378945232e+01
3.652429365063048294e+01
3.652344986897752221e+01
3.652261940205154644e+01
3.652180226240380279e+01
3.652099846186062138e+01
3.652020801146232287e+01
3.651943092141576841e+01
3.651866720106151831e+01
3.651791685884093397e+01
3.651717990225647270e+01
3.651645633785139466e+01
3.651574617126548361e+01
3.651504940739398108e+01
3.651436605060103346e+01
3.651369610492146478e+01
3.651303957421768587e+01
3.651239646227327285e+01
3.651176677282419547e+01
3.651115050955397123e+01
3.651054767607320883e+01
3.650995827588651110e+01
3.650938231235829079e+01
3.650881978870496170e+01
3.650827070801727103e+01
3.650773507328354128e+01
3.650721288739349291e+01
3.650670415312346506e+01
3.650620887310801521e+01
3.650572704979979477e+01
3.650525868540896113e+01
3.650480378181430297e+01
3.650436234047046469e+01
3.650393436234631395e+01
3.650351984789542570e+01
3.650311879704990758e+01
3.650273120924447312e+01
3.650235708345112329e+01
3.650199641818173291e+01
3.650164921146327401e+01
3.650131546083448342e+01
3.650099516338342909e+01
3.650068831580259143e+01
3.650039491442733208e+01
3.650011495523541782e+01
3.649984843381531618e+01
3.649959534532475658e+01
3.649935568444340106e+01
3.649912944532454162e+01
3.649891662156625216e+01
3.649871720621174376e+01
3.649853119176917460e+01
3.649835857023241203e+01
3.649819933308327791e+01
3.649805347127622213e+01
3.649792097523663870e+01
3.649780183489225749e+01
3.649769603971230225e+01
3.649760357872523997e+01
3.649752444051793532e+01
3.649745861322315932e+01
3.649740608449826595e+01
3.649736684151361032e+01
3.649734087094581980e+01
3.649732815893207061e+01
3.649732869097561405e+01
3.649734245185037196e+01
3.649736942555415453e+01
3.649740959531642659e+01
3.649746294362557109e+01
3.649752945225220202e+01
3.649760910227630717e+01
3.649770187412033096e+01
3.649780774757529400e+01
3.649792670181529530e+01
3.649805871540512925e+01
3.649820376630982821e+01
3.649836183193833250e+01
3.649853288926789219e+01
3.649871691503089011e+01
3.649891388585871965e+01
3.649912377829711829e+01
3.649934656870158278e+01
3.649958223307829996e+01
3.649983074693670915e+01
3.650009208520435067e+01
3.650036622222848592e+01
3.650065313185745453e+01
3.650095278758249862e+01
3.650126516269804000e+01
3.650159023041226902e+01
3.650192796387781158e+01
3.650227833618245654e+01
3.650264132035545828e+01
3.650301688939717337e+01
3.650340501629509049e+01
3.650380567400370779e+01
3.650421883540696655e+01
3.650464447329031970e+01
3.650508256032353671e+01
3.650553306903665884e+01
3.650599597178618438e+01
3.650647124072517613e+01
3.650695884778497202e+01
3.650745876466375250e+01
3.650797096281604581e+01
3.650849541344411620e+01
3.650903208748844264e+01
3.650958095561030348e+01
3.651014198817247092e+01
3.651071515522666289e+01
3.651130042649995744e+01
3.651189777136374204e+01
3.651250715877435482e+01
3.651312855719129402e+01
3.651376193451003616e+01
3.651440725806202892e+01
3.651506449468092796e+01
3.651573361075712398e+01
3.651641457221720088e+01
3.651710734444696271e+01
3.651781189221143364e+01
3.651852817960410391e+01
3.651925617003122682e+01
3.651999582622239160e+01
3.652074711025373688e+01
3.652150998357309675e+01
3.652228440702514689e+01
3.652307034088039472e+01
3.652386774486710408e+01
3.652467657820902502e+01
3.652549679967675900e+01
3.652632836762449386e+01
3.652717123997214088e+01
3.652802537417485951e+01
3.652889072725286468e+01
3.652976725585539697e+01
3.653065491628273520e+01
3.653155366445950847e+01
3.653246345591382749e+01
3.653338424580804400e+01
3.653431598902010080e+01
3.653525864024636149e+01
3.653621215408583822e+01
3.653717648506313509e+01
3.653815158759670112e+01
3.653913741596326759e+01
3.654013392428659301e+01
3.654114106656903260e+01
3.654215879677958156e+01
3.654318706895170976e+01
3.654422583721390083e+01
3.654527505573640411e+01
3.654633467864198337e+01
3.654740465992144749e+01
3.654848495335215830e+01
3.654957551240864433e+01
3.655067629017717223e+01
3.655178723928683837e+01
3.655290831184648681e+01
3.655403945936794941e+01
3.655518063267082596e+01
3.655633178179594012e+01
3.655749285598017906e+01
3.655866380370244428e+01
3.655984457274028188e+01
3.656103511018951480e+01
3.656223536246918115e+01
3.656344527535769373e+01
3.656466479404843284e+01
3.656589386316051105e+01
3.656713242668332953e+01
3.656838042789767940e+01
3.656963780930271213e+01
3.657090451253606744e+01
3.657218047827839769e+01
3.657346564616275231e+01
3.657475995472290009e+01
3.657606334140304227e+01
3.657737574261420122e+01
3.657869709379847478e+01
3.658002732948247626e+01
3.658136638331912138e+01
3.658271418810406317e+01
3.658407067576484906e+01
3.658543577735296282e+01
3.658680942305728934e+01
3.658819154222636882e+01
3.658958206338571273e+01
3.659098091424636578e+01
3.659238802170274596e+01
3.659380331181780832e+01
3.659522670979259118e+01
3.659665813993088790e+01
3.659809752563312912e+01
3.659954478943314626e+01
3.660099985304557890e+01
3.660246263739186645e+01
3.660393306259800283e+01
3.660541104796787693e+01
3.660689651194203975e+01
3.660838937205155474e+01
3.660988954486600733e+01
3.661139694593661886e+01
3.661291148975789156e+01
3.661443308977204225e+01
3.661596165840563089e+01
3.661749710710810035e+01
3.661903934638933578e+01
3.662058828589614023e+01
3.662214383455794575e+01
3.662370590075579457e+01
3.662527439245633332e+01
3.662684921733499266e+01
3.662843028290313185e+01
3.663001749658155859e+01
3.663161076572240660e+01
3.663320999765439723e+01
3.663481509977680162e+01
3.663642597967188408e+01
3.663804254521343751e+01
3.663966470466950653e+01
3.664129236679723789e+01
3.664292544092027271e+01
3.664456383697974928e+01
3.664620746555417696e+01
3.664785623784617030e+01
3.664951006564581348e+01
3.665116886129589346e+01
3.665283253768059524e+01
3.665450100824140378e+01
3.665617418701836527e+01
3.665785198871468253e+01
3.665953432877497420e+01
3.666122112346057804e+01
3.666291228990439777e+01
3.666460774614530749e+01
3.666630741118004266e+01
3.666801120507064127e+01
3.666971904909084401e+01
3.667143086585103617e+01
3.667314657935791899e+01
3.667486611502256011e+01
3.667658939964994858e+01
3.667831636140707019e+01
3.668004692975594594e+01
3.668178103537784551e+01
3.668351861012681070e+01
3.668525958701620482e+01
3.668700390022964086e+01
3.668875148514069195e+01
3.669050227830820177e+01
3.669225621745018628e+01
3.669401324144502752e+01
3.669577329038617819e+01
3.669753630567587521e+01
3.669930223011103010e+01
3.670107100790680477e+01
3.670284258465877514e+01
3.670461690728659221e+01
3.670639392398545908e+01
3.670817358420386256e+01
3.670995583865834533e+01
3.671174063935509935e+01
3.671352793957936456e+01
3.671531769387513577e+01
3.671710985806868166e+01
3.671890438933391465e+01
3.672070124625587084e+01
3.672250038886394208e+01
3.672430177862322154e+01
3.672610537839370437e+01
3.672791115240705295e+01
3.672971906630272798e+01
3.673152908720020093e+01
3.673334118375941415e+01
3.673515532622279522e+01
3.673697148645626953e+01
3.673878963798441788e+01
3.674060975600226442e+01
3.674243181736268582e+01
3.674425580054435869e+01
3.674608168561190524e+01
3.674790945420136268e+01
3.674973908954071788e+01
3.675157057646944736e+01
3.675340390143471581e+01
3.675523905247780476e+01
3.675707601923512158e+01
3.675891479296655007e+01
3.676075536660223264e+01
3.676259773480595783e+01
3.676444189405899721e+01
3.676628784274000594e+01
3.676813558117380865e+01
3.676998511165091088e+01
3.677183643842460725e+01
3.677368956768084018e+01
3.677554450747686587e+01
3.677740126765264250e+01
3.677925985973735834e+01
3.678112029688416840e+01
3.678298259382641788e+01
3.678484676680361076e+01
3.678671283343381759e+01
3.678858081256662160e+01
3.679045072414967166e+01
3.679232258910693076e+01
3.679419642922764666e+01
3.679607226708159828e+01
3.679795012596257209e+01
3.679983002984653240e+01
3.680171200335846038e+01
3.680359607174506209e+01
3.680548226083972452e+01
3.680737059700597769e+01
3.680926110706053578e+01
3.681115381818754884e+01
3.681304875785674824e+01
3.681494595375817624e+01
3.681684543376219665e+01
3.681874722589607529e+01
3.682065135832253588e+01
3.682255785932896686e+01
3.682446675732451524e+01
3.682637808079612540e+01
3.682829185821017148e+01
3.683020811792077609e+01
3.683212688812889724e+01
3.683404819687245890e+01
3.683597207201269441e+01
3.683789854120873031e+01
3.683982763189705167e+01
3.684175937127584177e+01
3.684369378626981728e+01
3.684563090347852921e+01
3.684757074915192021e+01
3.684951334921943555e+01
3.685145872934642597e+01
3.685340691497300725e+01
3.685535793131590054e+01
3.685731180334687451e+01
3.685926855577121586e+01
3.686122821300908470e+01
3.686319079916226826e+01
3.686515633796341973e+01
3.686712485273204720e+01
3.686909636635297716e+01
3.687107090126838216e+01
3.687304847947864772e+01
3.687502912255873611e+01
3.687701285168824938e+01
3.687899968767269598e+01
3.688098965092672188e+01
3.688298276141651399e+01
3.688497903858556271e+01
3.688697850127947220e+01
3.688898116767565227e+01
3.689098705522563648e+01
3.689299618061008346e+01
3.689500855971616744e+01
3.689702420765294733e+01
3.689904313878621167e+01
3.690106536676069027e+01
3.690309090450761431e+01
3.690511976425422347e+01
3.690715195753229239e+01
3.690918749516523434e+01
3.691122638724155536e+01
3.691326864309900913e+01
3.691531427130195198e+01
3.691736327957872277e+01
3.691941567473081420e+01
3.692147146255366152e+01
3.692353064779158700e+01
3.692559323411997951e+01
3.692765922413720148e+01
3.692972861935942319e+01
3.693180142022424661e+01
3.693387762612154290e+01
3.693595723547597487e+01
3.693804024587231538e+01
3.694012665417300667e+01
3.694221645658505793e+01
3.694430964866846523e+01
3.694640622529691854e+01
3.694850618058246283e+01
3.695060950777968856e+01
3.695271619919576267e+01
3.695482624612575506e+01
3.695693963881142707e+01
3.695905636641645486e+01
3.696117641701243173e+01
3.696329977755805629e+01
3.696542643385686233e+01
3.696755637049639631e+01
3.696968957077483964e+01
3.697182601662358081e+01
3.697396568855328525e+01
3.697610856565055570e+01
3.697825462561356602e+01
3.698040384478571241e+01
3.698255619816982431e+01
3.698471165944429373e+01
3.698687020099966816e+01
3.698903179399371766e+01
3.699119640843573364e+01
3.699336401330594271e+01
3.699553457666799972e+01
3.699770806573479831e+01
3.699988444689918055e+01
3.700206368574515636e+01
3.700424574702110192e+01
3.700643059456337625e+01
3.700861819120811447e+01
3.701080849874206535e+01
3.701300147789332584e+01
3.701519708832501010e+01
3.701739528860942841e+01
3.701959603619739170e+01
3.702179928741087878e+01
3.702400499746104146e+01
3.702621312046522917e+01
3.702842360943869693e+01
3.703063641626190616e+01
3.703285149165861156e+01
3.703506878522353674e+01
3.703728824548715437e+01
3.703950981996576530e+01
3.704173345516782234e+01
3.704395909656219033e+01
3.704618668853863994e+01
3.704841617439367951e+01
3.705064749634070154e+01
3.705288059551724444e+01
3.705511541197856218e+01
3.705735188470683994e+01
3.705958995168074921e+01
3.706182955001614232e+01
3.706407061614764586e+01
3.706631308601897956e+01
3.706855689526071274e+01
3.707080197933670007e+01
3.707304827366144195e+01
3.707529571369981625e+01
3.707754423504442087e+01
3.707979377346370597e+01
3.708204426492282835e+01
3.708429564558596070e+01
3.708654785181769853e+01
3.708880082019511093e+01
3.709105448751982692e+01
3.709330879080768284e+01
3.709556366725600185e+01
3.709781905423229631e+01
3.710007488932918562e+01
3.710233111046805021e+01
3.710458765599290842e+01
3.710684446471658759e+01
3.710910147591524577e+01
3.711135862929273088e+01
3.711361586494491860e+01
3.711587312334057742e+01
3.711813034531885336e+01
3.712038747209352607e+01
3.712264444525730056e+01
3.712490120679581196e+01
3.712715769912892227e+01
3.712941386518708242e+01
3.713166964851496488e+01
3.713392499338385733e+01
3.713617984489529533e+01
3.713843414906426688e+01
3.714068785287703633e+01
3.714294090433538997e+01
3.714519325250472548e+01
3.714744484756414522e+01
3.714969564085065201e+01
3.715194558489947951e+01
3.715419463347566875e+01
3.715644274159391358e+01
3.715868986554330888e+01
3.716093596292674306e+01
3.716318099269533093e+01
3.716542491515176749e+01
3.716766769190786590e+01
3.716990928579824072e+01
3.717214966079500016e+01
3.717438878198381502e+01
3.717662661560324722e+01
3.717886312911141289e+01
3.718109829125460664e+01
3.718333207211050961e+01
3.718556444307113651e+01
3.718779537671949242e+01
3.719002484660695274e+01
3.719225282709001590e+01
3.719447929337357550e+01
3.719670422167890678e+01
3.719892758937267274e+01
3.720114937500922991e+01
3.720336955831550085e+01
3.720558812013777583e+01
3.720780504234286212e+01
3.721002030768597990e+01
3.721223389972065831e+01
3.721444580282154391e+01
3.721665600228133286e+01
3.721886448436767125e+01
3.722107123628953929e+01
3.722327624612171348e+01
3.722547950275458106e+01
3.722768099589458757e+01
3.722988071610367911e+01
3.723207865484651080e+01
3.723427480451039173e+01
3.723646915838726557e+01
3.723866171064787522e+01
3.724085245635880170e+01
3.724304139156767945e+01
3.724522851342644003e+01
3.724741382028916803e+01
3.724959731174769928e+01
3.725177898861746684e+01
3.725395885290001985e+01
3.725613690772799202e+01
3.725831315728280657e+01
3.726048760668606974e+01
3.726266026188514502e+01
3.726483112955136079e+01
3.726700021699188170e+01
3.726916753207036237e+01
3.727133308313926108e+01
3.727349687898387032e+01
3.727565892876631892e+01
3.727781924196572305e+01
3.727997782832707685e+01
3.728213469782865985e+01
3.728428986066017359e+01
3.728644332719208165e+01
3.728859510792845811e+01
3.729074521345976478e+01
3.729289365443416671e+01
3.729504044154542441e+01
3.729718558552372087e+01
3.729932909712254485e+01
3.730147098710368425e+01
3.730361126621826884e+01
3.730574994517812115e+01
3.730788703462515343e+01
3.731002254511631833e+01
3.731215648712225885e+01
3.731428887101326808e+01
3.731641970701598154e+01
3.731854900515750018e+01
3.732067677522110927e+01
3.732280302672451455e+01
3.732492776893301567e+01
3.732705101090689936e+01
3.732917276154777397e+01
3.733129302961572904e+01
3.733341182371533762e+01
3.733552915224066737e+01
3.733764502327365165e+01
3.733975944447944784e+01
3.734187242304373200e+01
3.734398396562945521e+01
3.734609407833752925e+01
3.734820276671032957e+01
3.735031003576154518e+01
3.735241588994657747e+01
3.735452033306965802e+01
3.735662336821819451e+01
3.735872499775658895e+01
3.736082522333074962e+01
3.736292404585020677e+01
3.736502146544098224e+01
3.736711748137319944e+01
3.736921209200225036e+01
3.737130529477236962e+01
3.737339708628349655e+01
3.737548746237958142e+01
3.737757641822032184e+01
3.737966394832272243e+01
3.738175004657246348e+01
3.738383470619628213e+01
3.738591791968175926e+01
3.738799967866400209e+01
3.739007997382499582e+01
3.739215879482801341e+01
3.739423613028609594e+01
3.739631196776569055e+01
3.739838629381745250e+01
3.740045909401101198e+01
3.740253035296196060e+01
3.740460005436366941e+01
3.740666818103081681e+01
3.740873471493612357e+01
3.741079963721779933e+01
3.741286292815397019e+01
3.741492456712337855e+01
3.741698453258075574e+01
3.741904280205751121e+01
3.742109935218577021e+01
3.742315415874780626e+01
3.742520719674098473e+01
3.742725844043886241e+01
3.742930786344741989e+01
3.743135543876322657e+01
3.743340113882383946e+01
3.743544493553281427e+01
3.743748680025072417e+01
3.743952670376272351e+01
3.744156461624518073e+01
3.744360050722935540e+01
3.744563434553298009e+01
3.744766609915967592e+01
3.744969573521395034e+01
3.745172321986687081e+01
3.745374851836164964e+01
3.745577159503388742e+01
3.745779241333371345e+01
3.745981093586550514e+01
3.746182712447436813e+01
3.746384094035791890e+01
3.746585234413817034e+01
3.746786129587687242e+01
3.746986775507337342e+01
3.747187168066730578e+01
3.747387303103744927e+01
3.747587176399077435e+01
3.747786783675155675e+01
3.747986120596896598e+01
3.748185182776363433e+01
3.748383965781710003e+01
3.748582465147389087e+01
3.748780676380273036e+01
3.748978594958174426e+01
3.749176216323304089e+01
3.749373535876605246e+01
3.749570548975398765e+01
3.749767250932684703e+01
3.749963637016545448e+01
3.750159702450033450e+01
3.750355442412909923e+01
3.750550852045140715e+01
3.750745926449995693e+01
3.750940660694918449e+01
3.751135049808199540e+01
3.751329088769712428e+01
3.751522772500867831e+01
3.751716095862754230e+01
3.751909053662167537e+01
3.752101640658322879e+01
3.752293851567035432e+01
3.752485681064705858e+01
3.752677123796104297e+01
3.752868174385471889e+01
3.753058827443818757e+01
3.753249077566577796e+01
3.753438919323863132e+01
3.753628347249552633e+01
3.753817355831741054e+01
3.754005939502214773e+01
3.754194092625051837e+01
3.754381809492336686e+01
3.754569084332825213e+01
3.754755911326071782e+01
3.754942284610221037e+01
3.755128198281424545e+01
3.755313646391214633e+01
3.755498622946892340e+01
3.755683121914749023e+01
3.755867137224063157e+01
3.756050662771291115e+01
3.756233692424654436e+01
3.756416220028722819e+01
3.756598239408412354e+01
3.756779744372214225e+01
3.756960728714534525e+01
3.757141186216779261e+01
3.757321110646679330e+01
3.757500495756064396e+01
3.757679335278047716e+01
3.757857622924313290e+01
3.758035352382982808e+01
3.758212517318439438e+01
3.758389111374068392e+01
3.758565128176655179e+01
3.758740561340104591e+01
3.758915404468189081e+01
3.759089651158753753e+01
3.759263295010751449e+01
3.759436329632832496e+01
3.759608748653012356e+01
3.759780545730381363e+01
3.759951714568963865e+01
3.760122248932349720e+01
3.760292142654440539e+01
3.760461389638788887e+01
3.760629983845284130e+01
3.760797919272449263e+01
3.760965189945199683e+01
3.761131789915164347e+01
3.761297713275035903e+01
3.761462954177795126e+01
3.761627506848527247e+01
3.761791365585826696e+01
3.761954524756664142e+01
3.762116978788439070e+01
3.762278722160445454e+01
3.762439749397089628e+01
3.762600055068615745e+01
3.762759633803321435e+01
3.762918480304645641e+01
3.763076589362709257e+01
3.763233955856988899e+01
3.763390574752173023e+01
3.763546441089541617e+01
3.763701549976978100e+01
3.763855896581812743e+01
3.764009476129118781e+01
3.764162283906731687e+01
3.764314315278258505e+01
3.764465565702516159e+01
3.764616030751801645e+01
3.764765706119742816e+01
3.764914587616873831e+01
3.765062671161247465e+01
3.765209952773038538e+01
3.765356428575189085e+01
3.765502094794447174e+01
3.765646947757727503e+01
3.765790983885261056e+01
3.765934199685208483e+01
3.766076591752653258e+01
3.766218156771621750e+01
3.766358891513981177e+01
3.766498792830845588e+01
3.766637857640665032e+01
3.766776082920921453e+01
3.766913465703920849e+01
3.767050003072971265e+01
3.767185692158273724e+01
3.767320530134858103e+01
3.767454514223540230e+01
3.767587641694706235e+01
3.767719909874727335e+01
3.767851316151402585e+01
3.767981857971997073e+01
3.768111532832423904e+01
3.768240338264080691e+01
3.768368271826442140e+01
3.768495331107441615e+01
3.768621513727559602e+01
3.768746817343618005e+01
3.768871239651409155e+01
3.768994778387156686e+01
3.769117431326931467e+01
3.769239196283243132e+01
3.769360071099883669e+01
3.769480053647743034e+01
3.769599141823451305e+01
3.769717333549679239e+01
3.769834626773879904e+01
3.769951019463139374e+01
3.770066509596684767e+01
3.770181095161514406e+01
3.770294774153098416e+01
3.770407544575975578e+01
3.770519404442018896e+01
3.770630351771719546e+01
3.770740384602586914e+01
3.770849501003880277e+01
3.770957699094844173e+01
3.771064977061684687e+01
3.771171333167919926e+01
3.771276765754507920e+01
3.771381273230230846e+01
3.771484854059255554e+01
3.771587506752302232e+01
3.771689229858395720e+01
3.771790021951949257e+01
3.771889881619158302e+01
3.771988807453271164e+01
3.772086798062510837e+01
3.772183852084832267e+01
3.772279968201497979e+01
3.772375145147645270e+01
3.772469381720905801e+01
3.772562676786707669e+01
3.772655029279687255e+01
3.772746438203643038e+01
3.772836902631976130e+01
3.772926421709010469e+01
3.773014994651601484e+01
3.773102620748220204e+01
3.773189299353359871e+01
3.773275029880480957e+01
3.773359811799150521e+01
3.773443644637344363e+01
3.773526527983944590e+01
3.773608461487048515e+01
3.773689444849458141e+01
3.773769477824850327e+01
3.773848560215508030e+01
3.773926691871317729e+01
3.774003872689548444e+01
3.774080102613368126e+01
3.774155381628312966e+01
3.774229709759926976e+01
3.774303087076179253e+01
3.774375513694848649e+01
3.774446989793247553e+01
3.774517515615509211e+01
3.774587091471214961e+01
3.774655717723105397e+01
3.774723394769728912e+01
3.774790123031699807e+01
3.774855902948669950e+01
3.774920734990134008e+01
3.774984619672471808e+01
3.775047557569855172e+01
3.775109549315607183e+01
3.775170595595482581e+01
3.775230697132375468e+01
3.775289854667711609e+01
3.775348068949866587e+01
3.775405340734167225e+01
3.775461670794297220e+01
3.775517059941590503e+01
3.775571509042770657e+01
3.775625019028630902e+01
3.775677590895605817e+01
3.775729225706468384e+01
3.775779924591901704e+01
3.775829688750809510e+01
3.775878519448874471e+01
3.775926418015068009e+01
3.775973385832225659e+01
3.776019424317586726e+01
3.776064534897686542e+01
3.776108718988510304e+01
3.776151977985584551e+01
3.776194313260792512e+01
3.776235726160647488e+01
3.776276218001360263e+01
3.776315790064582956e+01
3.776354443606501832e+01
3.776392179882910227e+01
3.776429000175838269e+01
3.776464905806059136e+01
3.776499898129915067e+01
3.776533978533611702e+01
3.776567148433842647e+01
3.776599409278423281e+01
3.776630762542239950e+01
3.776661209723503987e+01
3.776690752343501600e+01
3.776719391947718663e+01
3.776747130105698602e+01
3.776773968409144544e+01
3.776799908469638467e+01
3.776824951917133433e+01
3.776849100398163728e+01
3.776872355571519080e+01
3.776894719101095177e+01
3.776916192647578185e+01
3.776936777860616701e+01
3.776956476372651395e+01
3.776975289794694390e+01
3.776993219713182270e+01
3.777010267686340939e+01
3.777026435239287139e+01
3.777041723859328926e+01
3.777056134992918146e+01
3.777069670043289307e+01
3.777082330367515794e+01
3.777094117273175300e+01
3.777105032016286401e+01
3.777115075802260691e+01
3.777124249787157595e+01
3.777132555073766440e+01
3.777139992703316551e+01
3.777146563648837940e+01
3.777152268812132263e+01
3.777157109021129600e+01
3.777161085025792886e+01
3.777164197494499120e+01
3.777166447014722195e+01
3.777167834102083077e+01
3.777168359217004223e+01
3.777168022781949475e+01
3.777166825194964161e+01
3.777164766839997156e+01
3.777161848094020513e+01
3.777158069330923240e+01
3.777153430922393795e+01
3.777147933235688271e+01
3.777141576630420161e+01
3.777134361455646427e+01
3.777126288043744751e+01
3.777117356699022110e+01
3.777107567686334022e+01
3.777096921227393977e+01
3.777085417505955434e+01
3.777073056675715890e+01
3.777059838866179575e+01
3.777045764186671306e+01
3.777030832729279552e+01
3.777015044569558455e+01
3.776998399763728287e+01
3.776980898345388482e+01
3.776962540326709927e+01
3.776943325703042831e+01
3.776923254456450252e+01
3.776902326557297584e+01
3.776880541963991789e+01
3.776857900619214092e+01
3.776834402443430605e+01
3.776810047329274767e+01
3.776784835138367669e+01
3.776758765700483877e+01
3.776731838816314735e+01
3.776704054264135380e+01
3.776675411807638483e+01
3.776645911203088701e+01
3.776615552206963144e+01
3.776584334584573099e+01
3.776552258117608574e+01
3.776519322607501294e+01
3.776485527871869863e+01
3.776450873734636104e+01
3.776415360014775047e+01
3.776378986517703140e+01
3.776341753028025749e+01
3.776303659301314042e+01
3.776264705056176041e+01
3.776224889969932264e+01
3.776184213679357526e+01
3.776142675783861336e+01
3.776100275847694832e+01
3.776057013401960916e+01
3.776012887948773766e+01
3.775967898966587910e+01
3.775922045914257552e+01
3.775875328233543371e+01
3.775827745351425335e+01
3.775779296682804187e+01
3.775729981631939580e+01
3.775679799590285057e+01
3.775628749930818628e+01
3.775576832001595307e+01
3.775524045121438377e+01
3.775470388578370518e+01
3.775415861629107184e+01
3.775360463499533381e+01
3.775304193388291907e+01
3.775247050473107890e+01
3.775189033915839332e+01
3.775130142863155669e+01
3.775070376442923958e+01
3.775009733758651009e+01
3.774948213884609771e+01
3.774885815861158278e+01
3.774822538686461826e+01
3.774758381303824706e+01
3.774693342589813483e+01
3.774627421348603207e+01
3.774560616313448236e+01
3.774492926151651773e+01
3.774424349468177553e+01
3.774354884805855193e+01
3.774284530642560753e+01
3.774213285386067440e+01
3.774141147369478944e+01
3.774068114852023115e+01
3.773994186026371978e+01
3.773919359029567744e+01
3.773843631954243705e+01
3.773767002857213981e+01
3.773689469764270399e+01
3.773611030673026079e+01
3.773531683556837635e+01
3.773451426371645567e+01
3.773370257065452194e+01
3.773288173589649119e+01
3.773205173912487709e+01
3.773121256034500703e+01
3.773036418002951109e+01
3.772950657919463424e+01
3.772863973935966442e+01
3.772776364240704794e+01
3.772687827041811204e+01
3.772598360554782460e+01
3.772507962994043851e+01
3.772416632564029015e+01
3.772324367448703697e+01
3.772231165804890196e+01
3.772137025762896201e+01
3.772041945432993515e+01
3.771945922915500660e+01
3.771848956311546885e+01
3.771751043730725428e+01
3.771652183295137206e+01
3.771552373143151726e+01
3.771451611434527251e+01
3.771349896355631159e+01
3.771247226124953755e+01
3.771143599000867397e+01
3.771039013290454989e+01
3.770933467355222746e+01
3.770826959612531226e+01
3.770719488535173269e+01
3.770611052650275496e+01
3.770501650537127603e+01
3.770391280825013069e+01
3.770279942192991030e+01
3.770167633371722360e+01
3.770054353145885528e+01
3.769940100356201640e+01
3.769824873900195428e+01
3.769708672730521926e+01
3.769591495851154406e+01
3.769473342313666109e+01
3.769354211215758710e+01
3.769234101701738382e+01
3.769113012963286025e+01
3.768990944240618290e+01
3.768867894825208964e+01
3.768743864063777949e+01
3.768618851361311073e+01
3.768492856180078832e+01
3.768365878034283156e+01
3.768237916484017802e+01
3.768108971131959350e+01
3.767979041622886172e+01
3.767848127645534362e+01
3.767716228937182876e+01
3.767583345290093177e+01
3.767449476558436317e+01
3.767314622665318069e+01
3.767178783606688341e+01
3.767041959446489585e+01
3.766904150303712129e+01
3.766765356340047077e+01
3.766625577754934540e+01
3.766484814786365831e+01
3.766343067710713655e+01
3.766200336836811147e+01
3.766056622495363371e+01
3.765911925026892959e+01
3.765766244768621362e+01
3.765619582041836111e+01
3.765471937145198922e+01
3.765323310357705111e+01
3.765173701950796215e+01
3.765023112206028344e+01
3.764871541432158608e+01
3.764718989979015618e+01
3.764565458253321140e+01
3.764410946739871378e+01
3.764255456021064106e+01
3.764098986785030121e+01
3.763941539821296800e+01
3.763783116012167085e+01
3.763623716329262692e+01
3.763463341839130294e+01
3.763301993713815818e+01
3.763139673238027427e+01
3.762976381809487947e+01
3.762812120934705007e+01
3.762646892220946171e+01
3.762480697363930204e+01
3.762313538133761881e+01
3.762145416364870698e+01
3.761976333954412866e+01
3.761806292867801460e+01
3.761635295146661662e+01
3.761463342916012209e+01
3.761290438388039092e+01
3.761116583859732998e+01
3.760941781704683962e+01
3.760766034362541888e+01
3.760589344330031025e+01
3.760411714156258967e+01
3.760233146443964358e+01
3.760053643857588668e+01
3.759873209134755001e+01
3.759691845093659879e+01
3.759509554633549300e+01
3.759326340732173577e+01
3.759142206445200429e+01
3.758957154910098808e+01
3.758771189352956554e+01
3.758584313095877860e+01
3.758396529564578969e+01
3.758207842292964074e+01
3.758018254920111190e+01
3.757827771181015208e+01
3.757636394895484955e+01
3.757444129956367362e+01
3.757250980317179057e+01
3.757056949983637395e+01
3.756862043015424035e+01
3.756666263535449701e+01
3.756469615735710477e+01
3.756272103875741664e+01
3.756073732279806165e+01
3.755874505337496316e+01
3.755674427504723667e+01
3.755473503299938187e+01
3.755271737297038470e+01
3.755069134122663144e+01
3.754865698460696422e+01
3.754661435058327612e+01
3.754456348729974025e+01
3.754250444361400696e+01
3.754043726915199386e+01
3.753836201437150066e+01
3.753627873065116916e+01
3.753418747038622882e+01
3.753208828704045175e+01
3.752998123517088658e+01
3.752786637045542761e+01
3.752574374969027815e+01
3.752361343075524758e+01
3.752147547259175298e+01
3.751932993517105785e+01
3.751717687939433432e+01
3.751501636695770259e+01
3.751284846026305075e+01
3.751067322237268797e+01
3.750849071695719061e+01
3.750630100823842383e+01
3.750410416095199650e+01
3.750190024031856240e+01
3.749968931201605216e+01
3.749747144217921146e+01
3.749524669744691607e+01
3.749301514503375188e+01
3.749077685278710703e+01
3.748853188922668522e+01
3.748628032357817119e+01
3.748402222578648946e+01
3.748175766649299590e+01
3.747948671699226963e+01
3.747720944920540376e+01
3.747492593569430142e+01
3.747263624970027251e+01
3.747034046517096328e+01
3.746803865677271261e+01
3.746573089990970118e+01
3.746341727074214134e+01
3.746109784617917882e+01
3.745877270386399260e+01
3.745644192219491231e+01
3.745410558036900994e+01
3.745176375838281047e+01
3.744941653697942741e+01
3.744706399759471793e+01
3.744470622233273360e+01
3.744234329396448402e+01
3.743997529594040685e+01
3.743760231240376868e+01
3.743522442819143237e+01
3.743284172884146699e+01
3.743045430065431844e+01
3.742806223078419947e+01
3.742566560725838087e+01
3.742326451888545336e+01
3.742085905510421640e+01
3.741844930581301298e+01
3.741603536122449469e+01
3.741361731183327066e+01
3.741119524852100398e+01
3.740876926271994307e+01
3.740633944655404264e+01
3.740390589291774148e+01
3.740146869547585595e+01
3.739902794859822421e+01
3.739658374726802492e+01
3.739413618699792607e+01
3.739168536376470797e+01
3.738923137395565277e+01
3.738677431431872122e+01
3.738431428191773875e+01
3.738185137409723069e+01
3.737938568845507348e+01
3.737691732281517432e+01
3.737444637520111712e+01
3.737197294381859081e+01
3.736949712704557669e+01
3.736701902342745996e+01
3.736453873167601358e+01
3.736205635065959996e+01
3.735957197937395335e+01
3.735708571690999236e+01
3.735459766244890289e+01
3.735210791529332397e+01
3.734961657491210474e+01
3.734712374096273635e+01
3.734462951326303681e+01
3.734213399171811432e+01
3.733963727624728790e+01
3.733713946674804873e+01
3.733464066309311846e+01
3.733214096513630409e+01
3.732964047270470331e+01
3.732713928556850647e+01
3.732463750339909581e+01
3.732213522572913433e+01
3.731963255192038531e+01
3.731712958114719925e+01
3.731462641239940581e+01
3.731212314449208378e+01
3.730961987606457342e+01
3.730711670556490844e+01
3.730461373122935953e+01
3.730211105106783265e+01
3.729960876286190796e+01
3.729710696417851068e+01
3.729460575239131970e+01
3.729210522469539058e+01
3.728960547811009008e+01
3.728710660947517397e+01
3.728460871544204736e+01
3.728211189245816115e+01
3.727961623674460867e+01
3.727712184426982844e+01
3.727462881072133882e+01
3.727213723147453805e+01
3.726964720156060196e+01
3.726715881564206967e+01
3.726467216800894278e+01
3.726218735260497539e+01
3.725970446307344019e+01
3.725722359278240248e+01
3.725474483479163013e+01
3.725226828176093363e+01
3.724979402582841459e+01
3.724732215848864314e+01
3.724485277049424070e+01
3.724238595179642175e+01
3.723992179153325566e+01
3.723746037805980791e+01
3.723500179899094320e+01
3.723254614122171802e+01
3.723009349091562825e+01
3.722764393348118261e+01
3.722519755356399429e+01
3.722275443506622850e+01
3.722031466118156118e+01
3.721787831442529892e+01
3.721544547665082803e+01
3.721301622905536988e+01
3.721059065218377526e+01
3.720816882594107966e+01
3.720575082961869384e+01
3.720333674193223317e+01
3.720092664106918079e+01
3.719852060474325128e+01
3.719611871024395811e+01
3.719372103447152256e+01
3.719132765396302887e+01
3.718893864491954560e+01
3.718655408323711242e+01
3.718417404453873587e+01
3.718179860420048755e+01
3.717942783736788215e+01
3.717706181896152628e+01
3.717470062366913908e+01
3.717234432592097448e+01
3.716999299982825988e+01
3.716764671905144723e+01
3.716530555662756541e+01
3.716296958484626600e+01
3.716063887522329168e+01
3.715831349855572086e+01
3.715599352501133978e+01
3.715367902420143764e+01
3.715137006522433438e+01
3.714906671669919547e+01
3.714676904679594571e+01
3.714447712324175654e+01
3.714219101330419193e+01
3.713991078379768140e+01
3.713763650114749026e+01
3.713536823147998689e+01
3.713310604068850296e+01
3.713084999446220280e+01
3.712860015828960769e+01
3.712635659744262995e+01
3.712411937694793806e+01
3.712188856156318906e+01
3.711966421576392605e+01
3.711744640372467785e+01
3.711523518928733978e+01
3.711303063593151563e+01
3.711083280675557461e+01
3.710864176446350626e+01
3.710645757135569056e+01
3.710428028933136346e+01
3.710210997990658655e+01
3.709994670423520802e+01
3.709779052311417047e+01
3.709564149696352331e+01
3.709349968578789003e+01
3.709136514914768412e+01
3.708923794616435998e+01
3.708711813554423031e+01
3.708500577558566391e+01
3.708290092416680750e+01
3.708080363873913399e+01
3.707871397633073229e+01
3.707663199352326444e+01
3.707455774636558488e+01
3.707249129023870893e+01
3.707043267972557032e+01
3.706838196851877143e+01
3.706633920937120052e+01
3.706430445409532837e+01
3.706227775361607968e+01
3.706025915805287951e+01
3.705824871678616717e+01
3.705624647849167985e+01
3.705425249116407116e+01
3.705226680216093627e+01
3.705028945827408648e+01
3.704832050579305047e+01
3.704635999052277384e+01
3.704440795776329765e+01
3.704246445229335194e+01
3.704052951838117735e+01
3.703860319981287574e+01
3.703668553992562806e+01
3.703477658163701136e+01
3.703287636746158995e+01
3.703098493951783610e+01
3.702910233953980423e+01
3.702722860891032752e+01
3.702536378871749889e+01
3.702350791980921230e+01
3.702166104281264580e+01
3.701982319810305455e+01
3.701799442573165777e+01
3.701617476535053441e+01
3.701436425617460202e+01
3.701256293697956323e+01
3.701077084610474799e+01
3.700898802144126876e+01
3.700721450040661153e+01
3.700545031992010081e+01
3.700369551640567778e+01
3.700195012584435261e+01
3.700021418387040484e+01
3.699848772587839107e+01
3.699677078711053468e+01
3.699506340271498317e+01
3.699336560777966554e+01
3.699167743735341674e+01
3.698999892646423859e+01
3.698833011013653049e+01
3.698667102340638735e+01
3.698502170133781419e+01
3.698338217903896918e+01
3.698175249165596057e+01
3.698013267431206685e+01
3.697852276200219279e+01
3.697692278950768241e+01
3.697533279137645223e+01
3.697375280194201252e+01
3.697218285534059845e+01
3.697062298552043558e+01
3.696907322624905134e+01
3.696753361110985026e+01
3.696600417346265743e+01
3.696448494634287840e+01
3.696297596231578098e+01
3.696147725335907097e+01
3.695998885084869556e+01
3.695851078564978565e+01
3.695704308824176820e+01
3.695558578883068179e+01
3.695413891746449764e+01
3.695270250414743174e+01
3.695127657891130468e+01
3.694986117183048435e+01
3.694845631300267286e+01
3.694706203252088983e+01
3.694567836044939924e+01
3.694430532679858459e+01
3.694294296149203660e+01
3.694159129433461430e+01
3.694025035499314669e+01
3.693892017298777120e+01
3.693760077768823891e+01
3.693629219831595378e+01
3.693499446394799435e+01
3.693370760351037063e+01
3.693243164576349358e+01
3.693116661930028499e+01
3.692991255255207506e+01
3.692866947376911924e+01
3.692743741096901289e+01
3.692621639188890015e+01
3.692500644398256071e+01
3.692380759446808725e+01
3.692261987039210425e+01
3.692144329867840469e+01
3.692027790616194238e+01
3.691912371961795003e+01
3.691798076578417920e+01
3.691684907137931049e+01
3.691572866312611723e+01
3.691461956777663289e+01
3.691352181212460692e+01
3.691243542298775537e+01
3.691136042715587706e+01
3.691029685132635052e+01
3.690924472204925877e+01
3.690820406568719392e+01
3.690717490838669335e+01
3.690615727604771479e+01
3.690515119427652735e+01
3.690415668834054941e+01
3.690317378315238273e+01
3.690220250324993145e+01
3.690124287270539583e+01
3.690029491496508740e+01
3.689935865269212201e+01
3.689843410765590903e+01
3.689752130064007929e+01
3.689662025132799528e+01
3.689573097819510394e+01
3.689485349848012419e+01
3.689398782825073653e+01
3.689313398251694309e+01
3.689229197534252336e+01
3.689146181992816764e+01
3.689064352866151353e+01
3.688983711314180880e+01
3.688904258419483995e+01
3.688825995189265683e+01
3.688748922557628873e+01
3.688673041386860518e+01
3.688598352467264618e+01
3.688524856516009720e+01
3.688452554176468823e+01
3.688381446019697307e+01
3.688311532547466243e+01
3.688242814194810393e+01
3.688175291331888417e+01
3.688108964266138656e+01
3.688043833244330472e+01
3.687979898453348682e+01
3.687917160018933771e+01
3.687855618002370051e+01
3.687795272396884627e+01
3.687736123126375531e+01
3.687678170047166049e+01
3.687621412950918653e+01
3.687565851566770903e+01
3.687511485562789204e+01
3.687458314548101157e+01
3.687406338076291235e+01
3.687355555649673278e+01
3.687305966723852180e+01
3.687257570711891219e+01
3.687210366987219601e+01
3.687164354884968986e+01
3.687119533703026519e+01
3.687075902703855235e+01
3.687033461116418920e+01
3.686992208137900917e+01
3.686952142935235344e+01
3.686913264644780952e+01
3.686875572369851284e+01
3.686839065178337904e+01
3.686803742101894699e+01
3.686769602138038948e+01
3.686736644254981599e+01
3.686704867394600171e+01
3.686674270471419135e+01
3.686644852371200898e+01
3.686616611950989153e+01
3.686589548038379149e+01
3.686563659428736628e+01
3.686538944883093194e+01
3.686515403131600266e+01
3.686493032882721366e+01
3.686471832829700901e+01
3.686451801645335280e+01
3.686432937966326762e+01
3.686415240376069846e+01
3.686398707391627738e+01
3.686383337455287545e+01
3.686369128930881800e+01
3.686356080105372968e+01
3.686344189192772092e+01
3.686333454335814253e+01
3.686323873604710855e+01
3.686315444995119606e+01
3.686308166426604060e+01
3.686302035742643568e+01
3.686297050713080381e+01
3.686293209038710472e+01
3.686290508356839268e+01
3.686288946245772280e+01
3.686288520227154919e+01
3.686289227767533561e+01
3.686291066279916606e+01
3.686294033123770930e+01
3.686298125602099418e+01
3.686303340956757779e+01
3.686309676365722510e+01
3.686317128945225363e+01
3.686325695756171683e+01
3.686335373812410410e+01
3.686346160087148149e+01
3.686358051512740275e+01
3.686371044972881350e+01
3.686385137291873093e+01
3.686400325225052654e+01
3.686416605450495609e+01
3.686433974561588656e+01
3.686452429061935732e+01
3.686471965365919345e+01
3.686492579807240588e+01
3.686514268651360737e+01
3.686537028104230984e+01
3.686560854314797808e+01
3.686585743373500890e+01
3.686611691310192640e+01
3.686638694095074698e+01
3.686666747643231901e+01
3.686695847820048044e+01
3.686725990445936674e+01
3.686757171301845659e+01
3.686789386137294855e+01
3.686822630678317125e+01
3.686856900629257439e+01
3.686892191666779439e+01
3.686928499430268147e+01
3.686965819513002174e+01
3.687004147456357828e+01
3.687043478747113312e+01
3.687083808816421282e+01
3.687125133039155855e+01
3.687167446732885168e+01
3.687210745156238545e+01
3.687255023507483997e+01
3.687300276923677700e+01
3.687346500479719680e+01
3.687393689187211265e+01
3.687441837993799965e+01
3.687490941782519371e+01
3.687540995370156338e+01
3.687591993506202215e+01
3.687643930876861731e+01
3.687696802116862216e+01
3.687750601824663477e+01
3.687805324573383103e+01
3.687860964915290651e+01
3.687917517383283439e+01
3.687974976491575063e+01
3.688033336732104317e+01
3.688092592560902716e+01
3.688152738377451811e+01
3.688213768508905588e+01
3.688275677205810865e+01
3.688338458645711881e+01
3.688402106939776814e+01
3.688466616142244447e+01
3.688531980263280019e+01
3.688598193283878857e+01
3.688665249171834404e+01
3.688733141896638301e+01
3.688801865439601357e+01
3.688871413798425181e+01
3.688941780987289576e+01
3.689012961032653948e+01
3.689084947967398875e+01
3.689157735827891571e+01
3.689231318654358915e+01
3.689305690491359258e+01
3.689380845386987318e+01
3.689456777391394127e+01
3.689533480554428735e+01
3.689610948922205580e+01
3.689689176534261605e+01
3.689768157423822714e+01
3.689847885622359058e+01
3.689928355166475171e+01
3.690009560102166830e+01
3.690091494483139201e+01
3.690174152366200389e+01
3.690257527809379212e+01
3.690341614874424891e+01
3.690426407630867800e+01
3.690511900158031722e+01
3.690598086544704870e+01
3.690684960889689847e+01
3.690772517305175882e+01
3.690860749921375827e+01
3.690949652890678578e+01
3.691039220391793663e+01
3.691129446634096922e+01
3.691220325859046625e+01
3.691311852335368116e+01
3.691404020350146453e+01
3.691496824200500271e+01
3.691590258186229789e+01
3.691684316602659521e+01
3.691778993738445536e+01
3.691874283883905150e+01
3.691970181345383395e+01
3.692066680455622674e+01
3.692163775579167861e+01
3.692261461118545895e+01
3.692359731522883237e+01
3.692458581297202613e+01
3.692558005010157274e+01
3.692657997297482808e+01
3.692758552860870225e+01
3.692859666465663082e+01
3.692961332940994623e+01
3.693063547183626127e+01
3.693166304163631253e+01
3.693269598928522157e+01
3.693373426605622001e+01
3.693477782405510368e+01
3.693582661627021224e+01
3.693688059660199485e+01
3.693793971984092650e+01
3.693900394163173928e+01
3.694007321849419156e+01
3.694114750790131296e+01
3.694222676836730557e+01
3.694331095951898192e+01
3.694440004213591777e+01
3.694549397815757175e+01
3.694659273069616745e+01
3.694769626410123919e+01
3.694880454405825532e+01
3.694991753765410891e+01
3.695103521338318586e+01
3.695215754112616224e+01
3.695328449213264577e+01
3.695441603901067396e+01
3.695555215572592545e+01
3.695669281763797898e+01
3.695783800156863208e+01
3.695898768583813165e+01
3.696014185024391452e+01
3.696130047602569846e+01
3.696246354584224036e+01
3.696363104374518826e+01
3.696480295514315628e+01
3.696597926676486168e+01
3.696715996662515380e+01
3.696834504399198806e+01
3.696953448935439468e+01
3.697072829439433406e+01
3.697192645196341942e+01
3.697312895605961103e+01
3.697433580179906443e+01
3.697554698538306894e+01
3.697676250406111365e+01
3.697798235609099038e+01
3.697920654069797308e+01
3.698043505803390474e+01
3.698166790913538193e+01
3.698290509587508268e+01
3.698414662089359695e+01
3.698539248750786612e+01
3.698664269961771822e+01
3.698789726163667524e+01
3.698915617845204196e+01
3.699041945540540155e+01
3.699168709828579438e+01
3.699295911332871611e+01
3.699423550721121501e+01
3.699551628703434147e+01
3.699680146029191263e+01
3.699809103483637784e+01
3.699938501886222042e+01
3.700068342091366702e+01
3.700198624988074414e+01
3.700329351493100205e+01
3.700460522538473640e+01
3.700592139060581331e+01
3.700724201995384277e+01
3.700856712278018534e+01
3.700989670843464552e+01
3.701123078626729068e+01
3.701256936562155886e+01
3.701391245581654488e+01
3.701526006612154873e+01
3.701661220573451772e+01
3.701796888377700867e+01
3.701933010930668644e+01
3.702069589133080285e+01
3.702206623880115188e+01
3.702344116058953460e+01
3.702482066545542949e+01
3.702620476200976185e+01
3.702759345866695639e+01
3.702898676358434926e+01
3.703038468461618749e+01
3.703178722931824751e+01
3.703319440499635817e+01
3.703460621874118175e+01
3.703602267738903464e+01
3.703744378739986587e+01
3.703886955471867282e+01
3.704029998469925289e+01
3.704173508209323273e+01
3.704317485105657681e+01
3.704461929515028373e+01
3.704606841733912148e+01
3.704752221999522988e+01
3.704898070491338302e+01
3.705044387334183398e+01
3.705191172602000194e+01
3.705338426320540179e+01
3.705486148468108354e+01
3.705634338974751785e+01
3.705782997720956473e+01
3.705932124536930417e+01
3.706081719202273916e+01
3.706231781445551121e+01
3.706382310944547243e+01
3.706533307326323268e+01
3.706684770163963094e+01
3.706836698970493416e+01
3.706989093194264484e+01
3.707141952217642000e+01
3.707295275357645892e+01
3.707449061867367845e+01
3.707603310938849717e+01
3.707758021709273777e+01
3.707913193270362484e+01
3.708068824677786779e+01
3.708224914957639839e+01
3.708381463109316201e+01
3.708538468104584496e+01
3.708695928882276149e+01
3.708853844339277828e+01
3.709012213320639262e+01
3.709171034611438955e+01
3.709330306931568089e+01
3.709490028934605022e+01
3.709650199210397403e+01
3.709810816287729551e+01
3.709971878634560483e+01
3.710133384657582667e+01
3.710295332703429239e+01
3.710457721060761571e+01
3.710620547961183036e+01
3.710783811577821467e+01
3.710947510021563289e+01
3.711111641337978284e+01
3.711276203508720073e+01
3.711441194456234882e+01
3.711606612047795295e+01
3.711772454097968676e+01
3.711938718370306844e+01
3.712105402575822666e+01
3.712272504365618886e+01
3.712440021321278039e+01
3.712607950948270741e+01
3.712776290671794754e+01
3.712945037832621864e+01
3.713114189684396393e+01
3.713283743395126635e+01
3.713453696052279440e+01
3.713624044668164714e+01
3.713794786183178331e+01
3.713965917466316569e+01
3.714137435314226821e+01
3.714309336452302546e+01
3.714481617538609726e+01
3.714654275164685515e+01
3.714827305848845640e+01
3.715000706026461330e+01
3.715174472043556619e+01
3.715348600154587189e+01
3.715523086523047880e+01
3.715697927225194519e+01
3.715873118256981655e+01
3.716048655543237089e+01
3.716224534947714631e+01
3.716400752281490583e+01
3.716577303307657587e+01
3.716754183741633710e+01
3.716931389247768891e+01
3.717108915437321315e+01
3.717286757872948755e+01
3.717464912077102923e+01
3.717643373537988793e+01
3.717822137710160035e+01
3.718001200010250074e+01
3.718180555809675525e+01
3.718360200426863571e+01
3.718540129123069704e+01
3.718720337105025209e+01
3.718900819532443336e+01
3.719081571525732244e+01
3.719262588170580841e+01
3.719443864517968734e+01
3.719625395580379035e+01
3.719807176327036302e+01
3.719989201681671886e+01
3.720171466525066961e+01
3.720353965701492172e+01
3.720536694025434343e+01
3.720719646284624815e+01
3.720902817237612226e+01
3.721086201610555122e+01
3.721269794103656636e+01
3.721453589408218932e+01
3.721637582218825457e+01
3.721821767229156563e+01
3.722006139118262524e+01
3.722190692538682555e+01
3.722375422110898313e+01
3.722560322427429469e+01
3.722745388067839656e+01
3.722930613618805751e+01
3.723115993694190706e+01
3.723301522954236731e+01
3.723487196121246257e+01
3.723673007988944050e+01
3.723858953426662310e+01
3.724045027381296791e+01
3.724231224878765545e+01
3.724417541025673017e+01
3.724603971010766656e+01
3.724790510103969154e+01
3.724977153651506967e+01
3.725163897070362395e+01
3.725350735845253070e+01
3.725537665525904885e+01
3.725724681722380183e+01
3.725911780100885551e+01
3.726098956384460337e+01
3.726286206360765618e+01
3.726473525894360250e+01
3.726660910938390003e+01
3.726848357542965573e+01
3.727035861859739896e+01
3.727223420142103549e+01
3.727411028740899468e+01
3.727598684098772708e+01
3.727786382748221428e+01
3.727974121314129974e+01
3.728161896516787976e+01
3.728349705172961848e+01
3.728537544195503983e+01
3.728725410591307821e+01
3.728913301456241669e+01
3.729101213966769990e+01
3.729289145369628500e+01
3.729477092971300323e+01
3.729665054128474821e+01
3.729853026239858593e+01
3.730041006739162412e+01
3.730228993089162515e+01
3.730416982777214230e+01
3.730604973312038197e+01
3.730792962220507292e+01
3.730980947044233886e+01
3.731168925337425435e+01
3.731356894666593149e+01
3.731544852611525442e+01
3.731732796767040838e+01
3.731920724744739459e+01
3.732108634174560535e+01
3.732296522707316910e+01
3.732484388018099963e+01
3.732672227808524212e+01
3.732860039806721630e+01
3.733047821765688212e+01
3.733235571460751601e+01
3.733423286686451803e+01
3.733610965252253777e+01
3.733798604975926594e+01
3.733986203675357984e+01
3.734173759161637918e+01
3.734361269232726244e+01
3.734548731663813470e+01
3.734736144195626650e+01
3.734923504527417037e+01
3.735110810318519015e+01
3.735298059196047404e+01
3.735485248763467325e+01
3.735672376606831335e+01
3.735859440298771972e+01
3.736046437401618192e+01
3.736233365471100143e+01
3.736420222061804708e+01
3.736607004733604498e+01
3.736793711056627387e+01
3.736980338613790309e+01
3.737166885001774119e+01
3.737353347831220418e+01
3.737539724725952794e+01
3.737726013319569773e+01
3.737912211248044514e+01
3.738098316140080613e+01
3.738284325608348269e+01
3.738470237242864158e+01
3.738656048606997473e+01
3.738841757237180730e+01
3.739027360645642517e+01
3.739212856322255618e+01
3.739398241731332462e+01
3.739583514303730993e+01
3.739768671430726243e+01
3.739953710465861292e+01
3.740138628732942294e+01
3.740323423531103231e+01
3.740508092130528439e+01
3.740692631762905762e+01
3.740877039616076161e+01
3.741061312836280450e+01
3.741245448533906881e+01
3.741429443788175746e+01
3.741613295649577964e+01
3.741797001140562884e+01
3.741980557254181150e+01
3.742163960950387036e+01
3.742347209151273546e+01
3.742530298736986794e+01
3.742713226543297367e+01
3.742895989361312559e+01
3.743078583939046666e+01
3.743261006983080108e+01
3.743443255157304606e+01
3.743625325076693144e+01
3.743807213299420766e+01
3.743988916325020710e+01
3.744170430602186883e+01
3.744351752542029743e+01
3.744532878530067421e+01
3.744713804933639523e+01
3.744894528105519527e+01
3.745075044385095708e+01
3.745255350097891522e+01
3.745435441555386546e+01
3.745615315057069239e+01
3.745794966893080868e+01
3.745974393343641395e+01
3.746153590675752554e+01
3.746332555142230802e+01
3.746511282985623126e+01
3.746689770444060485e+01
3.746868013755170068e+01
3.747046009157062230e+01
3.747223752889124171e+01
3.747401241197296429e+01
3.747578470343925261e+01
3.747755436615474878e+01
3.747932136322832974e+01
3.748108565796070479e+01
3.748284721378318096e+01
3.748460599420430839e+01
3.748636196274473065e+01
3.748811508282343397e+01
3.748986531758260554e+01
3.749161262974653397e+01
3.749335698165009489e+01
3.749509833540258796e+01
3.749683665303792424e+01
3.749857189661229029e+01
3.750030402829492004e+01
3.750203301044626159e+01
3.750375880563960607e+01
3.750548137660580750e+01
3.750720068610493740e+01
3.750891669675605300e+01
3.751062937092248717e+01
3.751233867077151984e+01
3.751404455849185382e+01
3.751574699649551548e+01
3.751744594746293870e+01
3.751914137426139462e+01
3.752083323987220354e+01
3.752252150740369530e+01
3.752420614017232481e+01
3.752588710182279641e+01
3.752756435643939170e+01
3.752923786858624311e+01
3.753090760330272246e+01
3.753257352612133246e+01
3.753423560307481921e+01
3.753589380063611713e+01
3.753754808565729917e+01
3.753919842539914953e+01
3.754084478762404586e+01
3.754248714067911408e+01
3.754412545351799935e+01
3.754575969561356885e+01
3.754738983679851572e+01
3.754901584715472040e+01
3.755063769698922727e+01
3.755225535684051863e+01
3.755386879750228246e+01
3.755547799008808596e+01
3.755708290610974132e+01
3.755868351752054934e+01
3.756027979671280548e+01
3.756187171652214118e+01
3.756345925032242405e+01
3.756504237219473197e+01
3.756662105705443366e+01
3.756819528069352998e+01
3.756976501978597582e+01
3.757133025188816333e+01
3.757289095543843871e+01
3.757444710975558877e+01
3.757599869502767831e+01
3.757754569228039543e+01
3.757908808332884121e+01
3.758062585072642747e+01
3.758215897772446823e+01
3.758368744825519769e+01
3.758521124693420745e+01
3.758673035905711401e+01
3.758824477056797519e+01
3.758975446799164644e+01
3.759125943832425776e+01
3.759275966887404508e+01
3.759425514708851779e+01
3.759574586044499256e+01
3.759723179641902391e+01
3.759871294247916040e+01
3.760018928607198063e+01
3.760166081457300180e+01
3.760312751518796404e+01
3.760458937484143149e+01
3.760604638010337908e+01
3.760749851714309955e+01
3.760894577167822916e+01
3.761038812893739447e+01
3.761182557366871038e+01
3.761325809017645838e+01
3.761468566234808719e+01
3.761610827366172316e+01
3.761752590717323130e+01
3.761893854547989235e+01
3.762034617068410114e+01
3.762174876438045601e+01
3.762314630765258983e+01
3.762453878106319394e+01
3.762592616464404216e+01
3.762730843791427304e+01
3.762868557995812324e+01
3.763005756953476322e+01
3.763142438513755650e+01
3.763278600497338999e+01
3.763414240693423096e+01
3.763549356862912987e+01
3.763683946745221220e+01
3.763818008063029197e+01
3.763951538523144791e+01
3.764084535814833288e+01
3.764216997607565673e+01
3.764348921548373283e+01
3.764480305258429382e+01
3.764611146330307179e+01
3.764741442327682819e+01
3.764871190787368249e+01
3.765000389222031174e+01
3.765129035121746881e+01
3.765257125952918926e+01
3.765384659153015434e+01
3.765511632120724528e+01
3.765638042204747649e+01
3.765763886697465068e+01
3.765889162837953563e+01
3.766013867823188122e+01
3.766137998822846100e+01
3.766261552992071415e+01
3.766384527476050437e+01
3.766506919405438225e+01
3.766628725890225127e+01
3.766749944020032359e+01
3.766870570869474477e+01
3.766990603501670876e+01
3.767110038968060337e+01
3.767228874308991493e+01
3.767347106559576986e+01
3.767464732759443535e+01
3.767581749960827864e+01
3.767698155233166801e+01
3.767813945666031827e+01
3.767929118368946462e+01
3.768043670463413974e+01
3.768157599068127439e+01
3.768270901287099406e+01
3.768383574208512243e+01
3.768495614912139047e+01
3.768607020478421532e+01
3.768717787994140878e+01
3.768827914554191238e+01
3.768937397263550082e+01
3.769046233242465860e+01
3.769154419632130981e+01
3.769261953596459591e+01
3.769368832320362372e+01
3.769475053009285404e+01
3.769580612891282811e+01
3.769685509217146802e+01
3.769789739256633254e+01
3.769893300291779781e+01
3.769996189607578430e+01
3.770098404486463295e+01
3.770199942214477318e+01
3.770300800094072002e+01
3.770400975452128023e+01
3.770500465639899090e+01
3.770599268030125728e+01
3.770697380017173828e+01
3.770794799019120802e+01
3.770891522475556457e+01
3.770987547839054344e+01
3.771082872566741173e+01
3.771177494121025120e+01
3.771271409981912370e+01
3.771364617663227392e+01
3.771457114722304738e+01
3.771548898761790980e+01
3.771639967430474627e+01
3.771730318426456563e+01
3.771819949499733582e+01
3.771908858452449209e+01
3.771997043137780281e+01
3.772084501458139982e+01
3.772171231363871158e+01
3.772257230853696797e+01
3.772342497976143250e+01
3.772427030830768757e+01
3.772510827566470937e+01
3.772593886369084970e+01
3.772676205434071761e+01
3.772757782933953763e+01
3.772838616994221184e+01
3.772918705682005225e+01
3.772998047007411060e+01
3.773076638940148797e+01
3.773154479440288611e+01
3.773231566494276024e+01
3.773307898143939099e+01
3.773383472500394475e+01
3.773458287747823192e+01
3.773532342147056085e+01
3.773605634038477064e+01
3.773678161836939182e+01
3.773749924016258461e+01
3.773820919090885440e+01
3.773891145605079345e+01
3.773960602130850361e+01
3.774029287272523447e+01
3.774097199680366543e+01
3.774164338071911828e+01
3.774230701253673459e+01
3.774296288136039124e+01
3.774361097735312853e+01
3.774425129164261961e+01
3.774488381621103628e+01
3.774550854382589193e+01
3.774612546798252311e+01
3.774673458283302097e+01
3.774733588311995192e+01
3.774792936413165023e+01
3.774851502167879147e+01
3.774909285210035392e+01
3.774966285230357954e+01
3.775022501981664647e+01
3.775077935281217378e+01
3.775132585007805375e+01
3.775186451096497109e+01
3.775239533536315406e+01
3.775291832372200673e+01
3.775343347707457298e+01
3.775394079702797967e+01
3.775444028571878619e+01
3.775493194575766154e+01
3.775541578018766842e+01
3.775589179245429250e+01
3.775635998636182222e+01
3.775682036601999414e+01
3.775727293581113742e+01
3.775771770037774644e+01
3.775815466462374559e+01
3.775858383375373251e+01
3.775900521335702820e+01
3.775941880950148999e+01
3.775982462880985224e+01
3.776022267850286340e+01
3.776061296637919895e+01
3.776099550072522248e+01
3.776137029018579483e+01
3.776173734362534162e+01
3.776209667001526071e+01
3.776244827841777862e+01
3.776279217811881495e+01
3.776312837884661633e+01
3.776345689092514135e+01
3.776377772528812926e+01
3.776409089341527903e+01
3.776439640728402480e+01
3.776469427935930412e+01
3.776498452255898286e+01
3.776526715012869317e+01
3.776554217546024006e+01
3.776580961196254549e+01
3.776606947302418860e+01
3.776632177200621499e+01
3.776656652222025912e+01
3.776680373692818904e+01
3.776703342944105657e+01
3.776725561335641146e+01
3.776747030285407192e+01
3.776767751289743558e+01
3.776787725928962658e+01
3.776806955866634752e+01
3.776825442847707848e+01
3.776843188692729569e+01
3.776860195288078614e+01
3.776876464575803283e+01
3.776891998543174367e+01
3.776906799209313448e+01
3.776920868609390425e+01
3.776934208781545266e+01
3.776946821761314510e+01
3.776958709582778795e+01
3.776969874279809858e+01
3.776980317881668725e+01
3.776990042409970272e+01
3.776999049889474946e+01
3.777007342368534637e+01
3.777014921934075886e+01
3.777021790716852223e+01
3.777027950892011177e+01
3.777033404677430894e+01
3.777038154330104192e+01
3.777042202143112348e+01
3.777045550445032518e+01
3.777048201599833988e+01
3.777050158003756053e+01
3.777051422075953013e+01
3.777051996244656351e+01
3.777051882939773719e+01
3.777051084598922159e+01
3.777049603679999734e+01
3.777047442673747923e+01
3.777044604117880766e+01
3.777041090612481611e+01
3.777036904831886233e+01
3.777032049528978774e+01
3.777026527530616562e+01
3.777020341726048258e+01
3.777013495052506187e+01
3.777005990482160058e+01
3.776997831013461848e+01
3.776989019669010617e+01
3.776979559499269357e+01
3.776969453586767855e+01
3.776958705044653186e+01
3.776947317008136196e+01
3.776935292621551099e+01
3.776922635023763775e+01
3.776909347333770484e+01
3.776895432639128813e+01
3.776880893990911403e+01
3.776865734407526531e+01
3.776849956883997095e+01
3.776833564402110710e+01
3.776816559945060447e+01
3.776798946519480893e+01
3.776780727175059127e+01
3.776761905009232123e+01
3.776742483156113650e+01
3.776722464769670040e+01
3.776701853010213483e+01
3.776680651032937419e+01
3.776658861973140091e+01
3.776636488929505475e+01
3.776613534951082585e+01
3.776590003029625109e+01
3.776565896094272290e+01
3.776541217004373152e+01
3.776515968540466872e+01
3.776490153403543815e+01
3.776463774232128401e+01
3.776436833628037704e+01
3.776409334173565924e+01
3.776381278435909650e+01
3.776352668964873516e+01
3.776323508289796393e+01
3.776293798916480426e+01
3.776263543322558291e+01
3.776232743958125582e+01
3.776201403259035061e+01
3.776169523665356564e+01
3.776137107634573908e+01
3.776104157650109272e+01
3.776070676229170431e+01
3.776036665930590175e+01
3.776002129358388260e+01
3.775967069152277844e+01
3.775931487963755018e+01
3.775895388429950827e+01
3.775858773155471937e+01
3.775821644699109214e+01
3.775784005560260681e+01
3.775745858168271241e+01
3.775707204878985834e+01
3.775668047977146813e+01
3.775628389681812536e+01
3.775588232153917545e+01
3.775547577506561936e+01
3.775506427817641963e+01
3.775464785142771262e+01
3.775422651529857632e+01
3.775380029037481222e+01
3.775336919752203357e+01
3.775293325798568134e+01
3.775249249340726720e+01
3.775204692575591991e+01
3.775159657717611594e+01
3.775114146980816798e+01
3.775068162567495023e+01
3.775021706666801435e+01
3.774974781456973716e+01
3.774927389103356745e+01
3.774879531753413175e+01
3.774831211536599795e+01
3.774782430570578384e+01
3.774733190966458807e+01
3.774683494828769881e+01
3.774633344253791023e+01
3.774582741330306135e+01
3.774531688142897679e+01
3.774480186776411017e+01
3.774428239320121037e+01
3.774375847869276868e+01
3.774323014521771569e+01
3.774269741371016806e+01
3.774216030498719476e+01
3.774161883968632480e+01
3.774107303820013470e+01
3.774052292060990510e+01
3.773996850662702940e+01
3.773940981554224550e+01
3.773884686617780915e+01
3.773827967683867257e+01
3.773770826526759237e+01
3.773713264861676464e+01
3.773655284343997351e+01
3.773596886569445275e+01
3.773538073074373500e+01
3.773478845336050824e+01
3.773419204772365276e+01
3.773359152739967470e+01
3.773298690530172195e+01
3.773237819362237389e+01
3.773176540375565935e+01
3.773114854624054715e+01
3.773052763072679738e+01
3.772990266592920250e+01
3.772927365955744961e+01
3.772864061825081450e+01
3.772800354756653718e+01
3.772736245205770444e+01
3.772671733541163519e+01
3.772606820055898424e+01
3.772541504968837245e+01
3.772475788416560505e+01
3.772409670440900697e+01
3.772343150979110504e+01
3.772276229859384955e+01
3.772208906799994566e+01
3.772141181410653843e+01
3.772073053196521641e+01
3.772004521565518331e+01
3.771935585837388061e+01
3.771866245250047456e+01
3.771796498959883337e+01
3.771726346037574018e+01
3.771655785463719468e+01
3.771584816126318884e+01
3.771513436818738541e+01
3.771441646236509371e+01
3.771369442973738728e+01
3.771296825522052387e+01
3.771223792273530506e+01
3.771150341525011385e+01
3.771076471480444070e+01
3.771002180250615510e+01
3.770927465850536464e+01
3.770852326195758764e+01
3.770776759101224940e+01
3.770700762286158891e+01
3.770624333384702709e+01
3.770547469956851216e+01
3.770470169492853074e+01
3.770392429409923807e+01
3.770314247046910339e+01
3.770235619662366133e+01
3.770156544436036228e+01
3.770077018472196784e+01
3.769997038805719569e+01
3.769916602410669526e+01
3.769835706208902337e+01
3.769754347077014245e+01
3.769672521851333613e+01
3.769590227332042787e+01
3.769507460289052858e+01
3.769424217471679839e+01
3.769340495619584175e+01
3.769256291467382880e+01
3.769171601738154465e+01
3.769086423131297892e+01
3.769000752316038927e+01
3.768914585933805483e+01
3.768827920601768255e+01
3.768740752913075198e+01
3.768653079435815556e+01
3.768564896710233825e+01
3.768476201242631873e+01
3.768386989497714978e+01
3.768297257891325103e+01
3.768207002785126036e+01
3.768116220485573820e+01
3.768024907246493882e+01
3.767933059270877294e+01
3.767840672709659344e+01
3.767747743660400062e+01
3.767654268170354470e+01
3.767560242243725810e+01
3.767465661849116998e+01
3.767370522927081566e+01
3.767274821399620066e+01
3.767178553180266221e+01
3.767081714187484209e+01
3.766984300367611382e+01
3.766886307721116367e+01
3.766787732316971926e+01
3.766688570291736227e+01
3.766588817841914505e+01
3.766488471216901956e+01
3.766387526715541867e+01
3.766285980686372170e+01
3.766183829528468863e+01
3.766081069689459326e+01
3.765977697660616741e+01
3.765873709971469907e+01
3.765769103185674993e+01
3.765663873898744640e+01
3.765558018740254909e+01
3.765451534383753085e+01
3.765344417562602075e+01
3.765236665086027301e+01
3.765128273850289276e+01
3.765019240842358528e+01
3.764909563135993409e+01
3.764799237882462535e+01
3.764688262300095545e+01
3.764576633668126959e+01
3.764464349328909520e+01
3.764351406697152669e+01
3.764237803269737981e+01
3.764123536630961553e+01
3.764008604452613582e+01
3.763893004489090544e+01
3.763776734565983162e+01
3.763659792562334161e+01
3.763542176393477234e+01
3.763423884004599529e+01
3.763304913375207406e+01
3.763185262525448849e+01
3.763064929521267743e+01
3.762943912480823627e+01
3.762822209582181188e+01
3.762699819071777085e+01
3.762576739271916182e+01
3.762452968584468493e+01
3.762328505490866348e+01
3.762203348548109716e+01
3.762077496379120589e+01
3.761950947660956501e+01
3.761823701117605623e+01
3.761695755518231721e+01
3.761567109676208531e+01
3.761437762446295352e+01
3.761307712722110352e+01
3.761176959437018041e+01
3.761045501568320759e+01
3.760913338142241003e+01
3.760780468238307606e+01
3.760646890993172775e+01
3.760512605603737768e+01
3.760377611330772396e+01
3.760241907505064063e+01
3.760105493535326104e+01
3.759968368915713910e+01
3.759830533234024585e+01
3.759691986181262990e+01
3.759552727557408502e+01
3.759412757268513872e+01
3.759272075317959150e+01
3.759130681796933260e+01
3.758988576875785270e+01
3.758845760797522217e+01
3.758702233874917908e+01
3.758557996491023090e+01
3.758413049103775450e+01
3.758267392257229744e+01
3.758121026597761727e+01
3.757973952887736857e+01
3.757826172011483123e+01
3.757677684973867116e+01
3.757528492893802508e+01
3.757378596995033604e+01
3.757227998594871110e+01
3.757076699094100292e+01
3.756924699976341486e+01
3.756772002817635325e+01
3.756618609295447442e+01
3.756464521190952155e+01
3.756309740387612806e+01
3.756154268866946211e+01
3.755998108699993310e+01
3.755841262037626649e+01
3.755683731104070233e+01
3.755525518193544343e+01
3.755366625667780056e+01
3.755207055953832906e+01
3.755046811542671037e+01
3.754885894987966566e+01
3.754724308903225705e+01
3.754562055956974831e+01
3.754399138869311514e+01
3.754235560413228967e+01
3.754071323420225070e+01
3.753906430788158843e+01
3.753740885490174151e+01
3.753574690581873341e+01
3.753407849203424007e+01
3.753240364578164190e+01
3.753072240011888283e+01
3.752903478893790634e+01
3.752734084699159212e+01
3.752564060995974415e+01
3.752393411454522010e+01
3.752222139854478655e+01
3.752050250085469685e+01
3.751877746140905145e+01
3.751704632107436765e+01
3.751530912154996855e+01
3.751356590530836144e+01
3.751181671556288677e+01
3.751006159627040404e+01
3.750830059221195256e+01
3.750653374910752547e+01
3.750476111363244769e+01
3.750298273328859722e+01
3.750119865622214377e+01
3.749940893109378948e+01
3.749761360701923962e+01
3.749581273353008015e+01
3.749400636053567837e+01
3.749219453833183024e+01
3.749037731769808346e+01
3.748855475004371129e+01
3.748672688751091897e+01
3.748489378299034058e+01
3.748305549006737181e+01
3.748121206294223384e+01
3.747936355635979311e+01
3.747751002555883559e+01
3.747565152625647755e+01
3.747378811469385340e+01
3.747191984771311724e+01
3.747004678279048306e+01
3.746816897800898971e+01
3.746628649201754513e+01
3.746439938399198866e+01
3.746250771358737808e+01
3.746061154092531353e+01
3.745871092666996560e+01
3.745680593214110843e+01
3.745489661935796732e+01
3.745298305102469527e+01
3.745106529056643296e+01
3.744914340222582183e+01
3.744721745113125877e+01
3.744528750332521128e+01
3.744335362580911664e+01
3.744141588660676945e+01
3.743947435480240671e+01
3.743752910053301264e+01
3.743558019494654587e+01
3.743362771014554369e+01
3.743167171912684665e+01
3.742971229571840297e+01
3.742774951451607279e+01
3.742578345082627322e+01
3.742381418060574561e+01
3.742184178037985731e+01
3.741986632714146310e+01
3.741788789825459105e+01
3.741590657138351617e+01
3.741392242444321425e+01
3.741193553554792572e+01
3.740994598294994233e+01
3.740795384498427012e+01
3.740595920002203911e+01
3.740396212642392726e+01
3.740196270249652599e+01
3.739996100644381016e+01
3.739795711629331265e+01
3.739595110981059634e+01
3.739394306443808347e+01
3.739193305726310967e+01
3.738992116500060803e+01
3.738790746399040188e+01
3.738589203021103913e+01
3.738387493929754868e+01
3.738185626654652083e+01
3.737983608690270643e+01
3.737781447493685505e+01
3.737579150483418999e+01
3.737376725040540748e+01
3.737174178510443312e+01
3.736971518202277309e+01
3.736768751385569232e+01
3.736565885285668287e+01
3.736362927078211982e+01
3.736159883881849453e+01
3.735956762750371496e+01
3.735753570668842372e+01
3.735550314558101803e+01
3.735347001285213508e+01
3.735143637672647543e+01
3.734940230502102310e+01
3.734736786513845885e+01
3.734533312404992245e+01
3.734329814830105931e+01
3.734126300405222310e+01
3.733922775713230635e+01
3.733719247307307398e+01
3.733515721711234647e+01
3.733312205417962559e+01
3.733108704887688845e+01
3.732905226546809274e+01
3.732701776789501480e+01
3.732498361981062374e+01
3.732294988459784690e+01
3.732091662535812304e+01
3.731888390489021390e+01
3.731685178569435379e+01
3.731482032999878129e+01
3.731278959976391008e+01
3.731075965665039007e+01
3.730873056199698112e+01
3.730670237684316959e+01
3.730467516197716549e+01
3.730264897797605528e+01
3.730062388522553363e+01
3.729859994392598566e+01
3.729657721409855498e+01
3.729455575558635871e+01
3.729253562803427258e+01
3.729051689086283972e+01
3.728849960327433877e+01
3.728648382428712438e+01
3.728446961275530214e+01
3.728245702736313660e+01
3.728044612662815638e+01
3.727843696893353354e+01
3.727642961256238863e+01
3.727442411570383740e+01
3.727242053645709774e+01
3.727041893287259455e+01
3.726841936300673552e+01
3.726642188494449215e+01
3.726442655678791027e+01
3.726243343663876573e+01
3.726044258259874198e+01
3.725845405278521838e+01
3.725646790533045305e+01
3.725448419833700342e+01
3.725250298980964914e+01
3.725052433760883730e+01
3.724854829943914325e+01
3.724657493285724286e+01
3.724460429527983507e+01
3.724263644398188688e+01
3.724067143610454167e+01
3.723870932870105577e+01
3.723675017882364102e+01
3.723479404363855139e+01
3.723284098053528623e+01
3.723089104716571285e+01
3.722894430137500876e+01
3.722700080106734077e+01
3.722506060409982354e+01
3.722312376826898372e+01
3.722119035138097587e+01
3.721926041134815222e+01
3.721733400624854937e+01
3.721541119430452227e+01
3.721349203378350268e+01
3.721157658287046388e+01
3.720966489955694101e+01
3.720775704155533248e+01
3.720585306623959809e+01
3.720395303063649806e+01
3.720205699148993972e+01
3.720016500537499837e+01
3.719827712880995563e+01
3.719639341832550627e+01
3.719451393047061316e+01
3.719263872177160835e+01
3.719076784869615437e+01
3.718890136765616461e+01
3.718703933503314829e+01
3.718518180719178901e+01
3.718332884047314479e+01
3.718148049118000387e+01
3.717963681556417299e+01
3.717779786981962076e+01
3.717596371008340839e+01
3.717413439244245410e+01
3.717230997294806372e+01
3.717049050764023832e+01
3.716867605257095875e+01
3.716686666382356918e+01
3.716506239754387764e+01
3.716326330998486327e+01
3.716146945754454123e+01
3.715968089678239750e+01
3.715789768441442220e+01
3.715611987728858168e+01
3.715434753234476517e+01
3.715258070656786771e+01
3.715081945693404464e+01
3.714906384034044606e+01
3.714731391352121648e+01
3.714556973296551234e+01
3.714383135484523280e+01
3.714209883494561382e+01
3.714037222858909360e+01
3.713865159056975784e+01
3.713693697513271275e+01
3.713522843599230328e+01
3.713352602636697952e+01
3.713182979904815539e+01
3.713013980650711687e+01
3.712845610098921867e+01
3.712677873456231481e+01
3.712510775913494143e+01
3.712344322646092110e+01
3.712178518812730488e+01
3.712013369552291664e+01
3.711848879979709892e+01
3.711685055180770121e+01
3.711521900203601376e+01
3.711359420047238444e+01
3.711197619652431712e+01
3.711036503898782257e+01
3.710876077606453549e+01
3.710716345538079963e+01
3.710557312399210872e+01
3.710398982837780579e+01
3.710241361441921271e+01
3.710084452735923577e+01
3.709928261176780495e+01
3.709772791152970228e+01
3.709618046984896012e+01
3.709464032927365906e+01
3.709310753175584807e+01
3.709158211874061095e+01
3.709006413125614188e+01
3.708855360998138906e+01
3.708705059528347903e+01
3.708555512723175696e+01
3.708406724560889245e+01
3.708258698992980840e+01
3.708111439945855636e+01
3.707964951322136926e+01
3.707819237001383783e+01
3.707674300836808357e+01
3.707530146646352165e+01
3.707386778202680233e+01
3.707244199227072556e+01
3.707102413388191309e+01
3.706961424303759856e+01
3.706821235541175952e+01
3.706681850614028662e+01
3.706543272975888215e+01
3.706405506014579032e+01
3.706268553047529934e+01
3.706132417317112271e+01
3.705997101986087472e+01
3.705862610134305868e+01
3.705728944757751719e+01
3.705596108769824326e+01
3.705464105004565312e+01
3.705332936222517048e+01
3.705202605117257519e+01
3.705073114318139460e+01
3.704944466390102065e+01
3.704816663836603396e+01
3.704689709107025664e+01
3.704563604603598037e+01
3.704438352683639835e+01
3.704313955658002300e+01
3.704190415790291979e+01
3.704067735296963093e+01
3.703945916341475453e+01
3.703824961022600348e+01
3.703704871367106932e+01
3.703585649331804319e+01
3.703467296812007703e+01
3.703349815653512422e+01
3.703233207662712800e+01
3.703117474607563508e+01
3.703002618210359032e+01
3.702888640140219678e+01
3.702775542008495080e+01
3.702663325364756730e+01
3.702551991691711919e+01
3.702441542399338914e+01
3.702331978819118774e+01
3.702223302199531929e+01
3.702115513703403593e+01
3.702008614405639264e+01
3.701902605289299686e+01
3.701797487240606443e+01
3.701693261046183636e+01
3.701589927395267665e+01
3.701487486886006906e+01
3.701385940033316757e+01
3.701285287278003722e+01
3.701185528996954588e+01
3.701086665511962792e+01
3.700988697095827717e+01
3.700891623976306732e+01
3.700795446338801042e+01
3.700700164329329311e+01
3.700605778058675099e+01
3.700512287606332507e+01
3.700419693023284395e+01
3.700327994337016690e+01
3.700237191564132644e+01
3.700147284727737684e+01
3.700058273868491909e+01
3.699970159044063678e+01
3.699882940322942204e+01
3.699796617780188512e+01
3.699711191496011509e+01
3.699626661553762119e+01
3.699543028036268311e+01
3.699460291022455749e+01
3.699378450585632550e+01
3.699297506793029555e+01
3.699217459705442934e+01
3.699138309375705091e+01
3.699060055845689021e+01
3.698982699142731434e+01
3.698906239276251284e+01
3.698830676234455694e+01
3.698756009980665738e+01
3.698682240449337399e+01
3.698609367541994430e+01
3.698537391122760454e+01
3.698466311014188079e+01
3.698396126995229594e+01
3.698326838801833816e+01
3.698258446128517107e+01
3.698190948629053310e+01
3.698124345915805122e+01
3.698058637558754924e+01
3.697993823085316478e+01
3.697929901981217427e+01
3.697866873693425305e+01
3.697804737635409822e+01
3.697743493192597697e+01
3.697683139726463963e+01
3.697623676577941865e+01
3.697565103071310233e+01
3.697507418518966915e+01
3.697450622225804295e+01
3.697394713491150497e+01
3.697339691607590595e+01
3.697285555857741457e+01
3.697232305510834038e+01
3.697179939820456696e+01
3.697128458023956910e+01
3.697077859343496442e+01
3.697028142988080646e+01
3.696979308156267763e+01
3.696931354041311835e+01
3.696884279840200094e+01
3.696838084765123966e+01
3.696792768054950784e+01
3.696748328983963461e+01
3.696704766862226421e+01
3.696662081023280422e+01
3.696620270806385378e+01
3.696579335546069700e+01
3.696539274570827160e+01
3.696500087204351814e+01
3.696461772765307785e+01
3.696424330564565253e+01
3.696387759900488135e+01
3.696352060054997679e+01
3.696317230292070377e+01
3.696283269857210030e+01
3.696250177975456097e+01
3.696217953846176840e+01
3.696186596635036636e+01
3.696156105466931763e+01
3.696126479424096090e+01
3.696097717549359629e+01
3.696069818850772037e+01
3.696042782304768792e+01
3.696016606858061948e+01
3.695991291429339753e+01
3.695966834912327670e+01
3.695943236182547054e+01
3.695920494106609766e+01
3.695898607548583925e+01
3.695877575371200408e+01
3.695857396435009434e+01
3.695838069598609366e+01
3.695819593720722196e+01
3.695801967663049226e+01
3.695785190292441769e+01
3.695769260482489216e+01
3.695754177115784245e+01
3.695739939087844306e+01
3.695726545312007261e+01
3.695713994722469664e+01
3.695702286273433401e+01
3.695691418936301176e+01
3.695681391698133922e+01
3.695672203560695834e+01
3.695663853537253374e+01
3.695656340647428806e+01
3.695649663912731597e+01
3.695643822353549268e+01
3.695638814986236298e+01
3.695634640819617545e+01
3.695631298851000679e+01
3.695628788061020487e+01
3.695627107407604939e+01
3.695626255821497352e+01
3.695626232205091810e+01
3.695627035433309260e+01
3.695628664353792914e+01
3.695631117785350028e+01
3.695634394514635801e+01
3.695638493289816751e+01
3.695643412810046158e+01
3.695649151712699876e+01
3.695655708563428732e+01
3.695663081852256227e+01
3.695671269993663088e+01
3.695680271327551480e+01
3.695690084121278574e+01
3.695700706574510264e+01
3.695712136825247995e+01
3.695724372952246739e+01
3.695737412972364666e+01
3.695751254835288790e+01
3.695765896417666596e+01
3.695781335518602617e+01
3.695797569859054477e+01
3.695814597085509234e+01
3.695832414775021846e+01
3.695851020438306733e+01
3.695870411519906895e+01
3.695890585395823535e+01
3.695911539369591736e+01
3.695933270668936643e+01
3.695955776444280616e+01
3.695979053766367173e+01
3.696003099618048537e+01
3.696027910881681322e+01
3.696053484332463768e+01
3.696079816642783555e+01
3.696106904390845926e+01
3.696134744069010480e+01
3.696163332095242282e+01
3.696192664829141705e+01
3.696222738586317291e+01
3.696253549643111569e+01
3.696285094231003399e+01
3.696317368526235470e+01
3.696350368639726724e+01
3.696384090610501971e+01
3.696418530404077529e+01
3.696453683914749178e+01
3.696489546968653173e+01
3.696526115324883222e+01
3.696563384677573794e+01
3.696601350666075803e+01
3.696640008892136109e+01
3.696679354933575468e+01
3.696719384348124748e+01
3.696760092668783670e+01
3.696801475393922942e+01
3.696843527975723021e+01
3.696886245810760130e+01
3.696929624235556133e+01
3.696973658528169437e+01
3.697018343915723904e+01
3.697063675585835796e+01
3.697109648694921447e+01
3.697156258367638060e+01
3.697203499693696216e+01
3.697251367733631611e+01
3.697299857534415679e+01
3.697348964145548678e+01
3.697398682629408739e+01
3.697449008066629261e+01
3.697499935555827477e+01
3.697551460201739104e+01
3.697603577090493587e+01
3.697656281264499967e+01
3.697709567714183976e+01
3.697763431390080768e+01
3.697817867223209021e+01
3.697872870141350887e+01
3.697928435077053422e+01
3.697984556969295511e+01
3.698041230764081888e+01
3.698098451420397481e+01
3.698156213923464719e+01
3.698214513298970019e+01
3.698273344620965020e+01
3.698332703012650313e+01
3.698392583645311760e+01
3.698452981742316581e+01
3.698513892588859875e+01
3.698575311540734845e+01
3.698637234028134912e+01
3.698699655556822563e+01
3.698762571708618907e+01
3.698825978140331472e+01
3.698889870580735106e+01
3.698954244827061189e+01
3.699019096742368617e+01
3.699084422254368576e+01
3.699150217356495318e+01
3.699216478109457995e+01
3.699283200638608093e+01
3.699350381127013776e+01
3.699418015809417426e+01
3.699486100968818647e+01
3.699554632933249110e+01
3.699623608071966174e+01
3.699693022792133235e+01
3.699762873536565877e+01
3.699833156783625299e+01
3.699903869051787808e+01
3.699975006911512310e+01
3.700046567004031317e+01
3.700118546061595737e+01
3.700190940923243943e+01
3.700263748545013698e+01
3.700336966005965422e+01
3.700410590511189213e+01
3.700484619393731123e+01
3.700559050116626025e+01
3.700633880274434517e+01
3.700709107595761083e+01
3.700784729950148488e+01
3.700860745357602610e+01
3.700937151995102425e+01
3.701013948199889114e+01
3.701091132473143119e+01
3.701168703484059108e+01
3.701246660071960548e+01
3.701325001245597690e+01
3.701403726180394926e+01
3.701482834215111950e+01
3.701562324848217855e+01
3.701642197731531780e+01
3.701722452658704299e+01
3.701803089550087833e+01
3.701884108437417353e+01
3.701965509449365754e+01
3.702047292797780642e+01
3.702129458765573844e+01
3.702212007697245610e+01
3.702294939991058698e+01
3.702378256090824493e+01
3.702461956476132343e+01
3.702546041651503828e+01
3.702630512136032337e+01
3.702715368454681055e+01
3.702800611131431197e+01
3.702886240683692876e+01
3.702972257617012275e+01
3.703058662419869762e+01
3.703145455559649690e+01
3.703232637480559220e+01
3.703320208602419683e+01
3.703408169318585408e+01
3.703496519992783931e+01
3.703585260956156588e+01
3.703674392505269708e+01
3.703763914900513043e+01
3.703853828364211154e+01
3.703944133078432799e+01
3.704034829182811706e+01
3.704125916774304272e+01
3.704217395911627619e+01
3.704309266622423280e+01
3.704401528907400376e+01
3.704494182739606600e+01
3.704587228062047899e+01
3.704680664786469180e+01
3.704774492792723350e+01
3.704868711926872749e+01
3.704963321998411629e+01
3.705058322777978219e+01
3.705153713994283038e+01
3.705249495328701670e+01
3.705345666411130168e+01
3.705442226823248575e+01
3.705539176107623689e+01
3.705636513773305296e+01
3.705734239293141030e+01
3.705832352096030036e+01
3.705930851558390060e+01
3.706029736996995183e+01
3.706129007663556507e+01
3.706228662740870305e+01
3.706328701341298881e+01
3.706429122508757246e+01
3.706529925222648814e+01
3.706631108399658814e+01
3.706732670892036907e+01
3.706834611484517694e+01
3.706936928891045113e+01
3.707039621750911351e+01
3.707142688624507798e+01
3.707246127989170503e+01
3.707349938235803677e+01
3.707454117667841587e+01
3.707558664502941070e+01
3.707663576877296663e+01
3.707768852855024733e+01
3.707874490441928828e+01
3.707980487596832830e+01
3.708086842236674130e+01
3.708193552237703017e+01
3.708300615435413050e+01
3.708408029624180813e+01
3.708515792558074509e+01
3.708623901954971558e+01
3.708732355503206435e+01
3.708841150866377490e+01
3.708950285683752668e+01
3.709059757568356019e+01
3.709169564105522454e+01
3.709279702852344940e+01
3.709390171337111042e+01
3.709500967058544063e+01
3.709612087485148635e+01
3.709723530054547069e+01
3.709835292172723342e+01
3.709947371213555556e+01
3.710059764518938152e+01
3.710172469399090289e+01
3.710285483132479811e+01
3.710398802966231813e+01
3.710512426119262841e+01
3.710626349788049083e+01
3.710740571151609402e+01
3.710855087373278849e+01
3.710969895599554746e+01
3.711084992957384543e+01
3.711200376551358460e+01
3.711316043460997349e+01
3.711431990737260378e+01
3.711548215398468642e+01
3.711664714426616740e+01
3.711781484764173200e+01
3.711898523310198073e+01
3.712015826914995387e+01
3.712133392375353935e+01
3.712251216433001844e+01
3.712369295774907130e+01
3.712487627031442372e+01
3.712606206771035033e+01
3.712725031494334615e+01
3.712844097631884210e+01
3.712963401547442288e+01
3.713082939547341965e+01
3.713202707892581600e+01
3.713322702807499809e+01
3.713442920483098675e+01
3.713563357078217564e+01
3.713684008721197216e+01
3.713804871512420647e+01
3.713925941527243424e+01
3.714047214818138798e+01
3.714168687414220926e+01
3.714290355315501557e+01
3.714412214481011176e+01
3.714534260815266009e+01
3.714656490159600111e+01
3.714778898291491771e+01
3.714901480930800659e+01
3.715024233748440707e+01
3.715147152372522044e+01
3.715270232389716654e+01
3.715393469341658772e+01
3.715516858718032012e+01
3.715640395951504615e+01
3.715764076419487338e+01
3.715887895449784395e+01
3.716011848321863198e+01
3.716135930261789611e+01
3.716260136435216310e+01
3.716384461938716299e+01
3.716508901785948638e+01
3.716633450889836610e+01
3.716758104048246736e+01
3.716882855940193053e+01
3.717007701130997788e+01
3.717132634078916453e+01
3.717257649139718012e+01
3.717382740570871391e+01
3.717507902537391118e+01
3.717633129117878354e+01
3.717758414304223891e+01
3.717883751992165031e+01
3.718009135972706503e+01
3.718134559937191597e+01
3.718260017497167524e+01
3.718385502211859261e+01
3.718511007616315567e+01
3.718636527245767098e+01
3.718762054654518323e+01
3.718887583430363719e+01
3.719013107205695690e+01
3.719138619665193346e+01
3.719264114551086919e+01
3.719389585668511700e+01
3.719515026891937737e+01
3.719640432171986077e+01
3.719765795541761122e+01
3.719891111120649896e+01
3.720016373113931252e+01
3.720141575811118173e+01
3.720266713587029273e+01
3.720391780903735679e+01
3.720516772308129561e+01
3.720641682422667174e+01
3.720766505932510881e+01
3.720891237575592214e+01
3.721015872141250469e+01
3.721140404482506625e+01
3.721264829541486563e+01
3.721389142376600745e+01
3.721513338179786246e+01
3.721637412283033797e+01
3.721761360161215038e+01
3.721885177436369929e+01
3.722008859882284781e+01
3.722132403427028891e+01
3.722255804154417547e+01
3.722379058304694865e+01
3.722502162272199655e+01
3.722625112601471642e+01
3.722747905987446870e+01
3.722870539281407787e+01
3.722993009498190276e+01
3.723115313818431815e+01
3.723237449581849745e+01
3.723359414274877821e+01
3.723481205522487869e+01
3.723602821089069437e+01
3.723724258883112270e+01
3.723845516959156754e+01
3.723966593516439616e+01
3.724087486896949173e+01
3.724208195583289438e+01
3.724328718194789190e+01
3.724449053484102024e+01
3.724569200338279984e+01
3.724689157782096061e+01
3.724808924978149349e+01
3.724928501224535182e+01
3.725047885956119131e+01
3.725167078750972394e+01
3.725286079336714806e+01
3.725404887589840541e+01
3.725523503521215218e+01
3.725641927248516794e+01
3.725760158971210245e+01
3.725878198961792975e+01
3.725996047569312708e+01
3.726113705226095618e+01
3.726231172455165819e+01
3.726348449876777380e+01
3.726465538212523398e+01
3.726582438288557597e+01
3.726699151038436497e+01
3.726815677503712720e+01
3.726932018831806204e+01
3.727048176271145508e+01
3.727164151164267736e+01
3.727279944941400203e+01
3.727395559114632562e+01
3.727510995272767502e+01
3.727626255082893891e+01
3.727741340300238448e+01
3.727856252776658863e+01
3.727970994462409493e+01
3.728085567406063205e+01
3.728199973754131946e+01
3.728314215746414817e+01
3.728428295708799567e+01
3.728542216049095259e+01
3.728655979255001540e+01
3.728769587892177384e+01
3.728883044605235142e+01
3.728996352122429414e+01
3.729109513261233388e+01
3.729222530932540280e+01
3.729335408140490671e+01
3.729448147973527483e+01
3.729560753586783051e+01
3.729673228186419465e+01
3.729785575028862610e+01
3.729897797431735285e+01
3.730009898781960231e+01
3.730121882537146405e+01
3.730233752225021249e+01
3.730345511442089901e+01
3.730457163852290137e+01
3.730568713189644114e+01
3.730680163266560356e+01
3.730791517982909511e+01
3.730902781328583018e+01
3.731013957377666657e+01
3.731125050280280675e+01
3.731236064257730334e+01
3.731347003598826717e+01
3.731457872656110197e+01
3.731568675848499339e+01
3.731679417671738719e+01
3.731790102706894885e+01
3.731900735620767762e+01
3.732011321162017481e+01
3.732121864157385005e+01
3.732232369507335790e+01
3.732342842178675824e+01
3.732453287194444869e+01
3.732563709623612169e+01
3.732674114571555180e+01
3.732784507169657928e+01
3.732894892563254530e+01
3.733005275899476061e+01
3.733115662315388761e+01
3.733226056925744274e+01
3.733336464811605282e+01
3.733446891010917312e+01
3.733557340509767641e+01
3.733667818233055868e+01
3.733778329035747134e+01
3.733888877697247466e+01
3.733999468918698028e+01
3.734110107320855576e+01
3.734220797442750239e+01
3.734331543742389670e+01
3.734442350598533977e+01
3.734553222312377585e+01
3.734664163108832469e+01
3.734775177136552315e+01
3.734886268466495096e+01
3.734997441089898018e+01
3.735108698915277614e+01
3.735220045763681895e+01
3.735331485362960535e+01
3.735443021341944103e+01
3.735554657224522401e+01
3.735666396423822277e+01
3.735778242236771263e+01
3.735890197838567417e+01
3.736002266276266681e+01
3.736114450461992931e+01
3.736226753168176629e+01
3.736339177026702885e+01
3.736451724530291330e+01
3.736564398032617618e+01
3.736677199745212619e+01
3.736790131733098264e+01
3.736903195913932763e+01
3.737016394061336655e+01
3.737129727808326152e+01
3.737243198649662901e+01
3.737356807944411230e+01
3.737470556917704556e+01
3.737584446660376614e+01
3.737698478126544188e+01
3.737812652129723290e+01
3.737926969338467842e+01
3.738041430272975418e+01
3.738156035304228197e+01
3.738270784656248935e+01
3.738385678407966850e+01
3.738500716490506193e+01
3.738615898686716577e+01
3.738731224645701445e+01
3.738846693909720642e+01
3.738962305936900066e+01
3.739078060112058921e+01
3.739193955752472931e+01
3.739309992117239290e+01
3.739426168422681940e+01
3.739542483859413124e+01
3.739658937604617961e+01
3.739775528829571272e+01
3.739892256709099172e+01
3.740009120436594259e+01
3.740126119239321412e+01
3.740243252386611061e+01
3.740360519190067379e+01
3.740477919000463913e+01
3.740595451206004185e+01
3.740713115233011621e+01
3.740830910547308008e+01
3.740948836655684318e+01
3.741066893108737901e+01
3.741185079506435329e+01
3.741303395505331508e+01
3.741421840822574296e+01
3.741540415234258887e+01
3.741659118571638487e+01
3.741777950717141010e+01
3.741896911598631448e+01
3.742016001182117435e+01
3.742135219462111451e+01
3.742254566446253961e+01
3.742374042136906809e+01
3.742493646520939166e+01
3.742613379575672639e+01
3.742733241286818924e+01
3.742853231666698832e+01
3.742973350763213602e+01
3.743093598657126364e+01
3.743213975451548237e+01
3.743334481258796131e+01
3.743455116186760279e+01
3.743575880324889482e+01
3.743696773730164296e+01
3.743817796414445809e+01
3.743938948335320305e+01
3.744060229390947114e+01
3.744181639415971574e+01
3.744303178175294988e+01
3.744424845355317188e+01
3.744546640553126338e+01
3.744668563262769112e+01
3.744790612857919143e+01
3.744912788572980844e+01
3.745035089487608815e+01
3.745157514517750030e+01
3.745280062411359978e+01
3.745402731747239500e+01
3.745525520936401875e+01
3.745648428222855131e+01
3.745771451683800279e+01
3.745894589232167959e+01
3.746017838619155782e+01
3.746141197433449577e+01
3.746264663098789782e+01
3.746388232871736790e+01
3.746511903838847246e+01
3.746635672912486115e+01
3.746759536827909187e+01
3.746883492149983397e+01
3.747007535296276615e+01
3.747131662568718014e+01
3.747255870177756520e+01
3.747380154252881823e+01
3.747504510844381542e+01
3.747628935923532367e+01
3.747753425386893156e+01
3.747877975064482570e+01
3.748002580724849508e+01
3.748127238071761269e+01
3.748251942736700926e+01
3.748376690273513390e+01
3.748501476151390222e+01
3.748626295739186531e+01
3.748751144285454018e+01
3.748876016904025477e+01
3.749000908567582968e+01
3.749125814107853927e+01
3.749250728223597662e+01
3.749375645494343701e+01
3.749500560391592074e+01
3.749625467283296132e+01
3.749750360437462859e+01
3.749875234030241700e+01
3.750000082155858649e+01
3.750124898834313569e+01
3.750249678015762100e+01
3.750374413582076727e+01
3.750499099346551901e+01
3.750623729052933442e+01
3.750748296376391266e+01
3.750872794928487508e+01
3.750997218264291178e+01
3.751121559888900947e+01
3.751245813261832751e+01
3.751369971797117842e+01
3.751494028859600149e+01
3.751617977763479672e+01
3.751741811777765889e+01
3.751865524136218966e+01
3.751989108046407040e+01
3.752112556694093115e+01
3.752235863241679681e+01
3.752359020822655822e+01
3.752482022537027007e+01
3.752604861453162499e+01
3.752727530616569851e+01
3.752850023060221929e+01
3.752972331811866269e+01
3.753094449898120644e+01
3.753216370349151987e+01
3.753338086207546809e+01
3.753459590538933099e+01
3.753580876441629499e+01
3.753701937057072513e+01
3.753822765579467813e+01
3.753943355259883674e+01
3.754063699403730681e+01
3.754183791363068678e+01
3.754303624526387040e+01
3.754423192310527924e+01
3.754542488157674285e+01
3.754661505534189558e+01
3.754780237924879316e+01
3.754898678822674185e+01
3.755016821722016829e+01
3.755134660120040024e+01
3.755252187518136253e+01
3.755369397417295829e+01
3.755486283314315443e+01
3.755602838709896218e+01
3.755719057127848970e+01
3.755834932135659443e+01
3.755950457359698191e+01
3.756065626495752241e+01
3.756180433317323519e+01
3.756294871682267456e+01
3.756408935536119031e+01
3.756522618906754474e+01
3.756635915889987842e+01
3.756748820634492603e+01
3.756861327327499822e+01
3.756973430175531092e+01
3.757085123385712677e+01
3.757196401158685717e+01
3.757307257692624347e+01
3.757417687193770917e+01
3.757527683893314219e+01
3.757637242067282557e+01
3.757746356051958969e+01
3.757855020251892597e+01
3.757963229144015571e+01
3.758070977283023950e+01
3.758178259311242897e+01
3.758285069970441583e+01
3.758391404108775902e+01
3.758497256680232113e+01
3.758602622740662014e+01
3.758707497444892454e+01
3.758811876044610756e+01
3.758915753884889455e+01
3.759019126400031752e+01
3.759121989111165618e+01
3.759224337626962864e+01
3.759326167646595707e+01
3.759427474963470672e+01
3.759528255469651015e+01
3.759628505159984257e+01
3.759728220133015952e+01
3.759827396587132142e+01
3.759926030813682019e+01
3.760024119190102709e+01
3.760121658174410442e+01
3.760218644301341584e+01
3.760315074181423967e+01
3.760410944503455255e+01
3.760506252037274777e+01
3.760600993631667421e+01
3.760695166205834283e+01
3.760788766739019451e+01
3.760881792263449341e+01
3.760974239860674828e+01
3.761066106658798702e+01
3.761157389830385256e+01
3.761248086592605233e+01
3.761338194209923813e+01
3.761427709998238811e+01
3.761516631328544946e+01
3.761604955627571911e+01
3.761692680375208653e+01
3.761779803102127318e+01
3.761866321388865941e+01
3.761952232863941248e+01
3.762037535203418770e+01
3.762122226137501713e+01
3.762206303460334311e+01
3.762289765032597444e+01
3.762372608772803773e+01
3.762454832642948332e+01
3.762536434639025629e+01
3.762617412791779259e+01
3.762697765172028852e+01
3.762777489893176153e+01
3.762856585110979069e+01
3.762935049024891754e+01
3.763012879883005013e+01
3.763090075988353789e+01
3.763166635704445184e+01
3.763242557463321702e+01
3.763317839779563911e+01
3.763392481265952938e+01
3.763466480642610890e+01
3.763539836734446453e+01
3.763612548458374363e+01
3.763684614807132078e+01
3.763756034832799457e+01
3.763826807629543225e+01
3.763896932322398925e+01
3.763966408071743075e+01
3.764035234090906101e+01
3.764103409662727984e+01
3.764170934144609504e+01
3.764237806965387279e+01
3.764304027622305426e+01
3.764369595675847791e+01
3.764434510732392170e+01
3.764498772416053640e+01
3.764562380343451764e+01
3.764625334108026777e+01
3.764687633271169886e+01
3.764749277359788948e+01
3.764810265872251449e+01
3.764870598291340542e+01
3.764930274098577456e+01
3.764989292785133301e+01
3.765047653860602139e+01
3.765105356862649444e+01
3.765162401366175260e+01
3.765218786988289423e+01
3.765274513387443989e+01
3.765329580257986208e+01
3.765383987323838255e+01
3.765437734336268960e+01
3.765490821076829775e+01
3.765543247359604351e+01
3.765595013029182780e+01
3.765646117959895633e+01
3.765696562060603725e+01
3.765746345280755492e+01
3.765795467614789516e+01
3.765843929108095267e+01
3.765891729864828363e+01
3.765938870052023191e+01
3.765985349896207879e+01
3.766031169675825652e+01
3.766076329716687354e+01
3.766120830393745678e+01
3.766164672136387281e+01
3.766207855432157459e+01
3.766250380825524502e+01
3.766292248912944984e+01
3.766333460338410077e+01
3.766374015792116836e+01
3.766413916013519980e+01
3.766453161798280291e+01
3.766491754005122061e+01
3.766529693559372305e+01
3.766566981455049046e+01
3.766603618758399108e+01
3.766639606611255431e+01
3.766674946230784116e+01
3.766709638905722102e+01
3.766743685990388002e+01
3.766777088897509174e+01
3.766809849093206708e+01
3.766841968096159832e+01
3.766873447479895276e+01
3.766904288877801577e+01
3.766934493988924260e+01
3.766964064579184424e+01
3.766993002475681607e+01
3.767021309557493680e+01
3.767048987747737954e+01
3.767076039008561139e+01
3.767102465336907358e+01
3.767128268759410048e+01
3.767153451326894498e+01
3.767178015108690659e+01
3.767201962187819220e+01
3.767225294657544765e+01
3.767248014614420981e+01
3.767270124144423704e+01
3.767291625311418102e+01
3.767312520161316769e+01
3.767332810739676319e+01
3.767352499108125130e+01
3.767371587353003548e+01
3.767390077590104625e+01
3.767407971967568159e+01
3.767425272664583957e+01
3.767441981885909996e+01
3.767458101855028474e+01
3.767473634805543270e+01
3.767488582968105248e+01
3.767502948553632791e+01
3.767516733735850210e+01
3.767529940635099450e+01
3.767542571305357768e+01
3.767554627726330807e+01
3.767566111800217499e+01
3.767577025351104680e+01
3.767587370126900481e+01
3.767597147805842184e+01
3.767606360007584954e+01
3.767615008305947555e+01
3.767623094239711179e+01
3.767630619320786423e+01
3.767637585044138859e+01
3.767643992901121663e+01
3.767649844389400471e+01
3.767655141013429443e+01
3.767659884277918536e+01
3.767664075680418279e+01
3.767667716706152703e+01
3.767670808823920225e+01
3.767673353480145693e+01
3.767675352089815277e+01
3.767676806026346981e+01
3.767677716614080907e+01
3.767678085124773446e+01
3.767677912775159399e+01
3.767677200723444741e+01
3.767675950067847879e+01
3.767674161850104042e+01
3.767671837062969331e+01
3.767668976660161206e+01
3.767665581564346411e+01
3.767661652666951966e+01
3.767657190822424695e+01
3.767652196847261337e+01
3.767646671528880375e+01
3.767640615639462709e+01
3.767634029947065955e+01
3.767626915222449213e+01
3.767619272245516271e+01
3.767611101812921248e+01
3.767602404743634992e+01
3.767593181879249187e+01
3.767583434079315197e+01
3.767573162214345217e+01
3.767562367159104753e+01
3.767551049787661555e+01
3.767539210970284103e+01
3.767526851571317792e+01
3.767513972447936510e+01
3.767500574450939155e+01
3.767486658427208823e+01
3.767472225221191451e+01
3.767457275673459804e+01
3.767441810616738707e+01
3.767425830872033288e+01
3.767409337247581647e+01
3.767392330539269807e+01
3.767374811527052714e+01
3.767356780964946950e+01
3.767338239570442227e+01
3.767319188020825038e+01
3.767299626956327074e+01
3.767279556985218392e+01
3.767258978688030169e+01
3.767237892620210005e+01
3.767216299313231076e+01
3.767194199274718613e+01
3.767171592987318007e+01
3.767148480904635477e+01
3.767124863444358596e+01
3.767100740980497875e+01
3.767076113834951201e+01
3.767050982269453385e+01
3.767025346481623416e+01
3.766999206605197514e+01
3.766972562710264327e+01
3.766945414800868974e+01
3.766917762811062431e+01
3.766889606602410367e+01
3.766860945964717189e+01
3.766831780619870074e+01
3.766802110229579625e+01
3.766771934407211830e+01
3.766741252730884071e+01
3.766710064756569665e+01
3.766678370031878842e+01
3.766646168106431958e+01
3.766613458533956305e+01
3.766580240869996032e+01
3.766546514671966150e+01
3.766512279499882254e+01
3.766477534912423408e+01
3.766442280458313974e+01
3.766406515665757837e+01
3.766370240032562577e+01
3.766333453022684097e+01
3.766296154073396707e+01
3.766258342607914500e+01
3.766220018046067963e+01
3.766181179812449642e+01
3.766141827342704573e+01
3.766101960084957057e+01
3.766061577495293733e+01
3.766020679030715002e+01
3.765979264142182359e+01
3.765937332268254778e+01
3.765894882830476575e+01
3.765851915232080671e+01
3.765808428860585622e+01
3.765764423092928581e+01
3.765719897300890295e+01
3.765674850856425593e+01
3.765629283135333338e+01
3.765583193514604687e+01
3.765536581361969581e+01
3.765489446020576736e+01
3.765441786791244283e+01
3.765393602915677462e+01
3.765344893568558149e+01
3.765295657865800649e+01
3.765245894884694877e+01
3.765195603681418390e+01
3.765144783298421771e+01
3.765093432766747839e+01
3.765041551107762530e+01
3.764989137332946001e+01
3.764936190441734709e+01
3.764882709419747897e+01
3.764828693237313928e+01
3.764774140846729722e+01
3.764719051178446563e+01
3.764663423136188669e+01
3.764607255588467183e+01
3.764550547355514709e+01
3.764493297195444654e+01
3.764435503793622928e+01
3.764377165756817334e+01
3.764318281612894879e+01
3.764258849815495012e+01
3.764198868752204419e+01
3.764138336752927927e+01
3.764077252092224768e+01
3.764015612986186454e+01
3.763953417595651985e+01
3.763890664042374823e+01
3.763827350430840113e+01
3.763763474867363357e+01
3.763699035474794385e+01
3.763634030401873787e+01
3.763568457823627256e+01
3.763502315934060505e+01
3.763435602940418079e+01
3.763368317064553281e+01
3.763300456547415962e+01
3.763232019652954818e+01
3.763163004674945711e+01
3.763093409950345603e+01
3.763023233874595519e+01
3.762952474912250977e+01
3.762881131601474749e+01
3.762809202553462740e+01
3.762736686450219992e+01
3.762663582043015964e+01
3.762589888146847983e+01
3.762515603628767735e+01
3.762440727400398544e+01
3.762365258424578940e+01
3.762289195729406543e+01
3.762212538415469254e+01
3.762135285652551175e+01
3.762057436672644428e+01
3.761978990765683761e+01
3.761899947277430556e+01
3.761820305605790793e+01
3.761740065196073601e+01
3.761659225538677020e+01
3.761577786170088444e+01
3.761495746674280838e+01
3.761413106681373364e+01
3.761329865862406763e+01
3.761246023919436965e+01
3.761161580571928909e+01
3.761076535544322752e+01
3.760990888559053502e+01
3.760904639336391853e+01
3.760817787602174889e+01
3.760730333100606515e+01
3.760642275604129026e+01
3.760553614916486254e+01
3.760464350873638750e+01
3.760374483348967090e+01
3.760284012262468423e+01
3.760192937588401207e+01
3.760101259359415593e+01
3.760008977668842078e+01
3.759916092670147947e+01
3.759822604571631643e+01
3.759728513628576252e+01
3.759633820136869531e+01
3.759538524427988193e+01
3.759442626863690151e+01
3.759346127833436668e+01
3.759249027758240658e+01
3.759151327097541895e+01
3.759053026351401883e+01
3.758954126053738776e+01
3.758854626758846251e+01
3.758754529027909541e+01
3.758653833420293466e+01
3.758552540488538085e+01
3.758450650772768142e+01
3.758348164791985369e+01
3.758245083034782397e+01
3.758141405952872560e+01
3.758037133956091225e+01
3.757932267407201010e+01
3.757826806618155047e+01
3.757720751848410856e+01
3.757614103302562114e+01
3.757506861123490438e+01
3.757399025380940571e+01
3.757290596059996801e+01
3.757181573052582024e+01
3.757071956152854142e+01
3.756961745058348612e+01
3.756850939375802056e+01
3.756739538625411257e+01
3.756627542239742468e+01
3.756514949560689587e+01
3.756401759838090015e+01
3.756287972225906913e+01
3.756173585772762635e+01
3.756058599416366661e+01
3.755943011991487879e+01
3.755826822246010721e+01
3.755710028854072391e+01
3.755592630423647904e+01
3.755474625504814412e+01
3.755356012604060822e+01
3.755236790202297925e+01
3.755116956771112768e+01
3.754996510783771413e+01
3.754875450718812857e+01
3.754753775054879128e+01
3.754631482261357434e+01
3.754508570798572720e+01
3.754385039134629665e+01
3.754260885767528322e+01
3.754136109240839403e+01
3.754010708153641929e+01
3.753884681166464077e+01
3.753758027001867248e+01
3.753630744442016010e+01
3.753502832328189243e+01
3.753374289562927402e+01
3.753245115111111119e+01
3.753115307997139638e+01
3.752984867298510352e+01
3.752853792139588762e+01
3.752722081691815248e+01
3.752589735183159547e+01
3.752456751912552591e+01
3.752323131262264866e+01
3.752188872703864320e+01
3.752053975797253571e+01
3.751918440185715298e+01
3.751782265592911614e+01
3.751645451828547806e+01
3.751507998802805588e+01
3.751369906538345589e+01
3.751231175168083354e+01
3.751091804919822437e+01
3.750951796096207147e+01
3.750811149056041671e+01
3.750669864202722437e+01
3.750527941983190061e+01
3.750385382894192787e+01
3.750242187492144552e+01
3.750098356404848943e+01
3.749953890339704543e+01
3.749808790082275323e+01
3.749663056489988122e+01
3.749516690493628346e+01
3.749369693109252211e+01
3.749222065450300789e+01
3.749073808731141355e+01
3.748924924264570535e+01
3.748775413460971606e+01
3.748625277830790026e+01
3.748474518987978854e+01
3.748323138653348963e+01
3.748171138656171308e+01
3.748018520931876907e+01
3.747865287514598975e+01
3.747711440525625193e+01
3.747556982163018802e+01
3.747401914696986580e+01
3.747246240469439016e+01
3.747089961893257026e+01
3.746933081448833036e+01
3.746775601679151890e+01
3.746617525188086972e+01
3.746458854646296288e+01
3.746299592804911782e+01
3.746139742513999948e+01
3.745979306740736092e+01
3.745818288581243394e+01
3.745656691264546367e+01
3.745494518151456731e+01
3.745331772730053643e+01
3.745168458610576323e+01
3.745004579524900379e+01
3.744840139329909334e+01
3.744675142007944402e+01
3.744509591661410752e+01
3.744343492503880810e+01
3.744176848850508321e+01
3.744009665111961027e+01
3.743841945796040704e+01
3.743673695515737165e+01
3.743504919000401543e+01
3.743335621110033173e+01
3.743165806848695354e+01
3.742995481367601940e+01
3.742824649956907024e+01
3.742653318035648624e+01
3.742481491146261874e+01
3.742309174951832773e+01
3.742136375232464474e+01
3.741963097882236156e+01
3.741789348911419921e+01
3.741615134453376612e+01
3.741440460769012333e+01
3.741265334244129548e+01
3.741089761382100676e+01
3.740913748796542393e+01
3.740737303206720554e+01
3.740560431435388722e+01
3.740383140406529350e+01
3.740205437141147371e+01
3.740027328749660285e+01
3.739848822420191254e+01
3.739669925407935835e+01
3.739490645034856442e+01
3.739310988701068084e+01
3.739130963898265492e+01
3.738950578216530829e+01
3.738769839343444090e+01
3.738588755059300439e+01
3.738407333233495677e+01
3.738225581823346033e+01
3.738043508872519283e+01
3.737861122507813860e+01
3.737678430935446272e+01
3.737495442437052162e+01
3.737312165364806305e+01
3.737128608136058006e+01
3.736944779228162616e+01
3.736760687173798345e+01
3.736576340556676001e+01
3.736391748006759173e+01
3.736206918194221061e+01
3.736021859823203783e+01
3.735836581627336983e+01
3.735651092366709491e+01
3.735465400824266879e+01
3.735279515800153405e+01
3.735093446102265347e+01
3.734907200532217075e+01
3.734720787869949987e+01
3.734534216861651856e+01
3.734347496213129602e+01
3.734160634587862404e+01
3.733973640607680267e+01
3.733786522853932155e+01
3.733599289866707949e+01
3.733411950140839508e+01
3.733224512121716998e+01
3.733036984205964615e+01
3.732849374746998450e+01
3.732661692060284508e+01
3.732473944424506129e+01
3.732286140079035164e+01
3.732098287221104016e+01
3.731910394005321763e+01
3.731722468544548832e+01
3.731534518911264087e+01
3.731346553140970457e+01
3.731158579236485906e+01
3.730970605168041487e+01
3.730782638868019774e+01
3.730594688225307465e+01
3.730406761082178235e+01
3.730218865230298775e+01
3.730031008403035742e+01
3.729843198268733317e+01
3.729655442431201351e+01
3.729467748436243113e+01
3.729280123778571721e+01
3.729092575904829232e+01
3.728905112210566841e+01
3.728717740032163164e+01
3.728530466638051877e+01
3.728343299223953977e+01
3.728156244913165551e+01
3.727969310759189625e+01
3.727782503747972953e+01
3.727595830798885146e+01
3.727409298764612089e+01
3.727222914430966227e+01
3.727036684517273102e+01
3.726850615676561773e+01
3.726664714494690855e+01
3.726478987489464600e+01
3.726293441110536264e+01
3.726108081737847044e+01
3.725922915677725200e+01
3.725737949160154727e+01
3.725553188340037991e+01
3.725368639302551799e+01
3.725184308072589801e+01
3.725000200625959224e+01
3.724816322896586485e+01
3.724632680776901594e+01
3.724449280114128413e+01
3.724266126705801838e+01
3.724083226295373095e+01
3.723900584569382488e+01
3.723718207160077753e+01
3.723536099654762666e+01
3.723354267607084012e+01
3.723172716544722505e+01
3.722991451973376087e+01
3.722810479381816862e+01
3.722629804250549057e+01
3.722449432060858499e+01
3.722269368302595893e+01
3.722089618482250017e+01
3.721910188125470853e+01
3.721731082765559506e+01
3.721552307924267211e+01
3.721373869098536602e+01
3.721195771756783444e+01
3.721018021341709670e+01
3.720840623275741166e+01
3.720663582966763983e+01
3.720486905816479606e+01
3.720310597231888750e+01
3.720134662636475298e+01
3.719959107480512728e+01
3.719783937251858674e+01
3.719609157486165429e+01
3.719434773773485858e+01
3.719260791759226237e+01
3.719087217139934864e+01
3.718914055655590545e+01
3.718741313079837596e+01
3.718568995210024752e+01
3.718397107858906026e+01
3.718225656848576222e+01
3.718054648006551588e+01
3.717884087163695739e+01
3.717713980152834097e+01
3.717544332806776453e+01
3.717375150955660246e+01
3.717206440424197922e+01
3.717038207029113295e+01
3.716870456576481274e+01
3.716703194858876458e+01
3.716536427653583274e+01
3.716370160723447214e+01
3.716204399819274329e+01
3.716039150679798553e+01
3.715874419025804087e+01
3.715710210548498793e+01
3.715546530895061750e+01
3.715383385654968151e+01
3.715220780350504270e+01
3.715058720432933370e+01
3.714897211282548994e+01
3.714736258211268449e+01
3.714575866468144483e+01
3.714416041246241207e+01
3.714256787687945405e+01
3.714098110887753990e+01
3.713940015892809043e+01
3.713782507701783686e+01
3.713625591263571124e+01
3.713469271476068201e+01
3.713313553182814530e+01
3.713158441167003332e+01
3.713003940146169413e+01
3.712850054769415209e+01
3.712696789616089177e+01
3.712544149196516230e+01
3.712392137956224758e+01
3.712240760282620755e+01
3.712090020512039246e+01
3.711939922936019087e+01
3.711790471806411063e+01
3.711641671339602055e+01
3.711493525719868813e+01
3.711346039100875061e+01
3.711199215604344204e+01
3.711053059316390090e+01
3.710907574284242827e+01
3.710762764515888534e+01
3.710618633981079739e+01
3.710475186609315301e+01
3.710332426283055440e+01
3.710190356829956926e+01
3.710048982019392838e+01
3.709908305562967001e+01
3.709768331114150897e+01
3.709629062265188537e+01
3.709490502544004897e+01
3.709352655412667588e+01
3.709215524266047481e+01
3.709079112431055592e+01
3.708943423169585429e+01
3.708808459686032677e+01
3.708674225135979441e+01
3.708540722632154285e+01
3.708407955247756860e+01
3.708275926021342883e+01
3.708144637965406787e+01
3.708014094074868439e+01
3.707884297332343237e+01
3.707755250712727246e+01
3.707626957188954009e+01
3.707499419736385704e+01
3.707372641334079333e+01
3.707246624963821091e+01
3.707121373607496650e+01
3.706996890242613318e+01
3.706873177836065736e+01
3.706750239337220165e+01
3.706628077671967247e+01
3.706506695738143264e+01
3.706386096401532626e+01
3.706266282493422892e+01
3.706147256813232360e+01
3.706029022137558115e+01
3.705911581231077889e+01
3.705794936852871757e+01
3.705679091755240506e+01
3.705564048675802979e+01
3.705449810326670246e+01
3.705336379386048407e+01
3.705223758495402819e+01
3.705111950262357112e+01
3.705000957268276807e+01
3.704890782078278733e+01
3.704781427251730719e+01
3.704672895352553041e+01
3.704565188958254396e+01
3.704458310666626630e+01
3.704352263100295772e+01
3.704247048908448647e+01
3.704142670761638811e+01
3.704039131335976975e+01
3.703936433291863040e+01
3.703834579259241622e+01
3.703733571833772231e+01
3.703633413577470179e+01
3.703534107019062560e+01
3.703435654655215359e+01
3.703338058952245859e+01
3.703241322344814535e+01
3.703145447230427578e+01
3.703050435961991127e+01
3.702956290840555198e+01
3.702863014109230022e+01
3.702770607949141635e+01
3.702679074477339327e+01
3.702588415745185557e+01
3.702498633736646383e+01
3.702409730367458707e+01
3.702321707485857161e+01
3.702234566874365385e+01
3.702148310251201480e+01
3.702062939269439568e+01
3.701978455513735611e+01
3.701894860496756223e+01
3.701812155657170678e+01
3.701730342359388004e+01
3.701649421894955339e+01
3.701569395485704206e+01
3.701490264288745635e+01
3.701412029403805803e+01
3.701334691883283767e+01
3.701258252743477328e+01
3.701182712972985911e+01
3.701108073535847609e+01
3.701034335371559791e+01
3.700961499395000232e+01
3.700889566496734773e+01
3.700818537543235465e+01
3.700748413375620771e+01
3.700679194804025940e+01
3.700610882599717399e+01
3.700543477493941680e+01
3.700476980185233344e+01
3.700411391346636947e+01
3.700346711629703833e+01
3.700282941668880454e+01
3.700220082084240403e+01
3.700158133478369393e+01
3.700097096431201749e+01
3.700036971499240224e+01
3.699977759219061824e+01
3.699919460110236713e+01
3.699862074674542356e+01
3.699805603392353959e+01
3.699750046717373664e+01
3.699695405069123666e+01
3.699641678824070823e+01
3.699588868308014611e+01
3.699536973790034722e+01
3.699485995476729983e+01
3.699435933509571583e+01
3.699386787969752532e+01
3.699338558887912853e+01
3.699291246251910081e+01
3.699244850010985886e+01
3.699199370080808080e+01
3.699154806353478619e+01
3.699111158708415559e+01
3.699068427015347993e+01
3.699026611129119857e+01
3.698985710883623312e+01
3.698945726087284669e+01
3.698906656516211910e+01
3.698868501903247363e+01
3.698831261927999492e+01
3.698794936216020801e+01
3.698759524348416505e+01
3.698725025872223426e+01
3.698691440302514621e+01
3.698658767118649848e+01
3.698627005763355413e+01
3.698596155647646810e+01
3.698566216157404085e+01
3.698537186658387554e+01
3.698509066499596543e+01
3.698481855015067055e+01
3.698455551527814578e+01
3.698430155362341765e+01
3.698405665863578662e+01
3.698382082411728078e+01
3.698359404427663577e+01
3.698337631371111911e+01
3.698316762735333185e+01
3.698296798042382250e+01
3.698277736841287577e+01
3.698259578706137063e+01
3.698242323228703299e+01
3.698225970004736496e+01
3.698210518619185905e+01
3.698195968636971287e+01
3.698182319601837520e+01
3.698169571040372716e+01
3.698157722467090025e+01
3.698146773388934605e+01
3.698136723308220297e+01
3.698127571722258722e+01
3.698119318119186261e+01
3.698111961972035289e+01
3.698105502732028071e+01
3.698099939819233839e+01
3.698095272609624828e+01
3.698091500417454114e+01
3.698088622470909570e+01
3.698086637885038641e+01
3.698085545641882987e+01
3.698085344583271450e+01
3.698086033414720930e+01
3.698087610717804097e+01
3.698090074966614793e+01
3.698093424541397667e+01
3.698097657736733623e+01
3.698102772765522417e+01
3.698108767758881044e+01
3.698115640762923562e+01
3.698123389735043531e+01
3.698132012541379510e+01
3.698141506956308433e+01
3.698151870664675300e+01
3.698163101267138586e+01
3.698175196288722333e+01
3.698188153188443295e+01
3.698201969365527475e+01
3.698216642159875533e+01
3.698232168849120427e+01
3.698248546646265567e+01
3.698265772699661369e+01
3.698283844093855066e+01
3.698302757848006195e+01
3.698322510910794136e+01
3.698343100155712193e+01
3.698364522380548891e+01
3.698386774310085201e+01
3.698409852599663594e+01
3.698433753838270377e+01
3.698458474549962460e+01
3.698484011195289156e+01
3.698510360176320688e+01
3.698537517844206945e+01
3.698565480503614822e+01
3.698594244409084553e+01
3.698623805752222182e+01
3.698654160646365341e+01
3.698685305119033018e+01
3.698717235114316537e+01
3.698749946499354024e+01
3.698783435071685233e+01
3.698817696568652025e+01
3.698852726677667135e+01
3.698888521043275546e+01
3.698925075269533380e+01
3.698962384920243096e+01
3.699000445520556468e+01
3.699039252561295399e+01
3.699078801504057878e+01
3.699119087783982707e+01
3.699160106809004844e+01
3.699201853956773789e+01
3.699244324570497611e+01
3.699287513954395479e+01
3.699331417371298869e+01
3.699376030045597474e+01
3.699421347170481056e+01
3.699467363916537721e+01
3.699514075441813077e+01
3.699561476901677537e+01
3.699609563454497874e+01
3.699658330266338879e+01
3.699707772521696825e+01
3.699757885435896299e+01
3.699808664256764246e+01
3.699860104255591153e+01
3.699912200720524424e+01
3.699964948959021882e+01
3.700018344306634077e+01
3.700072382140754712e+01
3.700127057895927862e+01
3.700182367072238065e+01
3.700238305233767733e+01
3.700294868003732773e+01
3.700352051064302117e+01
3.700409850163518399e+01
3.700468261127097236e+01
3.700527279870023989e+01
3.700586902402309164e+01
3.700647124828504531e+01
3.700707943345469886e+01
3.700769354241204212e+01
3.700831353894754727e+01
3.700893938776506786e+01
3.700957105446727979e+01
3.701020850549622310e+01
3.701085170804660862e+01
3.701150063000737589e+01
3.701215523995285395e+01
3.701281550717392577e+01
3.701348140176465051e+01
3.701415289476835824e+01
3.701482995832078160e+01
3.701551256571714532e+01
3.701620069139070779e+01
3.701689431085711135e+01
3.701759340069580162e+01
3.701829793857913842e+01
3.701900790330734736e+01
3.701972327482688030e+01
3.702044403422740260e+01
3.702117016371141744e+01
3.702190164658343008e+01
3.702263846733841035e+01
3.702338061183405671e+01
3.702412806743869567e+01
3.702488082309243111e+01
3.702563886929238635e+01
3.702640219802331245e+01
3.702717080265802707e+01
3.702794467784518417e+01
3.702872381937170587e+01
3.702950822399694886e+01
3.703029788928881061e+01
3.703109281348612569e+01
3.703189299539907609e+01
3.703269843436213904e+01
3.703350913023189150e+01
3.703432508338281082e+01
3.703514629466218366e+01
3.703597276531187532e+01
3.703680449688623355e+01
3.703764149119034244e+01
3.703848375024469419e+01
3.703933127625267474e+01
3.704018407155641057e+01
3.704104213860233585e+01
3.704190547993690785e+01
3.704277409822672240e+01
3.704364799627079918e+01
3.704452717696221953e+01
3.704541164321468472e+01
3.704630139793482613e+01
3.704719644405783896e+01
3.704809678457534972e+01
3.704900242252328724e+01
3.704991336095903876e+01
3.705082960294642191e+01
3.705175115154256815e+01
3.705267800977603088e+01
3.705361018061419287e+01
3.705454766692673729e+01
3.705549047144717889e+01
3.705643859672661478e+01
3.705739204507964502e+01
3.705835081855657620e+01
3.705931491899943353e+01
3.706028434818071560e+01
3.706125910795190492e+01
3.706223920034717878e+01
3.706322462763059633e+01
3.706421539227797268e+01
3.706521149690233585e+01
3.706621294416662238e+01
3.706721973671882608e+01
3.706823187714563517e+01
3.706924936793284786e+01
3.707027221144045370e+01
3.707130040989418518e+01
3.707233396537033343e+01
3.707337287975806106e+01
3.707441715471202315e+01
3.707546679161276160e+01
3.707652179153976135e+01
3.707758215525032597e+01
3.707864788315355753e+01
3.707971897529508709e+01
3.708079543141094803e+01
3.708187725107396204e+01
3.708296443385762586e+01
3.708405697943093315e+01
3.708515488757024769e+01
3.708625815812548154e+01
3.708736679098721112e+01
3.708848078607817200e+01
3.708960014335828959e+01
3.709072486281812076e+01
3.709185494442641584e+01
3.709299038801442805e+01
3.709413119313971663e+01
3.709527735899668244e+01
3.709642888439439901e+01
3.709758576777715433e+01
3.709874800725485500e+01
3.709991560061970262e+01
3.710108854533465461e+01
3.710226683848289042e+01
3.710345047669292740e+01
3.710463945607739333e+01
3.710583377220384449e+01
3.710703342009199446e+01
3.710823839422351256e+01
3.710944868854602419e+01
3.711066429646244558e+01
3.711188521080961067e+01
3.711311142383885198e+01
3.711434292722384498e+01
3.711557971210154250e+01
3.711682176911605069e+01
3.711806908844884134e+01
3.711932165984605092e+01
3.712057947264477065e+01
3.712184251579154903e+01
3.712311077785115287e+01
3.712438424699875128e+01
3.712566291098483617e+01
3.712694675709327896e+01
3.712823577214810200e+01
3.712952994258747452e+01
3.713082925455521632e+01
3.713213369395915464e+01
3.713344324648665662e+01
3.713475789758699364e+01
3.713607763244008453e+01
3.713740243593497325e+01
3.713873229265412590e+01
3.714006718682752251e+01
3.714140710224196340e+01
3.714275202214836469e+01
3.714410192920613696e+01
3.714545680544500073e+01
3.714681663223075248e+01
3.714818139026318278e+01
3.714955105961093551e+01
3.715092561975227170e+01
3.715230504959823321e+01
3.715368932750902076e+01
3.715507843135321053e+01
3.715647233863223420e+01
3.715787102661460040e+01
3.715927447241260495e+01
3.716068265296846107e+01
3.716209554493912748e+01
3.716351312451778455e+01
3.716493536728846436e+01
3.716636224819460210e+01
3.716779374160694260e+01
3.716922982140317799e+01
3.717067046099393224e+01
3.717211563330884871e+01
3.717356531079627757e+01
3.717501946543661973e+01
3.717647806871963923e+01
3.717794109159635241e+01
3.717940850446902346e+01
3.718088027722098587e+01
3.718235637924263415e+01
3.718383677944858334e+01
3.718532144631242176e+01
3.718681034794131790e+01
3.718830345218672306e+01
3.718980072676478699e+01
3.719130213937774698e+01
3.719280765782749398e+01
3.719431725010481671e+01
3.719583088447276964e+01
3.719734852955004811e+01
3.719887015435050159e+01
3.720039572825448460e+01
3.720192522092268206e+01
3.720345860218468914e+01
3.720499584198785215e+01
3.720653691049234624e+01
3.720808177829473351e+01
3.720963041664573012e+01
3.721118279751404145e+01
3.721273889349331654e+01
3.721429867768095079e+01
3.721586212361619772e+01
3.721742920527384513e+01
3.721899989709002909e+01
3.722057417400948509e+01
3.722215201153665731e+01
3.722373338576735335e+01
3.722531827339601307e+01
3.722690665171326430e+01
3.722849849860148197e+01
3.723009379251187312e+01
3.723169251240354072e+01
3.723329463765428926e+01
3.723490014797146586e+01
3.723650902331637980e+01
3.723812124383948685e+01
3.723973678983107760e+01
3.724135564170129697e+01
3.724297777996880399e+01
3.724460318519007984e+01
3.724623183779227986e+01
3.724786371787100592e+01
3.724949880504166089e+01
3.725113707834921684e+01
3.725277851617995140e+01
3.725442309616053649e+01
3.725607079507847885e+01
3.725772158884551999e+01
3.725937545254370775e+01
3.726103236061965163e+01
3.726269228717023907e+01
3.726435520614756314e+01
3.726602109141378349e+01
3.726768991671518449e+01
3.726936165564448800e+01
3.727103628161196980e+01
3.727271376782042012e+01
3.727439408723725478e+01
3.727607721256555351e+01
3.727776311621710192e+01
3.727945177028738044e+01
3.728114314653539196e+01
3.728283721638103287e+01
3.728453395093945488e+01
3.728623332108859501e+01
3.728793529752980618e+01
3.728963985080959986e+01
3.729134695131305932e+01
3.729305656925830448e+01
3.729476867469477952e+01
3.729648323748500616e+01
3.729820022726196527e+01
3.729991961336604334e+01
3.730164136476636827e+01
3.730336544998509396e+01
3.730509183705279952e+01
3.730682049350873797e+01
3.730855138642348834e+01
3.731028448239721484e+01
3.731201974751313344e+01
3.731375714727150950e+01
3.731549664653921639e+01
3.731723820952461779e+01
3.731898179976510477e+01
3.732072738012244884e+01
3.732247491279178320e+01
3.732422435931835736e+01
3.732597568061525095e+01
3.732772883698989119e+01
3.732948378818418433e+01
3.733124049341754613e+01
3.733299891142900151e+01
3.733475900054455110e+01
3.733652071878649537e+01
3.733828402399046098e+01
3.734004887390204175e+01
3.734181522626657568e+01
3.734358303891990971e+01
3.734535226987528489e+01
3.734712287738582859e+01
3.734889481993496929e+01
3.735066805615382179e+01
3.735244254473270331e+01
3.735421824438522265e+01
3.735599511387866301e+01
3.735777311209256624e+01
3.735955219804520766e+01
3.736133233087618777e+01
3.736311346982419224e+01
3.736489557422810748e+01
3.736667860354566528e+01
3.736846251736142221e+01
3.737024727533814428e+01
3.737203283708743129e+01
3.737381916201592702e+01
3.737560620923779453e+01
3.737739393756805129e+01
3.737918230554704024e+01
3.738097127150290078e+01
3.738276079373000016e+01
3.738455083076762264e+01
3.738634134161834766e+01
3.738813228577442516e+01
3.738992362308060535e+01
3.739171531360857159e+01
3.739350731769022218e+01
3.739529959605124532e+01
3.739709210990670840e+01
3.739888482099527778e+01
3.740067769161343847e+01
3.740247068469160752e+01
3.740426376389167729e+01
3.740605689367143327e+01
3.740785003929050134e+01
3.740964316677447954e+01
3.741143624286534219e+01
3.741322923498653097e+01
3.741502211123819421e+01
3.741681484042360495e+01
3.741860739210972753e+01
3.742039973669548658e+01
3.742219184542847188e+01
3.742398369035247896e+01
3.742577524422773649e+01
3.742756648046872670e+01
3.742935737311699995e+01
3.743114789685009924e+01
3.743293802701480644e+01
3.743472773965551426e+01
3.743651701152023037e+01
3.743830582005775653e+01
3.744009414342270503e+01
3.744188196049511674e+01
3.744366925091662068e+01
3.744545599514125200e+01
3.744724217451349091e+01
3.744902777138725725e+01
3.745081276924781122e+01
3.745259715276448986e+01
3.745438090775967765e+01
3.745616402116510812e+01
3.745794648103759528e+01
3.745972827663322846e+01
3.746150939849125905e+01
3.746328983848878380e+01
3.746506958985553837e+01
3.746684864715457053e+01
3.746862700624532749e+01
3.747040466424974881e+01
3.747218161952318383e+01
3.747395787162141545e+01
3.747573342127159179e+01
3.747750827035195442e+01
3.747928242186953440e+01
3.748105587994281507e+01
3.748282864979309892e+01
3.748460073772326240e+01
3.748637215109742726e+01
3.748814289835771518e+01
3.748991298906138780e+01
3.749168243389175359e+01
3.749345124461545709e+01
3.749521943398913493e+01
3.749698701564367553e+01
3.749875400397232283e+01
3.750052041402859970e+01
3.750228626143001520e+01
3.750405156226671011e+01
3.750581633301586493e+01
3.750758059045908510e+01
3.750934435159684455e+01
3.751110763355905675e+01
3.751287045351951832e+01
3.751463282862204096e+01
3.751639477591634630e+01
3.751815631229590764e+01
3.751991745443675086e+01
3.752167821874599696e+01
3.752343862132403984e+01
3.752519867792773312e+01
3.752695840392088655e+01
3.752871781422182096e+01
3.753047692326361329e+01
3.753223574495924453e+01
3.753399429265888898e+01
3.753575257910236473e+01
3.753751061637353104e+01
3.753926841585665386e+01
3.754102598819078196e+01
3.754278334322319211e+01
3.754454048997060056e+01
3.754629743659597096e+01
3.754805419039699643e+01
3.754981075779364375e+01
3.755156714430978582e+01
3.755332335455396020e+01
3.755507939219711488e+01
3.755683525994357552e+01
3.755859095950589932e+01
3.756034649159436611e+01
3.756210185591031347e+01
3.756385705112494122e+01
3.756561207484730147e+01
3.756736692360503582e+01
3.756912159284843256e+01
3.757087607696719544e+01
3.757263036930621070e+01
3.757438446217352634e+01
3.757613834683762377e+01
3.757789201351688746e+01
3.757964545137004819e+01
3.758139864849051293e+01
3.758315159190075150e+01
3.758490426754758573e+01
3.758665666030238128e+01
3.758840875396319348e+01
3.759016053125300516e+01
3.759191197381699112e+01
3.759366306222565868e+01
3.759541377598084466e+01
3.759716409351887734e+01
3.759891399221656627e+01
3.760066344841286679e+01
3.760241243744314232e+01
3.760416093365788726e+01
3.760590891040536121e+01
3.760765634000163260e+01
3.760940319372489427e+01
3.761114944183319864e+01
3.761289505357929386e+01
3.761463999722055718e+01
3.761638424005619896e+01
3.761812774850246655e+01
3.761987048816008894e+01
3.762161242382615001e+01
3.762335351944656736e+01
3.762509373802864587e+01
3.762683304152923114e+01
3.762857139073319956e+01
3.763030874516109492e+01
3.763204506305375929e+01
3.763378030142712305e+01
3.763551441613959980e+01
3.763724736195564446e+01
3.763897909265897113e+01
3.764070956123978817e+01
3.764243872008108127e+01
3.764416652105819594e+01
3.764589291555272155e+01
3.764761785441761077e+01
3.764934128789659695e+01
3.765106316549290000e+01
3.765278343581069720e+01
3.765450204642386467e+01
3.765621894384894119e+01
3.765793407365446654e+01
3.765964738063070882e+01
3.766135880891852139e+01
3.766306830208164769e+01
3.766477580316642104e+01
3.766648125478287312e+01
3.766818459920920503e+01
3.766988577848753295e+01
3.767158473448161971e+01
3.767328140891513044e+01
3.767497574341771838e+01
3.767666767957786789e+01
3.767835715900845628e+01
3.768004412342982334e+01
3.768172851474997742e+01
3.768341027512329333e+01
3.768508934698200363e+01
3.768676567304037661e+01
3.768843919628433525e+01
3.769010985997561392e+01
3.769177760769013474e+01
3.769344238335722963e+01
3.769510413124537251e+01
3.769676279590797208e+01
3.769841832215249866e+01
3.770007065502428389e+01
3.770171973973673829e+01
3.770336552156354770e+01
3.770500794577377945e+01
3.770664695762443586e+01
3.770828250236763779e+01
3.770991452524221899e+01
3.771154297144587275e+01
3.771316778610434284e+01
3.771478891426204427e+01
3.771640630090199409e+01
3.771801989096759655e+01
3.771962962934939867e+01
3.772123546083875567e+01
3.772283733009221152e+01
3.772443518164458709e+01
3.772602895995904504e+01
3.772761860947918677e+01
3.772920407468110682e+01
3.773078530012058707e+01
3.773236223041895698e+01
3.773393481014664275e+01
3.773550298364342837e+01
3.773706669486305287e+01
3.773862588731234524e+01
3.774018050407995162e+01
3.774173048789040052e+01
3.774327578117765114e+01
3.774481632624731731e+01
3.774635206550316013e+01
3.774788294161224655e+01
3.774940889756488360e+01
3.775092987668296729e+01
3.775244582263607640e+01
3.775395667949661060e+01
3.775546239181340979e+01
3.775696290466196103e+01
3.775845816366449981e+01
3.775994811500420667e+01
3.776143270546184283e+01
3.776291188247870423e+01
3.776438559421369945e+01
3.776585378955959982e+01
3.776731641811147000e+01
3.776877343010792742e+01
3.777022477637719788e+01
3.777167040831733402e+01
3.777311027791927245e+01
3.777454433779671916e+01
3.777597254116928838e+01
3.777739484179407015e+01
3.777881119388347742e+01
3.778022155204168797e+01
3.778162587122930915e+01
3.778302410673973810e+01
3.778441621417459828e+01
3.778580214944641114e+01
3.778718186883585872e+01
3.778855532908116288e+01
3.778992248745583993e+01
3.779128330179966611e+01
3.779263773046687902e+01
3.779398573217694945e+01
3.779532726583519064e+01
3.779666229044981662e+01
3.779799076520776424e+01
3.779931264965087934e+01
3.780062790385893123e+01
3.780193648859463451e+01
3.780323836538634907e+01
3.780453349652214001e+01
3.780582184497860254e+01
3.780710337434577184e+01
3.780837804877739927e+01
3.780964583295872927e+01
3.781090669207921451e+01
3.781216059180129463e+01
3.781340749822727787e+01
3.781464737788763131e+01
3.781588019777022680e+01
3.781710592537976368e+01
3.781832452881960904e+01
3.781953597690584701e+01
3.782074023929488504e+01
3.782193728657413345e+01
3.782312709027083031e+01
3.782430962276644237e+01
3.782548485717980924e+01
3.782665276732735293e+01
3.782781332779524774e+01
3.782896651407398281e+01
3.783011230267541691e+01
3.783125067116601059e+01
3.783238159812708545e+01
3.783350506309166406e+01
3.783462104646284274e+01
3.783572952941460699e+01
3.783683049382678831e+01
3.783792392228627222e+01
3.783900979809793341e+01
3.784008810524687760e+01
3.784115882833930300e+01
3.784222195256769083e+01
3.784327746370133383e+01
3.784432534809247528e+01
3.784536559270582501e+01
3.784639818518125765e+01
3.784742311391494241e+01
3.784844036811524148e+01
3.784944993781276423e+01
3.785045181386077218e+01
3.785144598794137494e+01
3.785243245254350342e+01
3.785341120091852218e+01
3.785438222705822398e+01
3.785534552569233568e+01
3.785630109225387940e+01
3.785724892277831799e+01
3.785818901378905821e+01
3.785912136227261016e+01
3.786004596573750547e+01
3.786096282223427778e+01
3.786187193026732700e+01
3.786277328863861413e+01
3.786366689628746229e+01
3.786455275216445671e+01
3.786543085517647711e+01
3.786630120423405543e+01
3.786716379837073987e+01
3.786801863685769121e+01
3.786886571926663692e+01
3.786970504548703786e+01
3.787053661572766572e+01
3.787136043052701950e+01
3.787217649074324299e+01
3.787298479747298074e+01
3.787378535194974916e+01
3.787457815553099749e+01
3.787536320979135951e+01
3.787614051665291015e+01
3.787691007847551106e+01
3.787767189807509283e+01
3.787842597870974970e+01
3.787917232409323276e+01
3.787991093844631507e+01
3.788064182655800494e+01
3.788136499381945299e+01
3.788208044619843662e+01
3.788278819015060606e+01
3.788348823249170749e+01
3.788418058026401525e+01
3.788486524064659022e+01
3.788554222096296087e+01
3.788621152878333476e+01
3.788687317205599925e+01
3.788752715921734193e+01
3.788817349927749234e+01
3.788881220186705434e+01
3.788944327719128324e+01
3.789006673588005469e+01
3.789068258879886741e+01
3.789129084687548499e+01
3.789189152095866575e+01
3.789248462173249266e+01
3.789307015969693282e+01
3.789364814519221625e+01
3.789421858843690671e+01
3.789478149954646824e+01
3.789533688850026749e+01
3.789588476506563097e+01
3.789642513874345298e+01
3.789695801878583126e+01
3.789748341426731315e+01
3.789800133417367078e+01
3.789851178751116123e+01
3.789901478344599184e+01
3.789951033144088655e+01
3.789999844135071072e+01
3.790047912348504155e+01
3.790095238864051197e+01
3.790141824806890014e+01
3.790187671337604769e+01
3.790232779639160299e+01
3.790277150902799264e+01
3.790320786313071011e+01
3.790363687034514584e+01
3.790405854202042235e+01
3.790447288916006130e+01
3.790487992244661797e+01
3.790527965235210672e+01
3.790567208927663501e+01
3.790605724364813511e+01
3.790643512601038623e+01
3.790680574715781148e+01
3.790716911828395297e+01
3.790752525106852744e+01
3.790787415768468804e+01
3.790821585074291278e+01
3.790855034318331462e+01
3.790887764813582805e+01
3.790919777878233532e+01
3.790951074826068634e+01
3.790981656963889179e+01
3.791011525595747145e+01
3.791040682031762543e+01
3.791069127598598243e+01
3.791096863646426840e+01
3.791123891546549629e+01
3.791150212680152265e+01
3.791175828423551764e+01
3.791200740130621227e+01
3.791224949112487508e+01
3.791248456624054342e+01
3.791271263868733854e+01
3.791293372020327723e+01
3.791314782247735593e+01
3.791335495730017158e+01
3.791355513663861387e+01
3.791374837270470977e+01
3.791393467802052442e+01
3.791411406546565388e+01
3.791428654831098299e+01
3.791445214021356236e+01
3.791461085512671758e+01
3.791476270712347230e+01
3.791490771019368822e+01
3.791504587807043691e+01
3.791517722409534485e+01
3.791530176112780026e+01
3.791541950150576668e+01
3.791553045704268499e+01
3.791563463904186904e+01
3.791573205833338278e+01
3.791582272535473663e+01
3.791590665028120810e+01
3.791598384316605319e+01
3.791605431405037052e+01
3.791611807305459081e+01
3.791617513047383170e+01
3.791622549688297283e+01
3.791626918323886741e+01
3.791630620093189208e+01
3.791633656174885658e+01
3.791636027776969797e+01
3.791637736125053237e+01
3.791638782452135104e+01
3.791639167987881365e+01
3.791638893942261745e+01
3.791637961481973917e+01
3.791636371709012110e+01
3.791634125656580778e+01
3.791631224306141945e+01
3.791627668611966584e+01
3.791623459515555794e+01
3.791618597942821367e+01
3.791613084794058608e+01
3.791606920943370795e+01
3.791600107248515172e+01
3.791592644558898684e+01
3.791584533716859795e+01
3.791575775555531891e+01
3.791566370894181404e+01
3.791556320529750224e+01
3.791545625225565175e+01
3.791534285699668771e+01
3.791522302614509243e+01
3.791509676568483656e+01
3.791496408088455183e+01
3.791482497622369152e+01
3.791467945532652095e+01
3.791452752091165479e+01
3.791436917475625989e+01
3.791420441767582616e+01
3.791403324951078702e+01
3.791385566908779481e+01
3.791367167412550998e+01
3.791348126110629835e+01
3.791328442518884856e+01
3.791308116021723151e+01
3.791287145880693288e+01
3.791265531243965370e+01
3.791243271151915195e+01
3.791220364539012877e+01
3.791196810234532677e+01
3.791172606964541103e+01
3.791147753356610650e+01
3.791122247946673696e+01
3.791096089185003848e+01
3.791069275439956954e+01
3.791041805002883791e+01
3.791013676095670348e+01
3.790984886876724147e+01
3.790955435442967314e+01
3.790925319829975848e+01
3.790894538012221915e+01
3.790863087903510831e+01
3.790830967357321413e+01
3.790798174165977485e+01
3.790764706057094457e+01
3.790730560689440409e+01
3.790695735653770271e+01
3.790660228479208627e+01
3.790624036639147221e+01
3.790587157552375430e+01
3.790549588581770024e+01
3.790511327036401212e+01
3.790472370178405725e+01
3.790432715229577099e+01
3.790392359374443032e+01
3.790351299761596238e+01
3.790309533505215001e+01
3.790267057686592977e+01
3.790223869354201014e+01
3.790179965520731997e+01
3.790135343157426462e+01
3.790089999190335845e+01
3.790043930503611591e+01
3.789997133946489782e+01
3.789949606336771382e+01
3.789901344462358423e+01
3.789852345087268048e+01
3.789802604962424937e+01
3.789752120837034965e+01
3.789700889467238198e+01
3.789648907620275509e+01
3.789596172073401448e+01
3.789542679608022269e+01
3.789488427001789006e+01
3.789433411023521359e+01
3.789377628433681622e+01
3.789321075986503473e+01
3.789263750428910527e+01
3.789205648498073487e+01
3.789146766921304277e+01
3.789087102416632291e+01
3.789026651690655711e+01
3.788965411434351438e+01
3.788903378319659510e+01
3.788840548996560642e+01
3.788776920087520494e+01
3.788712488180284765e+01
3.788647249826417607e+01
3.788581201550462652e+01
3.788514339865241709e+01
3.788446661285299655e+01
3.788378162335485655e+01
3.788308839557095808e+01
3.788238689515388558e+01
3.788167708810595258e+01
3.788095894090212568e+01
3.788023242057778361e+01
3.787949749477952821e+01
3.787875413180429973e+01
3.787800230060638285e+01
3.787724197075667831e+01
3.787647311240002068e+01
3.787569569623494914e+01
3.787490969347787484e+01
3.787411507578929815e+01
3.787331181518445078e+01
3.787249988396048650e+01
3.787167925466268770e+01
3.787084990008275298e+01
3.787001179325723399e+01
3.786916490745804253e+01
3.786830921620159529e+01
3.786744469329200058e+01
3.786657131288667699e+01
3.786568904955715453e+01
3.786479787830888455e+01
3.786389777454370886e+01
3.786298871400765620e+01
3.786207067279330118e+01
3.786114362740158867e+01
3.786020755480949873e+01
3.785926243251726930e+01
3.785830823857520500e+01
3.785734495158026647e+01
3.785637255067073426e+01
3.785539101558811126e+01
3.785440032680136113e+01
3.785340046559711169e+01
3.785239141407824093e+01
3.785137315510797151e+01
3.785034567226276891e+01
3.784930894981148697e+01
3.784826297268971018e+01
3.784720772645948017e+01
3.784614319730021492e+01
3.784506937205419064e+01
3.784398623827884478e+01
3.784289378425820161e+01
3.784179199897240409e+01
3.784068087204292397e+01
3.783956039368849389e+01
3.783843055473658268e+01
3.783729134667482441e+01
3.783614276166736801e+01
3.783498479250896196e+01
3.783381743257508134e+01
3.783264067582474155e+01
3.783145451683149929e+01
3.783025895077946643e+01
3.782905397340281439e+01
3.782783958088825926e+01
3.782661576976592954e+01
3.782538253680993279e+01
3.782413987895646557e+01
3.782288779322980332e+01
3.782162627667991472e+01
3.782035532635715924e+01
3.781907493931714015e+01
3.781778511261784814e+01
3.781648584331676943e+01
3.781517712852842550e+01
3.781385896557543447e+01
3.781253135217368566e+01
3.781119428654253056e+01
3.780984776740293540e+01
3.780849179391720583e+01
3.780712636563172424e+01
3.780575148245075212e+01
3.780436714464151038e+01
3.780297335284998184e+01
3.780157010810398788e+01
3.780015741181249211e+01
3.779873526579405052e+01
3.779730367233552357e+01
3.779586263426052284e+01
3.779441215500472850e+01
3.779295223866000697e+01
3.779148288990457871e+01
3.779000411382020275e+01
3.778851591573574353e+01
3.778701830122745520e+01
3.778551127624604078e+01
3.778399484723875901e+01
3.778246902120343975e+01
3.778093380571127113e+01
3.777938920893161168e+01
3.777783523964214396e+01
3.777627190721670303e+01
3.777469922161500904e+01
3.777311719338901241e+01
3.777152583370968841e+01
3.776992515443769349e+01
3.776831516824374546e+01
3.776669588872308481e+01
3.776506733045063413e+01
3.776342950897956996e+01
3.776178244079716251e+01
3.776012614324546490e+01
3.775846063443525935e+01
3.775678593317848453e+01
3.775510205893824178e+01
3.775340903178464202e+01
3.775170687234971467e+01
3.774999560179202973e+01
3.774827524178670757e+01
3.774654581453294355e+01
3.774480734275865501e+01
3.774305984970562378e+01
3.774130335908449041e+01
3.773953789502485279e+01
3.773776348208095044e+01
3.773598014530357148e+01
3.773418791032464981e+01
3.773238680343016682e+01
3.773057685163403363e+01
3.772875808274913823e+01
3.772693052545442072e+01
3.772509420937853974e+01
3.772324916520410198e+01
3.772139542476297436e+01
3.771953302109476169e+01
3.771766198846133022e+01
3.771578236231562897e+01
3.771389417922183185e+01
3.771199747673841074e+01
3.771009229328766565e+01
3.770817866803106000e+01
3.770625664077378758e+01
3.770432625192297849e+01
3.770238754249554347e+01
3.770044055415428375e+01
3.769848532926844342e+01
3.769652191100824723e+01
3.769455034347461009e+01
3.769257067183079357e+01
3.769058294237850504e+01
3.768858720254738159e+01
3.768658350079478225e+01
3.768457188643458977e+01
3.768255240945031659e+01
3.768052512034148549e+01
3.767849007001080963e+01
3.767644730970502565e+01
3.767439689104339351e+01
3.767233886613094285e+01
3.767027328770195993e+01
3.766820020924686929e+01
3.766611968510900965e+01
3.766403177055698848e+01
3.766193652184249885e+01
3.765983399623670635e+01
3.765772425203151386e+01
3.765560734850686941e+01
3.765348334587845613e+01
3.765135230524942500e+01
3.764921428858637853e+01
3.764706935873149973e+01
3.764491757945846473e+01
3.764275901555178194e+01
3.764059373285687826e+01
3.763842179826983880e+01
3.763624327967066563e+01
3.763405824581558079e+01
3.763186676622648008e+01
3.762966891112417755e+01
3.762746475140847480e+01
3.762525435864498746e+01
3.762303780503158634e+01
3.762081516335800302e+01
3.761858650698883366e+01
3.761635190988553035e+01
3.761411144665950701e+01
3.761186519262436434e+01
3.760961322381007221e+01
3.760735561694213658e+01
3.760509244944120155e+01
3.760282379948306897e+01
3.760054974607920286e+01
3.759827036912211184e+01
3.759598574939866467e+01
3.759369596857901286e+01
3.759140110915488719e+01
3.758910125432043969e+01
3.758679648783067506e+01
3.758448689387062558e+01
3.758217255694200531e+01
3.757985356177237435e+01
3.757752999325636978e+01
3.757520193641742878e+01
3.757286947636272600e+01
3.757053269822348796e+01
3.756819168709918699e+01
3.756584652802417423e+01
3.756349730595088943e+01
3.756114410572620699e+01
3.755878701205033110e+01
3.755642610943075255e+01
3.755406148214500917e+01
3.755169321421223572e+01
3.754932138937055441e+01
3.754694609105639103e+01
3.754456740237115042e+01
3.754218540602359155e+01
3.753980018425946952e+01
3.753741181879706801e+01
3.753502039076954588e+01
3.753262598066922351e+01
3.753022866829193305e+01
3.752782853267350305e+01
3.752542565203116709e+01
3.752302010374878449e+01
3.752061196440395463e+01
3.751820130979032086e+01
3.751578821492028482e+01
3.751337275402590876e+01
3.751095500055969012e+01
3.750853502718862131e+01
3.750611290578529378e+01
3.750368870742775584e+01
3.750126250241792292e+01
3.749883436031553430e+01
3.749640434997505878e+01
3.749397253957870646e+01
3.749153899667138745e+01
3.748910378820443867e+01
3.748666698057935065e+01
3.748422863967591923e+01
3.748178883086578139e+01
3.747934761902789802e+01
3.747690506857088621e+01
3.747446124343680651e+01
3.747201620705919112e+01
3.746957002228405997e+01
3.746712275128800229e+01
3.746467445552062259e+01
3.746222519567424314e+01
3.745977503166243139e+01
3.745732402258774840e+01
3.745487222669785865e+01
3.745241970134937048e+01
3.744996650299613350e+01
3.744751268719493709e+01
3.744505830861328377e+01
3.744260342103318351e+01
3.744014807735110395e+01
3.743769232957984627e+01
3.743523622887087043e+01
3.743277982557072647e+01
3.743032316929500780e+01
3.742786630898871181e+01
3.742540929296119856e+01
3.742295216891147902e+01
3.742049498397097551e+01
3.741803778477559206e+01
3.741558061755520725e+01
3.741312352821741882e+01
3.741066656240008115e+01
3.740820976548679511e+01
3.740575318259614335e+01
3.740329685855142117e+01
3.740084083785719571e+01
3.739838516472260466e+01
3.739592988311876809e+01
3.739347503681378271e+01
3.739102066936585089e+01
3.738856682410857246e+01
3.738611354417427890e+01
3.738366087257186621e+01
3.738120885229680113e+01
3.737875752644698224e+01
3.737630693830544715e+01
3.737385713132373866e+01
3.737140814901760422e+01
3.736896003489579243e+01
3.736651283248825450e+01
3.736406658542202308e+01
3.736162133748832304e+01
3.735917713267467377e+01
3.735673401513067660e+01
3.735429202907054247e+01
3.735185121867459657e+01
3.734941162804245351e+01
3.734697330118412850e+01
3.734453628200439823e+01
3.734210061427344129e+01
3.733966634162285914e+01
3.733723350757773574e+01
3.733480215558380166e+01
3.733237232901803537e+01
3.732994407121388036e+01
3.732751742550012608e+01
3.732509243520367193e+01
3.732266914357056464e+01
3.732024759361971178e+01
3.731782782799085396e+01
3.731540988882556320e+01
3.731299381768530310e+01
3.731057965550456856e+01
3.730816744258877549e+01
3.730575721866966177e+01
3.730334902299183852e+01
3.730094289437695210e+01
3.729853887124497902e+01
3.729613699159848039e+01
3.729373729297567763e+01
3.729133981239773021e+01
3.728894458634031395e+01
3.728655165072275679e+01
3.728416104088643834e+01
3.728177279155273993e+01
3.727938693677025839e+01
3.727700350986106770e+01
3.727462254337768144e+01
3.727224406909019194e+01
3.726986811801047850e+01
3.726749472043387357e+01
3.726512390597206092e+01
3.726275570357047684e+01
3.726039014152168960e+01
3.725802724747888561e+01
3.725566704845754629e+01
3.725330957082651651e+01
3.725095484031652404e+01
3.724860288206478032e+01
3.724625372067320939e+01
3.724390738024521141e+01
3.724156388439128307e+01
3.723922325622877594e+01
3.723688551842256800e+01
3.723455069329001077e+01
3.723221880293998964e+01
3.722988986939733280e+01
3.722756391468827530e+01
3.722524096088501722e+01
3.722292103010835262e+01
3.722060414449234145e+01
3.721829032616550137e+01
3.721597959731482774e+01
3.721367198029268053e+01
3.721136749767779861e+01
3.720906617229647395e+01
3.720676802727094667e+01
3.720447308611258563e+01
3.720218137281804616e+01
3.719989291194588787e+01
3.719760772868928456e+01
3.719532584894294303e+01
3.719304729934950871e+01
3.719077210732260852e+01
3.718850030104164262e+01
3.718623190942024337e+01
3.718396696206891505e+01
3.718170548926544683e+01
3.717944752191266389e+01
3.717719309145233098e+01
3.717494222976151264e+01
3.717269496910836324e+01
3.717045134218098212e+01
3.716821138212594633e+01
3.716597512257327196e+01
3.716374259767300714e+01
3.716151384213768694e+01
3.715928889125845558e+01
3.715706778088225803e+01
3.715485054736564763e+01
3.715263722753827125e+01
3.715042785870538466e+01
3.714822247867464000e+01
3.714602112577028947e+01
3.714382383885996575e+01
3.714163065743605330e+01
3.713944162171068797e+01
3.713725677266398151e+01
3.713507615204548529e+01
3.713289980235614252e+01
3.713072776680983367e+01
3.712856008925200513e+01
3.712639681405784131e+01
3.712423798607135694e+01
3.712208365059711213e+01
3.711993385340061025e+01
3.711778864069120942e+01
3.711564805910015963e+01
3.711351215567323436e+01
3.711138097788280987e+01
3.710925457364778879e+01
3.710713299134274479e+01
3.710501627978855765e+01
3.710290448822653531e+01
3.710079766627491438e+01
3.709869586387471685e+01
3.709659913124136921e+01
3.709450751882125985e+01
3.709242107724725201e+01
3.709033985731661431e+01
3.708826391001571920e+01
3.708619328657977121e+01
3.708412803855354412e+01
3.708206821782766838e+01
3.708001387664676685e+01
3.707796506759121513e+01
3.707592184353750753e+01
3.707388425761952533e+01
3.707185236321616628e+01
3.706982621396328170e+01
3.706780586375976583e+01
3.706579136674243813e+01
3.706378277723369763e+01
3.706178014968233470e+01
3.705978353860818686e+01
3.705779299854291509e+01
3.705580858396007216e+01
3.705383034920902929e+01
3.705185834849569204e+01
3.704989263595373217e+01
3.704793326576263013e+01
3.704598029219165056e+01
3.704403376953860061e+01
3.704209375204033705e+01
3.704016029378519903e+01
3.703823344860012412e+01
3.703631326992604045e+01
3.703439981072153131e+01
3.703249312340152954e+01
3.703059325979936744e+01
3.702870027115906026e+01
3.702681420817528135e+01
3.702493512107325557e+01
3.702306305969252520e+01
3.702119807354448966e+01
3.701934021184351309e+01
3.701748952353325706e+01
3.701564605731876867e+01
3.701380986169079534e+01
3.701198098493061650e+01
3.701015947510997961e+01
3.700834538010563790e+01
3.700653874762557649e+01
3.700473962523521010e+01
3.700294806037871354e+01
3.700116410038961590e+01
3.699938779248188325e+01
3.699761918372642100e+01
3.699585832103047522e+01
3.699410525112477188e+01
3.699236002056044725e+01
3.699062267573317087e+01
3.698889326293657120e+01
3.698717182842042206e+01
3.698545841843427695e+01
3.698375307924865751e+01
3.698205585715379584e+01
3.698036679844187802e+01
3.697868594937557418e+01
3.697701335614977580e+01
3.697534906486008310e+01
3.697369312148110509e+01
3.697204557184272744e+01
3.697040646159471322e+01
3.696877583615665230e+01
3.696715374065235693e+01
3.696554021984127303e+01
3.696393531807132149e+01
3.696233907925708451e+01
3.696075154686185016e+01
3.695917276386595773e+01
3.695760277272452754e+01
3.695604161533579912e+01
3.695448933304357553e+01
3.695294596666888509e+01
3.695141155654552279e+01
3.694988614255849768e+01
3.694836976418731922e+01
3.694686246051912093e+01
3.694536427021299829e+01
3.694387523144588670e+01
3.694239538186424454e+01
3.694092475854348834e+01
3.693946339795914469e+01
3.693801133596673480e+01
3.693656860777677764e+01
3.693513524793075931e+01
3.693371129031213940e+01
3.693229676820800478e+01
3.693089171438531793e+01
3.692949616112918676e+01
3.692811014021093285e+01
3.692673368278897073e+01
3.692536681928920217e+01
3.692400957932339622e+01
3.692266199166696339e+01
3.692132408427080748e+01
3.691999588427315615e+01
3.691867741800655267e+01
3.691736871100671635e+01
3.691606978801556949e+01
3.691478067296965548e+01
3.691350138897585964e+01
3.691223195828125370e+01
3.691097240225171561e+01
3.690972274138076159e+01
3.690848299533141130e+01
3.690725318298296287e+01
3.690603332244752011e+01
3.690482343103879259e+01
3.690362352520583045e+01
3.690243362046962261e+01
3.690125373139770204e+01
3.690008387163522485e+01
3.689892405398082786e+01
3.689777429044594470e+01
3.689663459224490794e+01
3.689550496974707272e+01
3.689438543245031354e+01
3.689327598898186267e+01
3.689217664710488975e+01
3.689108741372510991e+01
3.689000829489930311e+01
3.688893929584483544e+01
3.688788042094814301e+01
3.688683167377319450e+01
3.688579305707778389e+01
3.688476457284536991e+01
3.688374622233634881e+01
3.688273800615783671e+01
3.688173992432957249e+01
3.688075197631665247e+01
3.687977416103888118e+01
3.687880647688788827e+01
3.687784892174717299e+01
3.687690149299553610e+01
3.687596418752516314e+01
3.687503700183659561e+01
3.687411993220774065e+01
3.687321297484533034e+01
3.687231612594967345e+01
3.687142938171702866e+01
3.687055273831860802e+01
3.686968619184547435e+01
3.686882973821149534e+01
3.686798337305241802e+01
3.686714709167657134e+01
3.686632088909539107e+01
3.686550476010265953e+01
3.686469869934300903e+01
3.686390270134531733e+01
3.686311676052691411e+01
3.686234087117337310e+01
3.686157502740467606e+01
3.686081922314816950e+01
3.686007345213003106e+01
3.685933770788129493e+01
3.685861198374975345e+01
3.685789627291374870e+01
3.685719056838818375e+01
3.685649486301102229e+01
3.685580914945022357e+01
3.685513342029446449e+01
3.685446766819642050e+01
3.685381188596635127e+01
3.685316606657022476e+01
3.685253020306156913e+01
3.685190428848703448e+01
3.685128831577046071e+01
3.685068227755022718e+01
3.685008616597954045e+01
3.684949997257641030e+01
3.684892368820408848e+01
3.684835730317330871e+01
3.684780080742049080e+01
3.684725419071605756e+01
3.684671744283290451e+01
3.684619055363390316e+01
3.684567351312048800e+01
3.684516631150167143e+01
3.684466893925036146e+01
3.684418138705349577e+01
3.684370364567354272e+01
3.684323570584596297e+01
3.684277755826441592e+01
3.684232919360677982e+01
3.684189060256024106e+01
3.684146177584245407e+01
3.684104270423239313e+01
3.684063337861488208e+01
3.684023379003090781e+01
3.683984392974062416e+01
3.683946378929699961e+01
3.683909336058542294e+01
3.683873263580382229e+01
3.683838160741746037e+01
3.683804026811857568e+01
3.683770861078603787e+01
3.683738662843813216e+01
3.683707431418439171e+01
3.683677166117638535e+01
3.683647866253712522e+01
3.683619531125728486e+01
3.683592160009438743e+01
3.683565752152351536e+01
3.683540306773779349e+01
3.683515823065361872e+01
3.683492300191207391e+01
3.683469737294650059e+01
3.683448133515526735e+01
3.683427488009893835e+01
3.683407799963011087e+01
3.683389068594733828e+01
3.683371293161298610e+01
3.683354472957979908e+01
3.683338607324573388e+01
3.683323695651268537e+01
3.683309737380911031e+01
3.683296732006689922e+01
3.683284679066996148e+01
3.683273578139306892e+01
3.683263428834357001e+01
3.683254230790801387e+01
3.683245983670360602e+01
3.683238687154423729e+01
3.683232340942505090e+01
3.683226944752058074e+01
3.683222498319460669e+01
3.683219001401386805e+01
3.683216453774911514e+01
3.683214855233427443e+01
3.683214205574758893e+01
3.683214504584610438e+01
3.683215752025361667e+01
3.683217947633341538e+01
3.683221091118045365e+01
3.683225182158918187e+01
3.683230220401453892e+01
3.683236205454753076e+01
3.683243136890343550e+01
3.683251014242272703e+01
3.683259837009045157e+01
3.683269604656819496e+01
3.683280316624270512e+01
3.683291972330948738e+01
3.683304571186322818e+01
3.683318112593268978e+01
3.683332595945227439e+01
3.683348020620237406e+01
3.683364385973803934e+01
3.683381691332152741e+01
3.683399935986945906e+01
3.683419119191647439e+01
3.683439240159842853e+01
3.683460298064913729e+01
3.683482292039619210e+01
3.683505221175865785e+01
3.683529084526721675e+01
3.683553881111249240e+01
3.683579609920896303e+01
3.683606269925598298e+01
3.683633860077338085e+01
3.683662379310788282e+01
3.683691826543073233e+01
3.683722200673724956e+01
3.683753500584440843e+01
3.683785725138746159e+01
3.683818873181944298e+01
3.683852943541356950e+01
3.683887935026470473e+01
3.683923846428491800e+01
3.683960676518734090e+01
3.683998424045447706e+01
3.684037087730541060e+01
3.684076666268264688e+01
3.684117158325044983e+01
3.684158562538744519e+01
3.684200877517724138e+01
3.684244101838729080e+01
3.684288234039714638e+01
3.684333272608574816e+01
3.684379215974210098e+01
3.684426062500710231e+01
3.684473810479586575e+01
3.684522458121030297e+01
3.684572003554519881e+01
3.684622444847739331e+01
3.684673780037381619e+01
3.684726007151861182e+01
3.684779124214452395e+01
3.684833129234926474e+01
3.684888020201771042e+01
3.684943795076848971e+01
3.685000451788492626e+01
3.685057988222456515e+01
3.685116402215592757e+01
3.685175691556932520e+01
3.685235853993923882e+01
3.685296887237407049e+01
3.685358788962883381e+01
3.685421556810421606e+01
3.685485188385922584e+01
3.685549681264531330e+01
3.685615032995306706e+01
3.685681241105216799e+01
3.685748303099911993e+01
3.685816216460697348e+01
3.685884978639072784e+01
3.685954587048932751e+01
3.686025039057494723e+01
3.686096331979348406e+01
3.686168463075564006e+01
3.686241429554849702e+01
3.686315228574120795e+01
3.686389857238481937e+01
3.686465312601601596e+01
3.686541591667833728e+01
3.686618691396193270e+01
3.686696608704327360e+01
3.686775340471803020e+01
3.686854883542815742e+01
3.686935234726646371e+01
3.687016390795979959e+01
3.687098348485027799e+01
3.687181104484822214e+01
3.687264655432860394e+01
3.687348997905864678e+01
3.687434128427833713e+01
3.687520043489787724e+01
3.687606739568136760e+01
3.687694213134973609e+01
3.687782460658230832e+01
3.687871478596478880e+01
3.687961263402100798e+01
3.688051811536639946e+01
3.688143119484296761e+01
3.688235183752669144e+01
3.688328000865006828e+01
3.688421567353253749e+01
3.688515879755855309e+01
3.688610934619072879e+01
3.688706728501318821e+01
3.688803257983335016e+01
3.688900519684309387e+01
3.688998510278382525e+01
3.689097226507454508e+01
3.689196665191448687e+01
3.689296823238490930e+01
3.689397697654978714e+01
3.689499285552633978e+01
3.689601584150585012e+01
3.689704590775016868e+01
3.689808302860079436e+01
3.689912717950457477e+01
3.690017833703544881e+01
3.690123647889087977e+01
3.690230158384637349e+01
3.690337363168078610e+01
3.690445260312205278e+01
3.690553847983382951e+01
3.690663124440699505e+01
3.690773088033457583e+01
3.690883737198569037e+01
3.690995070458435379e+01
3.691107086418730887e+01
3.691219783765887996e+01
3.691333161263127494e+01
3.691447217743559150e+01
3.691561952101045563e+01
3.691677363280961544e+01
3.691793450272227517e+01
3.691910212100304989e+01
3.692027647819033831e+01
3.692145756499535025e+01
3.692264537218537157e+01
3.692383989050203041e+01
3.692504111061951733e+01
3.692624902312613955e+01
3.692746361852735504e+01
3.692868488726723797e+01
3.692991281974999396e+01
3.693114740634970161e+01
3.693238863741914457e+01
3.693363650331515657e+01
3.693489099443566914e+01
3.693615210123721937e+01
3.693741981420866693e+01
3.693869412379905270e+01
3.693997502030755697e+01
3.694126249376067506e+01
3.694255653381186733e+01
3.694385712966256818e+01
3.694516426997349612e+01
3.694647794276814068e+01
3.694779813536934654e+01
3.694912483437291684e+01
3.695045802561146786e+01
3.695179769410655979e+01
3.695314382406955644e+01
3.695449639896773419e+01
3.695585540158840132e+01
3.695722081402706038e+01
3.695859261760346470e+01
3.695997079280103748e+01
3.696135531930955409e+01
3.696274617612915137e+01
3.696414334165098836e+01
3.696554679369305774e+01
3.696695650950193368e+01
3.696837246573495150e+01
3.696979463844927238e+01
3.697122300309774090e+01
3.697265753449156023e+01
3.697409820672016423e+01
3.697554499309150344e+01
3.697699786616682616e+01
3.697845679789769235e+01
3.697992175980201779e+01
3.698139272309129666e+01
3.698286965868590670e+01
3.698435253710855619e+01
3.698584132829496696e+01
3.698733600138407240e+01
3.698883652454814097e+01
3.699034286489403911e+01
3.699185498843067421e+01
3.699337286008515235e+01
3.699489644375400843e+01
3.699642570235928218e+01
3.699796059786272906e+01
3.699950109122734432e+01
3.700104714236239545e+01
3.700259871009568968e+01
3.700415575222184117e+01
3.700571822565956381e+01
3.700728608665773578e+01
3.700885929094005178e+01
3.701043779377561549e+01
3.701202155002717120e+01
3.701361051415933900e+01
3.701520464016503098e+01
3.701680388145875611e+01
3.701840819082543987e+01
3.702001752045782723e+01
3.702163182208165892e+01
3.702325104711286485e+01
3.702487514671642543e+01
3.702650407172204439e+01
3.702813777252612937e+01
3.702977619911753493e+01
3.703141930121327619e+01
3.703306702840509246e+01
3.703471933026592211e+01
3.703637615641848413e+01
3.703803745657456403e+01
3.703970318055095845e+01
3.704137327826396842e+01
3.704304769970629962e+01
3.704472639491724095e+01
3.704640931395957892e+01
3.704809640691112804e+01
3.704978762386893720e+01
3.705148291496516322e+01
3.705318223040924863e+01
3.705488552058754692e+01
3.705659273622628547e+01
3.705830382855743466e+01
3.706001874940370300e+01
3.706173745113884621e+01
3.706345988655548496e+01
3.706518600876007952e+01
3.706691577119270420e+01
3.706864912770420517e+01
3.707038603255157483e+01
3.707212644030756366e+01
3.707387030577808673e+01
3.707561758394790985e+01
3.707736822992141867e+01
3.707912219890138772e+01
3.708087944630025135e+01
3.708263992795357922e+01
3.708440360028392746e+01
3.708617042036726730e+01
3.708794034599060296e+01
3.708971333573594364e+01
3.709148934902231076e+01
3.709326834605334966e+01
3.709505028771029345e+01
3.709683513547810918e+01
3.709862285143879035e+01
3.710041339830269180e+01
3.710220673945836012e+01
3.710400283902620089e+01
3.710580166188687912e+01
3.710760317369118866e+01
3.710940734090105764e+01
3.711121413089782095e+01
3.711302351212257378e+01
3.711483545416592733e+01
3.711664992778364791e+01
3.711846690487926992e+01
3.712028635847688918e+01
3.712210826269690500e+01
3.712393259276196744e+01
3.712575932503405340e+01
3.712758843704084910e+01
3.712941990744272402e+01
3.713125371592759194e+01
3.713308984309503558e+01
3.713492827042718147e+01
3.713676898034133700e+01
3.713861195621150557e+01
3.714045718234016391e+01
3.714230464399047094e+01
3.714415432749638768e+01
3.714600622032896382e+01
3.714786031104862474e+01
3.714971658919807851e+01
3.715157504520590948e+01
3.715343567030477345e+01
3.715529845643205675e+01
3.715716339609257801e+01
3.715903048218227411e+01
3.716089970779533758e+01
3.716277106605281233e+01
3.716464454997497313e+01
3.716652015239659335e+01
3.716839786591921779e+01
3.717027768288873091e+01
3.717215959539539227e+01
3.717404359532253721e+01
3.717592967443905394e+01
3.717781782447345762e+01
3.717970803713525640e+01
3.718160030410619754e+01
3.718349461702756287e+01
3.718539096749235284e+01
3.718728934704041222e+01
3.718918974714764403e+01
3.719109215917921318e+01
3.719299657426194017e+01
3.719490298309816723e+01
3.719681137581864050e+01
3.719872174192109071e+01
3.720063407025947555e+01
3.720254834904875452e+01
3.720446456587949058e+01
3.720638270773821432e+01
3.720830276101517597e+01
3.721022471149061772e+01
3.721214854431523378e+01
3.721407424400231889e+01
3.721600179445006518e+01
3.721793117900480752e+01
3.721986238053305129e+01
3.722179538146031774e+01
3.722373016377984811e+01
3.722566670904178920e+01
3.722760499830536673e+01
3.722954501205794742e+01
3.723148673014381416e+01
3.723343013171635363e+01
3.723537519518435346e+01
3.723732189816907834e+01
3.723927021753721789e+01
3.724122012949434435e+01
3.724317160963930462e+01
3.724512463293394404e+01
3.724707917362891862e+01
3.724903520521782951e+01
3.725099270047019218e+01
3.725295163152678413e+01
3.725491196999789167e+01
3.725687368703331259e+01
3.725883675337582446e+01
3.726080113940777494e+01
3.726276681517823874e+01
3.726473375041163649e+01
3.726670191450855185e+01
3.726867127651641454e+01
3.727064180506013003e+01
3.727261346827769728e+01
3.727458623378008440e+01
3.727656006859167803e+01
3.727853493904687099e+01
3.728051081068664274e+01
3.728248764821069017e+01
3.728446541548699145e+01
3.728644407557798246e+01
3.728842359075203206e+01
3.729040392248333546e+01
3.729238503145560912e+01
3.729436687756975033e+01
3.729634941994266484e+01
3.729833261689446999e+01
3.730031642593856134e+01
3.730230080378046864e+01
3.730428570629627671e+01
3.730627108845646944e+01
3.730825690420593332e+01
3.731024310634494157e+01
3.731222964644717166e+01
3.731421647482736859e+01
3.731620354055385036e+01
3.731819079148926477e+01
3.732017817434199003e+01
3.732216563472542958e+01
3.732415311722794371e+01
3.732614056548475645e+01
3.732812792224013521e+01
3.733011512939496157e+01
3.733210212805133921e+01
3.733408885858255388e+01
3.733607526073324578e+01
3.733806127373126316e+01
3.734004683640728928e+01
3.734203188731155620e+01
3.734401636481011622e+01
3.734600020717233093e+01
3.734798335266814462e+01
3.734996573968086864e+01
3.735194730682297148e+01
3.735392799299918920e+01
3.735590773736353754e+01
3.735788647920124106e+01
3.735986415783118275e+01
3.736184071257358852e+01
3.736381608273136123e+01
3.736579020754707159e+01
3.736776302617454348e+01
3.736973447768747292e+01
3.737170450110163955e+01
3.737367303539918595e+01
3.737564001954497428e+01
3.737760539246600189e+01
3.737956909298306130e+01
3.738153105973073309e+01
3.738349123110560868e+01
3.738544954524572006e+01
3.738740594003817108e+01
3.738936035314434747e+01
3.739131272197835187e+01
3.739326298358319889e+01
3.739521107446116588e+01
3.739715693047435252e+01
3.739910048685912614e+01
3.740104167830690329e+01
3.740298043903418090e+01
3.740491670278921532e+01
3.740685040279351625e+01
3.740878147165698664e+01
3.741070984133496324e+01
3.741263544319536294e+01
3.741455820817737532e+01
3.741647806692967748e+01
3.741839494985520531e+01
3.742030878708962405e+01
3.742221950846328582e+01
3.742412704345928631e+01
3.742603132116763476e+01
3.742793227024816360e+01
3.742982981890614269e+01
3.743172389486592522e+01
3.743361442532613381e+01
3.743550133690700932e+01
3.743738455564259482e+01
3.743926400704306445e+01
3.744113961617848219e+01
3.744301130773624919e+01
3.744487900605036401e+01
3.744674263511308254e+01
3.744860211859539589e+01
3.745045737992205659e+01
3.745230834241577611e+01
3.745415492948427527e+01
3.745599706480736302e+01
3.745783467246943133e+01
3.745966767701115430e+01
3.746149600342662467e+01
3.746331957714879479e+01
3.746513832404274780e+01
3.746695217039309256e+01
3.746876104287680675e+01
3.747056486855063895e+01
3.747236357488338854e+01
3.747415708980857829e+01
3.747594534174311320e+01
3.747772825956013776e+01
3.747950577256089133e+01
3.748127781049629448e+01
3.748304430363335626e+01
3.748480518280791074e+01
3.748656037942772201e+01
3.748830982543662316e+01
3.749005345324651017e+01
3.749179119563720519e+01
3.749352298566022768e+01
3.749524875658836720e+01
3.749696844190223288e+01
3.749868197529637115e+01
3.750038929072623972e+01
3.750209032251463981e+01
3.750378500548250571e+01
3.750547327501543293e+01
3.750715506702500335e+01
3.750883031792954370e+01
3.751049896479669599e+01
3.751216094555800140e+01
3.751381619910468856e+01
3.751546466525880419e+01
3.751710628473846043e+01
3.751874099915723093e+01
3.752036875101963886e+01
3.752198948368647535e+01
3.752360314131670549e+01
3.752520966880557296e+01
3.752680901172941219e+01
3.752840111629451769e+01
3.752998592928297228e+01
3.753156339799271279e+01
3.753313347017368784e+01
3.753469609396501738e+01
3.753625121783892382e+01
3.753779879055549884e+01
3.753933876112907342e+01
3.754087107880047824e+01
3.754239569300349899e+01
3.754391255332736677e+01
3.754542160949009144e+01
3.754692281131754328e+01
3.754841610870995794e+01
3.754990145161328741e+01
3.755137879005095414e+01
3.755284807424332882e+01
3.755430925476319004e+01
3.755576228264158800e+01
3.755720710940355644e+01
3.755864368708046186e+01
3.756007196822331906e+01
3.756149190588595843e+01
3.756290345355266425e+01
3.756430656506093868e+01
3.756570119459834700e+01
3.756708729677726666e+01
3.756846482674573195e+01
3.756983374031480594e+01
3.757119399407140037e+01
3.757254554542289071e+01
3.757388835254042192e+01
3.757522237422242739e+01
3.757654756978923416e+01
3.757786389910438629e+01
3.757917132266024396e+01
3.758046980162558981e+01
3.758175929786603575e+01
3.758303977399943108e+01
3.758431119349130256e+01
3.758557352073854929e+01
3.758682672111422818e+01
3.758807076097046718e+01
3.758930560756733996e+01
3.759053122893259058e+01
3.759174759373603081e+01
3.759295467124960766e+01
3.759415243140690421e+01
3.759534084492300821e+01
3.759651988340271345e+01
3.759768951940588266e+01
3.759884972647385837e+01
3.760000047908478393e+01
3.760114175251056423e+01
3.760227352262020872e+01
3.760339576570958542e+01
3.760450845842753154e+01
3.760561157783646991e+01
3.760670510156069213e+01
3.760778900789954804e+01
3.760886327583747857e+01
3.760992788502865380e+01
3.761098281584986580e+01
3.761202804948164413e+01
3.761306356794366934e+01
3.761408935408920229e+01
3.761510539157428923e+01
3.761611166479378454e+01
3.761710815882817371e+01
3.761809485946533016e+01
3.761907175325845287e+01
3.762003882751570671e+01
3.762099607020228120e+01
3.762194346984246351e+01
3.762288101549765429e+01
3.762380869678734285e+01
3.762472650385058159e+01
3.762563442722574081e+01
3.762653245777890731e+01
3.762742058679309309e+01
3.762829880614115297e+01
3.762916710838674561e+01
3.763002548675856929e+01
3.763087393507108658e+01
3.763171244768422952e+01
3.763254101952350084e+01
3.763335964614685736e+01
3.763416832384181276e+01
3.763496704970206963e+01
3.763575582162335564e+01
3.763653463822910794e+01
3.763730349881274861e+01
3.763806240335791387e+01
3.763881135261125621e+01
3.763955034815727885e+01
3.764027939248047261e+01
3.764099848900897172e+01
3.764170764212995834e+01
3.764240685719637014e+01
3.764309614054037922e+01
3.764377549948008550e+01
3.764444494234285088e+01
3.764510447853430009e+01
3.764575411860163001e+01
3.764639387422864303e+01
3.764702375815488722e+01
3.764764378404412071e+01
3.764825396637422728e+01
3.764885432041384661e+01
3.764944486225064679e+01
3.765002560879623417e+01
3.765059657775405810e+01
3.765115778758635656e+01
3.765170925751913700e+01
3.765225100759579391e+01
3.765278305874450382e+01
3.765330543281726960e+01
3.765381815260277421e+01
3.765432124183330842e+01
3.765481472518693096e+01
3.765529862828569918e+01
3.765577297770074239e+01
3.765623780095831563e+01
3.765669312652838130e+01
3.765713898379364366e+01
3.765757540300892714e+01
3.765800241524495107e+01
3.765842005229901446e+01
3.765882834658130918e+01
3.765922733101104569e+01
3.765961703893395907e+01
3.765999750404476032e+01
3.766036876030372582e+01
3.766073084185914865e+01
3.766108378300096149e+01
3.766142761815824969e+01
3.766176238193471448e+01
3.766208810919583527e+01
3.766240483523099414e+01
3.766271259594781640e+01
3.766301142801582813e+01
3.766330136892928948e+01
3.766358245699798601e+01
3.766385473128635653e+01
3.766411823153611493e+01
3.766437299809079775e+01
3.766461907183497715e+01
3.766485649415491110e+01
3.766508530687969625e+01
3.766530555217180165e+01
3.766551727239814085e+01
3.766572051001671184e+01
3.766591530749155226e+01
3.766610170723588880e+01
3.766627975156313823e+01
3.766644948264667647e+01
3.766661094255076847e+01
3.766676417338904770e+01
3.766690921756777755e+01
3.766704611800774671e+01
3.766717491829499664e+01
3.766729566277024333e+01
3.766740839655204809e+01
3.766751316549767381e+01
3.766761001615418536e+01
3.766769899574759251e+01
3.766778015218171305e+01
3.766785353396694092e+01
3.766791919006227118e+01
3.766797716969892917e+01
3.766802752223313888e+01
3.766807029704378351e+01
3.766810554350988838e+01
3.766813331107195495e+01
3.766815364929421150e+01
3.766816660782270532e+01
3.766817223624012456e+01
3.766817058392357609e+01
3.766816169997930075e+01
3.766814563326700949e+01
3.766812243250709002e+01
3.766809214640721848e+01
3.766805482373451497e+01
3.766801051336621242e+01
3.766795926439787223e+01
3.766790112630415877e+01
3.766783614907726019e+01
3.766776438326687781e+01
3.766768587989953687e+01
3.766760069031500535e+01
3.766750886595212222e+01
3.766741045810052668e+01
3.766730551766607249e+01
3.766719409500633020e+01
3.766707623983821662e+01
3.766695200117193565e+01
3.766682142726830307e+01
3.766668456568859114e+01
3.766654146347399745e+01
3.766639216736698614e+01
3.766623672393713917e+01
3.766607517958336615e+01
3.766590758050489285e+01
3.766573397270641976e+01
3.766555440201394589e+01
3.766536891409939614e+01
3.766517755454226091e+01
3.766498036886692091e+01
3.766477740247572825e+01
3.766456870052753203e+01
3.766435430785228533e+01
3.766413426890267857e+01
3.766390862770866477e+01
3.766367742783397432e+01
3.766344071234531299e+01
3.766319852379712785e+01
3.766295090423002279e+01
3.766269789517308197e+01
3.766243953762186436e+01
3.766217587194916661e+01
3.766190693773204146e+01
3.766163277353108896e+01
3.766135341668728387e+01
3.766106890319381506e+01
3.766077926764979367e+01
3.766048454325773065e+01
3.766018476186493302e+01
3.765987995409643219e+01
3.765957014955804993e+01
3.765925537699566661e+01
3.765893566434831996e+01
3.765861103876036253e+01
3.765828152665014272e+01
3.765794715383815117e+01
3.765760794565173342e+01
3.765726392695774649e+01
3.765691512214267078e+01
3.765656155506246705e+01
3.765620324896227800e+01
3.765584022637273875e+01
3.765547250900436893e+01
3.765510011766532728e+01
3.765472307223083703e+01
3.765434139166323746e+01
3.765395509405930596e+01
3.765356419674245814e+01
3.765316871640650476e+01
3.765276866926630106e+01
3.765236407121322770e+01
3.765195493799895132e+01
3.765154128542407364e+01
3.765112312950434159e+01
3.765070048660184199e+01
3.765027337351719439e+01
3.764984180755354970e+01
3.764940580654062785e+01
3.764896538878277710e+01
3.764852057293889231e+01
3.764807137790227642e+01
3.764761782269518875e+01
3.764715992630296171e+01
3.764669770746331068e+01
3.764623118454824180e+01
3.764576037558518351e+01
3.764528529833178538e+01
3.764480597034091858e+01
3.764432240903547466e+01
3.764383463180745792e+01
3.764334265609476660e+01
3.764284649939748562e+01
3.764234617924459769e+01
3.764184171312168559e+01
3.764133311836555151e+01
3.764082041204516571e+01
3.764030361083874965e+01
3.763978273090601334e+01
3.763925778776326325e+01
3.763872879617419898e+01
3.763819577006787398e+01
3.763765872252104572e+01
3.763711766586614260e+01
3.763657261190252967e+01
3.763602357209994409e+01
3.763547055776884065e+01
3.763491358026287514e+01
3.763435265120773465e+01
3.763378778268319280e+01
3.763321898734570681e+01
3.763264627854234590e+01
3.763206967044214224e+01
3.763148917815297523e+01
3.763090481775066820e+01
3.763031660618541707e+01
3.762972456111222641e+01
3.762912870068436888e+01
3.762852904332731185e+01
3.762792560758381200e+01
3.762731841211190442e+01
3.762670747575502617e+01
3.762609281754880186e+01
3.762547445664309009e+01
3.762485241216753451e+01
3.762422670305427630e+01
3.762359734786456755e+01
3.762296436466113647e+01
3.762232777092249592e+01
3.762168758348936848e+01
3.762104381851698776e+01
3.762039649138062458e+01
3.761974561652073135e+01
3.761909120728029876e+01
3.761843327579094165e+01
3.761777183291642501e+01
3.761710688823326620e+01
3.761643845002490139e+01
3.761576652526326825e+01
3.761509111955628271e+01
3.761441223706801651e+01
3.761372988044961829e+01
3.761304405081504143e+01
3.761235474775379117e+01
3.761166196934566130e+01
3.761096571218418205e+01
3.761026597147610318e+01
3.760956274124117726e+01
3.760885601452269356e+01
3.760814578350643700e+01
3.760743203954712754e+01
3.760671477317537637e+01
3.760599397413773204e+01
3.760526963147379576e+01
3.760454173362352748e+01
3.760381026853551845e+01
3.760307522372853128e+01
3.760233658632380127e+01
3.760159434311632509e+01
3.760084848068995456e+01
3.760009898550430307e+01
3.759934584386961376e+01
3.759858904176670791e+01
3.759782856457838562e+01
3.759706439688110891e+01
3.759629652236442610e+01
3.759552492381946109e+01
3.759474958313622039e+01
3.759397048129797980e+01
3.759318759837372426e+01
3.759240091351936996e+01
3.759161040500721640e+01
3.759081605030121409e+01
3.759001782618872767e+01
3.758921570894347752e+01
3.758840967447191872e+01
3.758759969842554938e+01
3.758678575626935725e+01
3.758596782327241215e+01
3.758514587441750621e+01
3.758431988430507431e+01
3.758348982712327313e+01
3.758265567665900164e+01
3.758181740628756273e+01
3.758097498892810506e+01
3.758012839697970264e+01
3.757927760225643965e+01
3.757842257594974456e+01
3.757756328862776485e+01
3.757669971026984257e+01
3.757583181037790609e+01
3.757495955820673572e+01
3.757408292304879893e+01
3.757320187443917092e+01
3.757231638221924186e+01
3.757142641650791859e+01
3.757053194763479809e+01
3.756963294603928460e+01
3.756872938215995106e+01
3.756782122638919219e+01
3.756690844912724714e+01
3.756599102086443054e+01
3.756506891219522970e+01
3.756414209376229962e+01
3.756321053621790185e+01
3.756227421025267432e+01
3.756133308662433024e+01
3.756038713610653446e+01
3.755943632942410204e+01
3.755848063733244402e+01
3.755752003084986512e+01
3.755655448149189368e+01
3.755558396144129318e+01
3.755460844369957130e+01
3.755362790220345914e+01
3.755264231181374868e+01
3.755165164815512213e+01
3.755065588741604898e+01
3.754965500623829655e+01
3.754864898173019583e+01
3.754763779152857239e+01
3.754662141380034512e+01
3.754559982714472000e+01
3.754457301045253814e+01
3.754354094279101872e+01
3.754250360331862879e+01
3.754146097122145420e+01
3.754041302571771155e+01
3.753935974616458537e+01
3.753830111222839605e+01
3.753723710406742242e+01
3.753616770248062551e+01
3.753509288898432317e+01
3.753401264584989860e+01
3.753292695614832297e+01
3.753183580376548889e+01
3.753073917335130005e+01
3.752963705026292018e+01
3.752852942056843943e+01
3.752741627107294420e+01
3.752629758929393944e+01
3.752517336337542275e+01
3.752404358197951240e+01
3.752290823418012877e+01
3.752176730934882443e+01
3.752062079706399089e+01
3.751946868713991989e+01
3.751831096979809388e+01
3.751714763587159496e+01
3.751597867695302568e+01
3.751480408548300716e+01
3.751362385478414296e+01
3.751243797902196064e+01
3.751124645307522343e+01
3.751004927235757691e+01
3.750884643267427521e+01
3.750763793012273339e+01
3.750642376100574182e+01
3.750520392179539186e+01
3.750397840920410175e+01
3.750274722034140495e+01
3.750151035285809797e+01
3.750026780498905055e+01
3.749901957550351739e+01
3.749776566366809050e+01
3.749650606931103169e+01
3.749524079295179035e+01
3.749396983588676591e+01
3.749269320019807594e+01
3.749141088878672434e+01
3.749012290552752802e+01
3.748882925546885048e+01
3.748752994491838564e+01
3.748622498137405046e+01
3.748491437336920740e+01
3.748359813030518950e+01
3.748227626230137588e+01
3.748094878005112918e+01
3.747961569467580034e+01
3.747827701761283947e+01
3.747693276060223155e+01
3.747558293579874089e+01
3.747422755593368748e+01
3.747286663440866761e+01
3.747150018529664806e+01
3.747012822331294757e+01
3.746875076381540737e+01
3.746736782285621103e+01
3.746597941725221403e+01
3.746458556461048062e+01
3.746318628328076272e+01
3.746178159226123938e+01
3.746037151113641528e+01
3.745895606011535506e+01
3.745753526010106782e+01
3.745610913263429609e+01
3.745467769969894789e+01
3.745324098355773401e+01
3.745179900673201701e+01
3.745035179206832510e+01
3.744889936281173703e+01
3.744744174267336945e+01
3.744597895587357783e+01
3.744451102713835411e+01
3.744303798167047148e+01
3.744155984511861135e+01
3.744007664353782161e+01
3.743858840334112870e+01
3.743709515127071086e+01
3.743559691440504622e+01
3.743409372018172121e+01
3.743258559642411853e+01
3.743107257139829613e+01
3.742955467391081470e+01
3.742803193339390333e+01
3.742650437990975121e+01
3.742497204407690958e+01
3.742343495697915046e+01
3.742189315010455175e+01
3.742034665534009719e+01
3.741879550500816976e+01
3.741723973187187369e+01
3.741567936906150038e+01
3.741411444996782620e+01
3.741254500816565809e+01
3.741097107737534344e+01
3.740939269144477919e+01
3.740780988434114818e+01
3.740622269015529611e+01
3.740463114314614046e+01
3.740303527784730875e+01
3.740143512920604252e+01
3.739983073267821112e+01
3.739822212422398451e+01
3.739660934022850824e+01
3.739499241742550595e+01
3.739337139288520007e+01
3.739174630408108868e+01
3.739011718900450632e+01
3.738848408627335118e+01
3.738684703518818964e+01
3.738520607573479992e+01
3.738356124859841145e+01
3.738191259523835441e+01
3.738026015800846835e+01
3.737860398029997100e+01
3.737694410667941725e+01
3.737528058299259470e+01
3.737361345642359822e+01
3.737194277548574917e+01
3.737026858991701772e+01
3.736859095052484037e+01
3.736690990908451226e+01
3.736522551833105865e+01
3.736353783198038059e+01
3.736184690470847869e+01
3.736015279209080830e+01
3.735845555054057598e+01
3.735675523725396374e+01
3.735505191016108029e+01
3.735334562791698687e+01
3.735163644995203214e+01
3.734992443653299432e+01
3.734820964875402893e+01
3.734649214840784026e+01
3.734477199777796130e+01
3.734304925948458020e+01
3.734132399647263156e+01
3.733959627207971721e+01
3.733786615007194598e+01
3.733613369463296294e+01
3.733439897035887611e+01
3.733266204227651741e+01
3.733092297587344888e+01
3.732918183713960758e+01
3.732743869261678782e+01
3.732569360943446668e+01
3.732394665531643341e+01
3.732219789857666825e+01
3.732044740814448858e+01
3.731869525362666451e+01
3.731694150537643395e+01
3.731518623454685013e+01
3.731342951312372236e+01
3.731167141394102771e+01
3.730991201069043939e+01
3.730815137793285885e+01
3.730638959110307695e+01
3.730462672649015587e+01
3.730286286117780037e+01
3.730109807293607105e+01
3.729933244007995086e+01
3.729756604133476827e+01
3.729579895573372994e+01
3.729403126254374001e+01
3.729226304120577140e+01
3.729049437127921607e+01
3.728872533238812537e+01
3.728695600416941147e+01
3.728518646621522947e+01
3.728341679800653452e+01
3.728164707884867823e+01
3.727987738781959592e+01
3.727810780373162203e+01
3.727633840510019780e+01
3.727456927011347432e+01
3.727280047661464835e+01
3.727103210211932094e+01
3.726926422386012661e+01
3.726749691882162807e+01
3.726573026374700248e+01
3.726396433512712036e+01
3.726219920919458417e+01
3.726043496193517512e+01
3.725867166910430228e+01
3.725690940623263714e+01
3.725514824862402463e+01
3.725338827135332309e+01
3.725162954926333470e+01
3.724987215695583131e+01
3.724811616877387621e+01
3.724636165877725347e+01
3.724460870072476837e+01
3.724285736807696168e+01
3.724110773400665408e+01
3.723935987138706594e+01
3.723761385274679014e+01
3.723586975021019896e+01
3.723412763545048421e+01
3.723238757966896628e+01
3.723064965359201040e+01
3.722891392746591066e+01
3.722718047103526828e+01
3.722544935350474304e+01
3.722372064349994503e+01
3.722199440904473278e+01
3.722027071756198069e+01
3.721854963588896226e+01
3.721683123027901274e+01
3.721511556635261542e+01
3.721340270900170566e+01
3.721169272232704373e+01
3.720998566968377474e+01
3.720828161379125731e+01
3.720658061679607442e+01
3.720488274025425568e+01
3.720318804507937216e+01
3.720149659149746668e+01
3.719980843902729362e+01
3.719812364649266101e+01
3.719644227205628084e+01
3.719476437326326845e+01
3.719309000708664570e+01
3.719141922995429894e+01
3.718975209773403634e+01
3.718808866567876237e+01
3.718642898837645561e+01
3.718477311974788790e+01
3.718312111306087786e+01
3.718147302089298023e+01
3.717982889503465316e+01
3.717818878640225222e+01
3.717655274503569274e+01
3.717492082017991351e+01
3.717329306038387671e+01
3.717166951357030769e+01
3.717005022708305972e+01
3.716843524773444329e+01
3.716682462185354296e+01
3.716521839532863680e+01
3.716361661364675939e+01
3.716201932192150537e+01
3.716042656488873774e+01
3.715883838687692275e+01
3.715725483179009814e+01
3.715567594313182553e+01
3.715410176405534060e+01
3.715253233736022764e+01
3.715096770535163273e+01
3.714940790962647554e+01
3.714785299097263760e+01
3.714630298946391207e+01
3.714475794464169667e+01
3.714321789563914678e+01
3.714168288122743178e+01
3.714015293982785693e+01
3.713862810949674298e+01
3.713710842788980671e+01
3.713559393222946170e+01
3.713408465927994939e+01
3.713258064533797409e+01
3.713108192625453796e+01
3.712958853746556542e+01
3.712810051399127786e+01
3.712661789041419524e+01
3.712514070088144535e+01
3.712366897914606056e+01
3.712220275861891139e+01
3.712074207241583679e+01
3.711928695342619022e+01
3.711783743440958006e+01
3.711639354806924018e+01
3.711495532705332323e+01
3.711352280388604186e+01
3.711209601086761722e+01
3.711067497998498510e+01
3.710925974284482720e+01
3.710785033061052474e+01
3.710644677391861990e+01
3.710504910276709722e+01
3.710365734639380264e+01
3.710227153317346449e+01
3.710089169056333702e+01
3.709951784513167894e+01
3.709815002265730044e+01
3.709678824821547494e+01
3.709543254618007779e+01
3.709408294016921559e+01
3.709273945301225694e+01
3.709140210676754634e+01
3.709007092275760442e+01
3.708874592158579730e+01
3.708742712312578504e+01
3.708611454649435046e+01
3.708480821002910233e+01
3.708350813128955537e+01
3.708221432707472331e+01
3.708092681343006092e+01
3.707964560564554546e+01
3.707837071829762721e+01
3.707710216536910508e+01
3.707583996040600027e+01
3.707458411665393783e+01
3.707333464715755156e+01
3.707209156482281287e+01
3.707085488243944127e+01
3.706962461266045494e+01
3.706840076794269834e+01
3.706718336048449203e+01
3.706597240221388745e+01
3.706476790484025230e+01
3.706356987993408580e+01
3.706237833898638456e+01
3.706119329342214996e+01
3.706001475460815442e+01
3.705884273391512806e+01
3.705767724281410125e+01
3.705651829294156840e+01
3.705536589612952270e+01
3.705422006443555460e+01
3.705308081017575716e+01
3.705194814594116792e+01
3.705082208458784976e+01
3.704970263919773288e+01
3.704858982300636683e+01
3.704748364929842808e+01
3.704638413128386532e+01
3.704529128198070964e+01
3.704420511413211159e+01
3.704312564016515807e+01
3.704205287218571385e+01
3.704098682200547898e+01
3.703992750119137156e+01
3.703887492111392987e+01
3.703782909296944581e+01
3.703679002776210893e+01
3.703575773624427825e+01
3.703473222882651328e+01
3.703371351549154866e+01
3.703270160575105763e+01
3.703169650865309848e+01
3.703069823281776252e+01
3.702970678647968583e+01
3.702872217752074846e+01
3.702774441347454371e+01
3.702677350149872382e+01
3.702580944833167109e+01
3.702485226025702758e+01
3.702390194309055715e+01
3.702295850218362006e+01
3.702202194242752853e+01
3.702109226824923383e+01
3.702016948359521109e+01
3.701925359191147891e+01
3.701834459613237271e+01
3.701744249867908110e+01
3.701654730146005079e+01
3.701565900586559366e+01
3.701477761274980338e+01
3.701390312240269509e+01
3.701303553453115569e+01
3.701217484826709381e+01
3.701132106219900209e+01
3.701047417440836540e+01
3.700963418250217529e+01
3.700880108362688503e+01
3.700797487444442169e+01
3.700715555110230781e+01
3.700634310925148185e+01
3.700553754409241947e+01
3.700473885038709909e+01
3.700394702242321898e+01
3.700316205396385527e+01
3.700238393820775684e+01
3.700161266776429159e+01
3.700084823463613048e+01
3.700009063019025035e+01
3.699933984511141460e+01
3.699859586936826616e+01
3.699785869221060608e+01
3.699712830217934112e+01
3.699640468713583630e+01
3.699568783436829733e+01
3.699497773078866913e+01
3.699427436313835216e+01
3.699357771812076123e+01
3.699288778244336839e+01
3.699220454278176362e+01
3.699152798569402734e+01
3.699085809752341447e+01
3.699019486430884740e+01
3.698953827171090580e+01
3.698888830495054236e+01
3.698824494872828694e+01
3.698760818711905785e+01
3.698697800350598897e+01
3.698635438060962599e+01
3.698573730058928533e+01
3.698512674514432774e+01
3.698452269558138283e+01
3.698392513286300698e+01
3.698333403765344229e+01
3.698274939037411713e+01
3.698217117129220810e+01
3.698159936065112419e+01
3.698103393880583667e+01
3.698047488629874380e+01
3.697992218384598573e+01
3.697937581227206039e+01
3.697883575245514720e+01
3.697830198529971568e+01
3.697777449171108799e+01
3.697725325257577822e+01
3.697673824879548476e+01
3.697622946137647659e+01
3.697572687150352522e+01
3.697523046055233209e+01
3.697474021006794231e+01
3.697425610176158983e+01
3.697377811754851251e+01
3.697330623960615270e+01
3.697284045042460576e+01
3.697238073283948268e+01
3.697192707004821699e+01
3.697147944561176303e+01
3.697103784344655253e+01
3.697060224781250781e+01
3.697017264329230102e+01
3.696974901474722230e+01
3.696933134725455261e+01
3.696891962607897852e+01
3.696851383673364921e+01
3.696811396510062053e+01
3.696771999752405691e+01
3.696733192084588637e+01
3.696694972241520105e+01
3.696657339008886822e+01
3.696620291219995380e+01
3.696583827747066664e+01
3.696547947489992225e+01
3.696512649367723213e+01
3.696477932313066361e+01
3.696443795271371613e+01
3.696410237206142568e+01
3.696377257108147774e+01
3.696344853998103019e+01
3.696313026918635103e+01
3.696281774918946894e+01
3.696251097036647337e+01
3.696220992280459683e+01
3.696191459618390240e+01
3.696162497974946604e+01
3.696134106233717631e+01
3.696106283237028833e+01
3.696079027781212289e+01
3.696052338612462762e+01
3.696026214426685641e+01
3.696000653872850705e+01
3.695975655554102701e+01
3.695951218020690732e+01
3.695927339760559960e+01
3.695904019199678459e+01
3.695881254713280839e+01
3.695859044640026525e+01
3.695837387293237697e+01
3.695816280967851952e+01
3.695795723944934252e+01
3.695775714496192421e+01
3.695756250888585726e+01
3.695737331387084623e+01
3.695718954252267707e+01
3.695701117729730356e+01
3.695683820034139444e+01
3.695667059338741467e+01
3.695650833778991995e+01
3.695635141465540130e+01
3.695619980495549584e+01
3.695605348959448122e+01
3.695591244945624254e+01
3.695577666542983764e+01
3.695564611840388380e+01
3.695552078923265782e+01
3.695540065868856772e+01
3.695528570742729357e+01
3.695517591597823071e+01
3.695507126474855397e+01
3.695497173402535651e+01
3.695487730396507686e+01
3.695478795456445198e+01
3.695470366561973918e+01
3.695462441669079823e+01
3.695455018709637329e+01
3.695448095597560467e+01
3.695441670240791154e+01
3.695435740552125736e+01
3.695430304452536063e+01
3.695425359866209902e+01
3.695420904711892973e+01
3.695416936896074134e+01
3.695413454308806678e+01
3.695410454819328550e+01
3.695407936270223104e+01
3.695405896472655627e+01
3.695404333205981828e+01
3.695403244223012251e+01
3.695402627262095763e+01
3.695402480064458928e+01
3.695402800390573361e+01
3.695403586032718835e+01
3.695404834825115614e+01
3.695406544649573277e+01
3.695408713435292469e+01
3.695411339157696773e+01
3.695414419839593023e+01
3.695417953554190404e+01
3.695421938431525177e+01
3.695426372667219539e+01
3.695431254528613607e+01
3.695436582358460953e+01
3.695442354579692790e+01
3.695448569700962338e+01
3.695455226321895736e+01
3.695462323139611271e+01
3.695469858955621589e+01
3.695477832678940899e+01
3.695486243325782283e+01
3.695495090019252871e+01
3.695504371989923698e+01
3.695514088579421497e+01
3.695524239248691600e+01
3.695534823587241391e+01
3.695545841317308344e+01
3.695557292288002316e+01
3.695569176463305894e+01
3.695581493919913640e+01
3.695594244861823086e+01
3.695607429638435804e+01
3.695621048755350557e+01
3.695635102879602130e+01
3.695649592840807429e+01
3.695664519626763678e+01
3.695679884373876689e+01
3.695695688354572894e+01
3.695711932963831714e+01
3.695728619705720774e+01
3.695745750180022782e+01
3.695763326069936028e+01
3.695781349132795413e+01
3.695799821195756607e+01
3.695818744156940028e+01
3.695838119989976889e+01
3.695857950749243059e+01
3.695878238573917685e+01
3.695898985689511562e+01
3.695920194406666326e+01
3.695941867118006741e+01
3.695964006293430515e+01
3.695986614473742549e+01
3.696009694261951495e+01
3.696033248311835706e+01
3.696057279316221411e+01
3.696081789998079614e+01
3.696106783104059446e+01
3.696132261399385754e+01
3.696158227664798801e+01
3.696184684695152356e+01
3.696211635298104881e+01
3.696239082292425593e+01
3.696267028506779440e+01
3.696295476779979339e+01
3.696324429962402291e+01
3.696353890917117724e+01
3.696383862519154917e+01
3.696414347651661814e+01
3.696445349198648245e+01
3.696476870036465101e+01
3.696508913027520293e+01
3.696541481017989383e+01
3.696574576839910264e+01
3.696608203319021158e+01
3.696642363287761412e+01
3.696677059597202231e+01
3.696712295122155467e+01
3.696748072762385817e+01
3.696784395446648119e+01
3.696821266139643569e+01
3.696858687845956126e+01
3.696896663607562772e+01
3.696935196497734211e+01
3.696974289615909015e+01
3.697013946084422287e+01
3.697054169045422611e+01
3.697094961658178391e+01
3.697136327098534991e+01
3.697178268559622438e+01
3.697220789250235384e+01
3.697263892389607776e+01
3.697307581200619353e+01
3.697351858902915467e+01
3.697396728706407742e+01
3.697442193806332966e+01
3.697488257380556576e+01
3.697534922588719297e+01
3.697582192572946269e+01
3.697630070459915430e+01
3.697678559363416184e+01
3.697727662386125047e+01
3.697777382620309794e+01
3.697827723148433421e+01
3.697878687044538992e+01
3.697930277376020314e+01
3.697982497204032626e+01
3.698035349580582221e+01
3.698088837543092922e+01
3.698142964110522968e+01
3.698197732283376382e+01
3.698253145046057710e+01
3.698309205369317709e+01
3.698365916210457272e+01
3.698423280509833688e+01
3.698481301185608316e+01
3.698539981129858489e+01
3.698599323207220380e+01
3.698659330255772204e+01
3.698720005088789264e+01
3.698781350494752473e+01
3.698843369233843248e+01
3.698906064031904606e+01
3.698969437573916252e+01
3.699033492497954256e+01
3.699098231389638158e+01
3.699163656777450626e+01
3.699229771130593747e+01
3.699296576860736963e+01
3.699364076326101269e+01
3.699432271834572816e+01
3.699501165644276313e+01
3.699570759962203681e+01
3.699641056941866424e+01
3.699712058680361082e+01
3.699783767214560015e+01
3.699856184516128366e+01
3.699929312486543154e+01
3.700003152953960495e+01
3.700077707671444927e+01
3.700152978314905994e+01
3.700228966480450055e+01
3.700305673680562535e+01
3.700383101338141500e+01
3.700461250778879929e+01
3.700540123223158417e+01
3.700619719779101757e+01
3.700700041439051091e+01
3.700781089078946451e+01
3.700862863456550400e+01
3.700945365205961224e+01
3.701028594830378182e+01
3.701112552696611857e+01
3.701197239034079445e+01
3.701282653940226908e+01
3.701368797391597099e+01
3.701455669256456815e+01
3.701543269305772554e+01
3.701631597221543757e+01
3.701720652601929373e+01
3.701810434964129115e+01
3.701900943747461525e+01
3.701992178317311044e+01
3.702084137968886779e+01
3.702176821930293471e+01
3.702270229365019105e+01
3.702364359373834901e+01
3.702459210996306638e+01
3.702554783212205791e+01
3.702651074942919962e+01
3.702748085052961358e+01
3.702845812351861099e+01
3.702944255596941048e+01
3.703043413497348979e+01
3.703143284718682082e+01
3.703243867886235563e+01
3.703345161585339440e+01
3.703447164359056387e+01
3.703549874704612677e+01
3.703653291069347375e+01
3.703757411846944336e+01
3.703862235375615342e+01
3.703967759939109072e+01
3.704073983769369960e+01
3.704180905048715289e+01
3.704288521910250154e+01
3.704396832436436426e+01
3.704505834655124374e+01
3.704615526532762004e+01
3.704725905968477662e+01
3.704836970793615336e+01
3.704948718776045524e+01
3.705061147625249873e+01
3.705174254995363725e+01
3.705288038485681312e+01
3.705402495640578309e+01
3.705517623952840722e+01
3.705633420873518702e+01
3.705749883824801572e+01
3.705867010209577472e+01
3.705984797418265941e+01
3.706103242836134370e+01
3.706222343851398193e+01
3.706342097864869345e+01
3.706462502300589534e+01
3.706583554614111620e+01
3.706705252296212194e+01
3.706827592870949672e+01
3.706950573889238143e+01
3.707074192922524247e+01
3.707198447558499055e+01
3.707323335396230846e+01
3.707448854041494712e+01
3.707575001106766877e+01
3.707701774215026091e+01
3.707829171001799295e+01
3.707957189112622132e+01
3.708085826197289947e+01
3.708215079903910549e+01
3.708344947874224573e+01
3.708475427739407593e+01
3.708606517116167822e+01
3.708738213604107870e+01
3.708870514784349837e+01
3.709003418219137416e+01
3.709136921453184499e+01
3.709271022016101682e+01
3.709405717423356919e+01
3.709541005175285022e+01
3.709676882755517369e+01
3.709813347628721658e+01
3.709950397236397635e+01
3.710088028990919184e+01
3.710226240270349507e+01
3.710365028416378408e+01
3.710504390735664515e+01
3.710644324504196589e+01
3.710784826973603145e+01
3.710925895377171457e+01
3.711067526933812388e+01
3.711209718849110573e+01
3.711352468311302033e+01
3.711495772480145661e+01
3.711639628475981567e+01
3.711784033383699466e+01
3.711928984273458099e+01
3.712074478224615603e+01
3.712220512341383483e+01
3.712367083756787167e+01
3.712514189629807504e+01
3.712661827146033033e+01
3.712809993524341223e+01
3.712958686022128063e+01
3.713107901934490940e+01
3.713257638590099674e+01
3.713407893347847732e+01
3.713558663595448195e+01
3.713709946748522128e+01
3.713861740249384980e+01
3.714014041566229452e+01
3.714166848192203219e+01
3.714320157642836762e+01
3.714473967451421998e+01
3.714628275162927906e+01
3.714783078326648535e+01
3.714938374487976347e+01
3.715094161181050225e+01
3.715250435923934447e+01
3.715407196215842589e+01
3.715564439534654895e+01
3.715722163333848727e+01
3.715880365039524946e+01
3.716039042048604557e+01
3.716198191729264977e+01
3.716357811425170610e+01
3.716517898463118286e+01
3.716678450160579672e+01
3.716839463831002632e+01
3.717000936787557919e+01
3.717162866343666394e+01
3.717325249807486642e+01
3.717488084474552323e+01
3.717651367626154268e+01
3.717815096533762897e+01
3.717979268465301601e+01
3.718143880691902581e+01
3.718308930494276865e+01
3.718474415167814584e+01
3.718640332031193196e+01
3.718806678444138214e+01
3.718973451829472765e+01
3.719140649689028777e+01
3.719308269610498030e+01
3.719476309268826242e+01
3.719644766425370364e+01
3.719813638927536203e+01
3.719982924711925421e+01
3.720152621811380556e+01
3.720322728361828979e+01
3.720493242602996986e+01
3.720664162869468328e+01
3.720835487574255751e+01
3.721007215193040452e+01
3.721179344256702137e+01
3.721351873351338924e+01
3.721524801119461046e+01
3.721698126259529715e+01
3.721871847526757193e+01
3.722045963737998164e+01
3.722220473779177041e+01
3.722395376610956674e+01
3.722570671270027276e+01
3.722746356867564543e+01
3.722922432587398589e+01
3.723098897683988895e+01
3.723275751479614115e+01
3.723452993361372165e+01
3.723630622779150912e+01
3.723808639245253005e+01
3.723987042335290454e+01
3.724165831688877404e+01
3.724345007008869146e+01
3.724524568059424467e+01
3.724704514663000054e+01
3.724884846694615703e+01
3.725065564072123436e+01
3.725246666743168333e+01
3.725428154671172365e+01
3.725610027824431114e+01
3.725792286172327294e+01
3.725974929687284742e+01
3.726157958344973764e+01
3.726341372118180573e+01
3.726525170968535861e+01
3.726709354841844402e+01
3.726893923667116582e+01
3.727078877356478159e+01
3.727264215804390801e+01
3.727449938885810354e+01
3.727636046453069696e+01
3.727822538331110991e+01
3.728009414310959357e+01
3.728196674142613176e+01
3.728384317529105374e+01
3.728572344122411408e+01
3.728760753520429461e+01
3.728949545264153187e+01
3.729138718836211552e+01
3.729328273663591631e+01
3.729518209124944406e+01
3.729708524559054439e+01
3.729899219270390631e+01
3.730090292529585128e+01
3.730281743570413511e+01
3.730473571586570358e+01
3.730665775728353850e+01
3.730858355097494439e+01
3.731051308741497508e+01
3.731244635651105312e+01
3.731438334762722775e+01
3.731632404964154404e+01
3.731826845099856627e+01
3.732021653973650643e+01
3.732216830350180459e+01
3.732412372957134750e+01
3.732608280489036190e+01
3.732804551611809529e+01
3.733001184966662578e+01
3.733198179172409681e+01
3.733395532825460350e+01
3.733593244496781693e+01
3.733791312727696265e+01
3.733989736028501483e+01
3.734188512880792388e+01
3.734387641739392194e+01
3.734587121029995416e+01
3.734786949141747670e+01
3.734987124415538773e+01
3.735187645131708223e+01
3.735388509503790999e+01
3.735589715681325629e+01
3.735791261756841664e+01
3.735993145769543133e+01
3.736195365704214311e+01
3.736397919489250796e+01
3.736600804995173064e+01
3.736804020030511708e+01
3.737007562332239274e+01
3.737211429552105812e+01
3.737415619243465414e+01
3.737620128854431556e+01
3.737824955731456811e+01
3.738030097128067553e+01
3.738235550206986346e+01
3.738441312032895780e+01
3.738647379564222462e+01
3.738853749651069336e+01
3.739060419040637839e+01
3.739267384389277993e+01
3.739474642279993333e+01
3.739682189243159627e+01
3.739890021774706241e+01
3.740098136345439173e+01
3.740306529401886593e+01
3.740515197365487410e+01
3.740724136635575547e+01
3.740933343596265814e+01
3.741142814624992496e+01
3.741352546099876264e+01
3.741562534403005458e+01
3.741772775919326932e+01
3.741983267033202054e+01
3.742194004124477402e+01
3.742404983565522514e+01
3.742616201720127123e+01
3.742827654942877302e+01
3.743039339576682067e+01
3.743251251948451142e+01
3.743463388364285294e+01
3.743675745104371799e+01
3.743888318417491945e+01
3.744101104515719669e+01
3.744314099569904641e+01
3.744527299706221157e+01
3.744740701003696159e+01
3.744954299492314931e+01
3.745168091151716538e+01
3.745382071910763244e+01
3.745596237647595217e+01
3.745810584188911463e+01
3.746025107307001178e+01
3.746239802713957090e+01
3.746454666054619054e+01
3.746669692901467386e+01
3.746884878753313330e+01
3.747100219036229873e+01
3.747315709103705217e+01
3.747531344234549522e+01
3.747747119629154611e+01
3.747963030405745144e+01
3.748179071597805745e+01
3.748395238152765074e+01
3.748611524933415495e+01
3.748827926724687387e+01
3.749044438244514055e+01
3.749261054153137707e+01
3.749477769057251919e+01
3.749694577511809968e+01
3.749911474025818592e+01
3.750128453075742385e+01
3.750345509123374654e+01
3.750562636630309044e+01
3.750779830064323050e+01
3.750997083900303863e+01
3.751214392621078986e+01
3.751431750720099956e+01
3.751649152702951540e+01
3.751866593084872648e+01
3.752084066385835115e+01
3.752301567125826409e+01
3.752519089820901854e+01
3.752736628979634759e+01
3.752954179100047583e+01
3.753171734667715498e+01
3.753389290154645863e+01
3.753606840016896484e+01
3.753824378689463970e+01
3.754041900579414204e+01
3.754259400060870178e+01
3.754476871475843325e+01
3.754694309139735964e+01
3.754911707345289784e+01
3.755129060362247628e+01
3.755346362436137042e+01
3.755563607789976288e+01
3.755780790629297172e+01
3.755997905148230132e+01
3.756214945534819805e+01
3.756431905975457397e+01
3.756648780658733244e+01
3.756865563779282979e+01
3.757082249543105235e+01
3.757298832173940184e+01
3.757515305917415560e+01
3.757731665040611091e+01
3.757947903827142966e+01
3.758164016569129018e+01
3.758379997558866847e+01
3.758595841083235456e+01
3.758811541421897573e+01
3.759027092848425156e+01
3.759242489632105588e+01
3.759457726036534098e+01
3.759672796312362664e+01
3.759887694688293180e+01
3.760102415366753092e+01
3.760316952523455569e+01
3.760531300305708413e+01
3.760745452826912327e+01
3.760959404157755159e+01
3.761173148317594439e+01
3.761386679271107170e+01
3.761599990932144522e+01
3.761813077172070052e+01
3.762025931827899683e+01
3.762238548708204178e+01
3.762450921598526321e+01
3.762663044266601986e+01
3.762874910464655187e+01
3.763086513928000443e+01
3.763297848372177867e+01
3.763508907491065969e+01
3.763719684957037970e+01
3.763930174422387154e+01
3.764140369520362128e+01
3.764350263864837842e+01
3.764559851048333172e+01
3.764769124637103204e+01
3.764978078161367137e+01
3.765186705102902209e+01
3.765394998885657429e+01
3.765602952870559506e+01
3.765810560353628489e+01
3.766017814570231792e+01
3.766224708704795887e+01
3.766431235898956231e+01
3.766637389254643864e+01
3.766843161835615916e+01
3.767048546672197062e+01
3.767253536770314781e+01
3.767458125122180235e+01
3.767662304715618404e+01
3.767866068540856617e+01
3.768069409596831321e+01
3.768272320900418038e+01
3.768474795498287477e+01
3.768676826477598496e+01
3.768878406973184525e+01
3.769079530172109571e+01
3.769280189317148455e+01
3.769480377709692220e+01
3.769680088712064503e+01
3.769879315747402160e+01
3.770078052293601445e+01
3.770276291872968244e+01
3.770474028044996828e+01
3.770671254405279882e+01
3.770867964585981724e+01
3.771064152251825163e+01
3.771259811087027458e+01
3.771454934771808354e+01
3.771649516955203296e+01
3.771843551236054282e+01
3.772037031159882048e+01
3.772229950231538709e+01
3.772422301933707445e+01
3.772614079738289661e+01
3.772805277112048827e+01
3.772995887527414993e+01
3.773185904478164332e+01
3.773375321491101175e+01
3.773564132129269666e+01
3.773752329984741749e+01
3.773939908661470355e+01
3.774126861759706486e+01
3.774313182879696171e+01
3.774498865647009183e+01
3.774683903741084379e+01
3.774868290911496160e+01
3.775052020983124379e+01
3.775235087856451344e+01
3.775417485505421666e+01
3.775599207973849047e+01
3.775780249372400732e+01
3.775960603878219501e+01
3.776140265737074486e+01
3.776319229266296418e+01
3.776497488857031470e+01
3.776675038974641296e+01
3.776851874156088229e+01
3.777027989004400155e+01
3.777203378181573612e+01
3.777378036400605765e+01
3.777551958416843547e+01
3.777725139021573852e+01
3.777897573043212276e+01
3.778069255357655010e+01
3.778240180902714940e+01
3.778410344691202027e+01
3.778579741822344573e+01
3.778748367492045901e+01
3.778916216999241584e+01
3.779083285746808230e+01
3.779249569238767492e+01
3.779415063075741443e+01
3.779579762948846877e+01
3.779743664632328404e+01
3.779906763977454176e+01
3.780069056910023306e+01
3.780230539431472891e+01
3.780391207622034955e+01
3.780551057642629331e+01
3.780710085731884362e+01
3.780868288198193028e+01
3.781025661410307492e+01
3.781182201792029218e+01
3.781337905827026447e+01
3.781492770073203502e+01
3.781646791177848854e+01
3.781799965886353476e+01
3.781952291042850334e+01
3.782103763583837264e+01
3.782254380527421489e+01
3.782404138961000228e+01
3.782553036030412130e+01
3.782701068934928657e+01
3.782848234929847564e+01
3.782994531332690968e+01
3.783139955528920950e+01
3.783284504976577267e+01
3.783428177208780596e+01
3.783570969830293507e+01
3.783712880506384835e+01
3.783853906951503632e+01
3.783994046929933575e+01
3.784133298270088375e+01
3.784271658882217082e+01
3.784409126770751186e+01
3.784545700038570004e+01
3.784681376882406312e+01
3.784816155581720665e+01
3.784950034487386006e+01
3.785083012014657555e+01
3.785215086639555437e+01
3.785346256896125539e+01
3.785476521374772574e+01
3.785605878722443407e+01
3.785734327641842611e+01
3.785861866886748572e+01
3.785988495255382702e+01
3.786114211585633882e+01
3.786239014753399346e+01
3.786362903673460778e+01
3.786485877301530678e+01
3.786607934634934480e+01
3.786729074710277132e+01
3.786849296599356052e+01
3.786968599406147007e+01
3.787086982267298652e+01
3.787204444356624577e+01
3.787320984891052689e+01
3.787436603134145230e+01
3.787551298395329979e+01
3.787665070025535385e+01
3.787777917408048012e+01
3.787889839941581727e+01
3.788000837020814515e+01
3.788110908027444168e+01
3.788220052334694543e+01
3.788328269315714181e+01
3.788435558349543442e+01
3.788541918824356003e+01
3.788647350137485148e+01
3.788751851691849737e+01
3.788855422891796820e+01
3.788958063144006871e+01
3.789059771865031934e+01
3.789160548491555858e+01
3.789260392490561458e+01
3.789359303368331666e+01
3.789457280676040085e+01
3.789554324010181574e+01
3.789650433008424812e+01
3.789745607343324707e+01
3.789839846715258176e+01
3.789933150841069676e+01
3.790025519433277168e+01
3.790116952172162712e+01
3.790207448682543401e+01
3.790297008527394240e+01
3.790385631221052876e+01
3.790473316252845137e+01
3.790560063107211874e+01
3.790645871274188039e+01
3.790730740254431197e+01
3.790814669562398365e+01
3.790897658726215269e+01
3.790979707285207922e+01
3.791060814792109568e+01
3.791140980825110063e+01
3.791220205005168253e+01
3.791298487010394780e+01
3.791375826584117448e+01
3.791452223535534927e+01
3.791527677733461132e+01
3.791602189096854403e+01
3.791675757585542073e+01
3.791748383193774430e+01
3.791820065949816154e+01
3.791890805920803587e+01
3.791960603216428893e+01
3.792029457986589591e+01
3.792097370414855106e+01
3.792164340712314896e+01
3.792230369113188004e+01
3.792295455870142007e+01
3.792359601247368772e+01
3.792422805512985917e+01
3.792485068935817338e+01
3.792546391789774418e+01
3.792606774363502353e+01
3.792666216970219750e+01
3.792724719954929213e+01
3.792782283700464063e+01
3.792838908634114858e+01
3.792894595232706223e+01
3.792949344024747660e+01
3.793003155593266484e+01
3.793056030581182370e+01
3.793107969696185933e+01
3.793158973714362503e+01
3.793209043484687726e+01
3.793258179933621932e+01
3.793306384066983128e+01
3.793353656968407961e+01
3.793399999795479260e+01
3.793445413774290387e+01
3.793489900193241482e+01
3.793533460397315338e+01
3.793576095783433288e+01
3.793617807797362929e+01
3.793658597934432919e+01
3.793698467744826530e+01
3.793737418839167219e+01
3.793775452889236988e+01
3.793812571623431040e+01
3.793848776821930358e+01
3.793884070317908197e+01
3.793918454006043106e+01
3.793951929853085403e+01
3.793984499904230034e+01
3.794016166282773384e+01
3.794046931185096128e+01
3.794076796876129976e+01
3.794105765688530596e+01
3.794133840022829673e+01
3.794161022343976697e+01
3.794187315173697073e+01
3.794212721081101591e+01
3.794237242672414112e+01
3.794260882578075922e+01
3.794283643437704256e+01
3.794305527888369056e+01
3.794326538560756035e+01
3.794346678083419988e+01
3.794365949093464963e+01
3.794384354249179836e+01
3.794401896237018690e+01
3.794418577766410294e+01
3.794434401551222891e+01
3.794449370286068302e+01
3.794463486630009896e+01
3.794476753201472263e+01
3.794489172578414582e+01
3.794500747298700105e+01
3.794511479860758385e+01
3.794521372725905195e+01
3.794530428320955906e+01
3.794538649038209144e+01
3.794546037232414903e+01
3.794552595216570978e+01
3.794558325257432330e+01
3.794563229570628948e+01
3.794567310315787267e+01
3.794570569591749631e+01
3.794573009430916244e+01
3.794574631793203423e+01
3.794575438563506253e+01
3.794575431555492884e+01
3.794574612518424317e+01
3.794572983141439693e+01
3.794570545053071697e+01
3.794567299815305716e+01
3.794563248913160436e+01
3.794558393745342073e+01
3.794552735620744244e+01
3.794546275759233112e+01
3.794539015293413087e+01
3.794530955270387551e+01
3.794522096653426502e+01
3.794512440323829594e+01
3.794501987083084060e+01
3.794490737654048473e+01
3.794478692679898302e+01
3.794465852720632881e+01
3.794452218247449338e+01
3.794437789635746583e+01
3.794422567157936754e+01
3.794406550977042514e+01
3.794389741142334316e+01
3.794372137588965188e+01
3.794353740142383913e+01
3.794334548525665696e+01
3.794314562367138421e+01
3.794293781206938831e+01
3.794272204502306778e+01
3.794249831632290437e+01
3.794226661902164466e+01
3.794202694546485333e+01
3.794177928730780280e+01
3.794152363553146756e+01
3.794125998044972903e+01
3.794098831168832220e+01
3.794070861813654716e+01
3.794042088789119305e+01
3.794012510821997353e+01
3.793982126556682033e+01
3.793950934558744592e+01
3.793918933318192188e+01
3.793886121251762233e+01
3.793852496705304844e+01
3.793818057955686385e+01
3.793782803210648069e+01
3.793746730605546702e+01
3.793709838197273854e+01
3.793672123958954501e+01
3.793633585780393247e+01
3.793594221475438388e+01
3.793554028793830213e+01
3.793513005433631946e+01
3.793471149050451174e+01
3.793428457262955078e+01
3.793384927655278460e+01
3.793340557776015487e+01
3.793295345137702412e+01
3.793249287221271970e+01
3.793202381481968644e+01
3.793154625352340759e+01
3.793106016247380552e+01
3.793056551578040114e+01
3.793006228768161492e+01
3.792955045266534597e+01
3.792902998554863103e+01
3.792850086154859923e+01
3.792796305634076504e+01
3.792741654612314051e+01
3.792686130769698138e+01
3.792629731851827302e+01
3.792572455668788223e+01
3.792514300089204937e+01
3.792455263031074963e+01
3.792395342450654994e+01
3.792334536331156158e+01
3.792272842675242828e+01
3.792210259506000369e+01
3.792146784877553500e+01
3.792082416892016283e+01
3.792017153715955402e+01
3.791950993589937724e+01
3.791883934830485714e+01
3.791815975828131968e+01
3.791747115044311300e+01
3.791677351007764685e+01
3.791606682310944620e+01
3.791535107606419785e+01
3.791462625601732839e+01
3.791389235051514106e+01
3.791314934747568088e+01
3.791239723505445625e+01
3.791163600143032397e+01
3.791086563454366143e+01
3.791008612194266192e+01
3.790929745085368552e+01
3.790849960842310651e+01
3.790769258199807012e+01
3.790687635934109778e+01
3.790605092872679904e+01
3.790521627892950107e+01
3.790437239914562184e+01
3.790351927889076222e+01
3.790265690790069186e+01
3.790178527607032777e+01
3.790090437347260632e+01
3.790001419048257958e+01
3.789911471797458375e+01
3.789820594751162730e+01
3.789728787146565736e+01
3.789636048304914340e+01
3.789542377626489156e+01
3.789447774580618500e+01
3.789352238694913666e+01
3.789255769547429509e+01
3.789158366764572605e+01
3.789060030025440540e+01
3.788960759070933904e+01
3.788860553712775214e+01
3.788759413835419565e+01
3.788657339389288836e+01
3.788554330380414825e+01
3.788450386860171193e+01
3.788345508914722615e+01
3.788239696652227906e+01
3.788132950187321768e+01
3.788025269625985203e+01
3.787916655055777682e+01
3.787807106543667857e+01
3.787696624137660706e+01
3.787585207868724524e+01
3.787472857757390443e+01
3.787359573826492465e+01
3.787245356111183270e+01
3.787130204661543331e+01
3.787014119543148638e+01
3.786897100840074870e+01
3.786779148659464767e+01
3.786660263134824334e+01
3.786540444425623519e+01
3.786419692714363805e+01
3.786298008206669152e+01
3.786175391136440993e+01
3.786051841771599413e+01
3.785927360418075693e+01
3.785801947423897929e+01
3.785675603182991722e+01
3.785548328136152918e+01
3.785420122768812945e+01
3.785290987607629631e+01
3.785160923218253970e+01
3.785029930205332960e+01
3.784898009213690528e+01
3.784765160927652516e+01
3.784631386066381253e+01
3.784496685376780789e+01
3.784361059627077140e+01
3.784224509601673248e+01
3.784087036095709067e+01
3.783948639908359723e+01
3.783809321835741457e+01
3.783669082666357752e+01
3.783527923181409847e+01
3.783385844158720346e+01
3.783242846377628865e+01
3.783098930625347123e+01
3.782954097707899166e+01
3.782808348463982639e+01
3.782661683774255579e+01
3.782514104564384638e+01
3.782365611808686623e+01
3.782216206537663794e+01
3.782065889844952977e+01
3.781914662888829071e+01
3.781762526888151399e+01
3.781609483116463366e+01
3.781455532897064842e+01
3.781300677597700144e+01
3.781144918623687801e+01
3.780988257413386577e+01
3.780830695440484135e+01
3.780672234221160011e+01
3.780512875319879385e+01
3.780352620351203541e+01
3.780191470979156776e+01
3.780029428913388045e+01
3.779866495899775458e+01
3.779702673710163907e+01
3.779537964139593242e+01
3.779372369009771404e+01
3.779205890171084548e+01
3.779038529503243637e+01
3.778870288920025899e+01
3.778701170379178365e+01
3.778531175897583694e+01
3.778360307572175003e+01
3.778188567599392655e+01
3.778015958283922515e+01
3.777842482037697636e+01
3.777668141374714139e+01
3.777492938903311881e+01
3.777316877317192478e+01
3.777139959388388490e+01
3.776962187963054163e+01
3.776783565958334066e+01
3.776604096361079854e+01
3.776423782229593229e+01
3.776242626695069760e+01
3.776060632959545416e+01
3.775877804290917794e+01
3.775694144016021880e+01
3.775509655512828289e+01
3.775324342204399386e+01
3.775138207555571057e+01
3.774951255071101031e+01
3.774763488294788516e+01
3.774574910809766237e+01
3.774385526239958466e+01
3.774195338252329890e+01
3.774004350559220455e+01
3.773812566920300071e+01
3.773619991144036590e+01
3.773426627091303232e+01
3.773232478685422819e+01
3.773037549927079226e+01
3.772841844907576103e+01
3.772645367817906958e+01
3.772448122954614291e+01
3.772250114721748560e+01
3.772051347629133033e+01
3.771851826290918552e+01
3.771651555428424274e+01
3.771450539876489216e+01
3.771248784588264868e+01
3.771046294635237928e+01
3.770843075204425787e+01
3.770639131594892035e+01
3.770434469213878970e+01
3.770229093573904322e+01
3.770023010291527754e+01
3.769816225086597683e+01
3.769608743780914040e+01
3.769400572294365048e+01
3.769191716636676404e+01
3.768982182896925082e+01
3.768771977234219150e+01
3.768561105869257943e+01
3.768349575076283742e+01
3.768137391177953788e+01
3.767924560544696533e+01
3.767711089597575835e+01
3.767496984813880800e+01
3.767282252735156334e+01
3.767066899975522176e+01
3.766850933226782416e+01
3.766634359258662101e+01
3.766417184914470795e+01
3.766199417104714797e+01
3.765981062805590085e+01
3.765762129067108788e+01
3.765542623025132940e+01
3.765322551907267723e+01
3.765101923028914399e+01
3.764880743783777461e+01
3.764659021636123271e+01
3.764436764117618139e+01
3.764213978826406759e+01
3.763990673426971512e+01
3.763766855650480636e+01
3.763542533294452141e+01
3.763317714221060584e+01
3.763092406353977282e+01
3.762866617675896919e+01
3.762640356232101624e+01
3.762413630141334409e+01
3.762186447606769946e+01
3.761958816919485571e+01
3.761730746454527008e+01
3.761502244664738726e+01
3.761273320075760296e+01
3.761043981281903825e+01
3.760814236940858279e+01
3.760584095766158441e+01
3.760353566519554391e+01
3.760122658005818863e+01
3.759891379068332640e+01
3.759659738583113864e+01
3.759427745453233882e+01
3.759195408605284427e+01
3.758962736985257180e+01
3.758729739553450599e+01
3.758496425282690723e+01
3.758262803160932464e+01
3.758028882194646769e+01
3.757794671409668297e+01
3.757560179847470039e+01
3.757325416557834075e+01
3.757090390594149198e+01
3.756855111017674176e+01
3.756619586909204145e+01
3.756383827379860918e+01
3.756147841575745616e+01
3.755911638678108488e+01
3.755675227901674873e+01
3.755438618490338598e+01
3.755201819708855027e+01
3.754964840831915041e+01
3.754727691132531930e+01
3.754490379870038907e+01
3.754252916277796004e+01
3.754015309551577673e+01
3.753777568840590817e+01
3.753539703242488912e+01
3.753301721800918500e+01
3.753063633503255403e+01
3.752825447277767523e+01
3.752587171990085579e+01
3.752348816439092616e+01
3.752110389352426978e+01
3.751871899381106346e+01
3.751633355092592126e+01
3.751394764962591921e+01
3.751156137366954368e+01
3.750917480575318308e+01
3.750678802747687968e+01
3.750440111934123166e+01
3.750201416076376404e+01
3.749962723009922172e+01
3.749724040465690678e+01
3.749485376070343534e+01
3.749246737343627700e+01
3.749008131694069590e+01
3.748769566415840870e+01
3.748531048686889733e+01
3.748292585565904744e+01
3.748054183987422761e+01
3.747815850757140765e+01
3.747577592548970671e+01
3.747339415904536253e+01
3.747101327236173773e+01
3.746863332832076310e+01
3.746625438859589252e+01
3.746387651365578364e+01
3.746149976276215909e+01
3.745912419397646431e+01
3.745674986417523655e+01
3.745437682907134302e+01
3.745200514323814645e+01
3.744963486014633247e+01
3.744726603223187311e+01
3.744489871098935652e+01
3.744253294706236801e+01
3.744016879031147482e+01
3.743780628986465331e+01
3.743544549417748613e+01
3.743308645110698762e+01
3.743072920796105052e+01
3.742837381150310705e+01
3.742602030792656365e+01
3.742366874281659506e+01
3.742131916112070655e+01
3.741897160714945159e+01
3.741662612459862203e+01
3.741428275656362246e+01
3.741194154553532059e+01
3.740960253338519692e+01
3.740726576135144654e+01
3.740493127004946672e+01
3.740259909953199013e+01
3.740026928938914352e+01
3.739794187884854892e+01
3.739561690685294337e+01
3.739329441211451410e+01
3.739097443313990965e+01
3.738865700822314864e+01
3.738634217541612514e+01
3.738402997248450532e+01
3.738172043685285928e+01
3.737941360555178960e+01
3.737710951518352687e+01
3.737480820191093045e+01
3.737250970145812801e+01
3.737021404910245082e+01
3.736792127965362198e+01
3.736563142744567756e+01
3.736334452635512804e+01
3.736106060982305621e+01
3.735877971086646454e+01
3.735650186208378898e+01
3.735422709564772248e+01
3.735195544328053074e+01
3.734968693623424230e+01
3.734742160531554589e+01
3.734515948096537841e+01
3.734290059333255840e+01
3.734064497226953705e+01
3.733839264726575635e+01
3.733614364742392411e+01
3.733389800154725435e+01
3.733165573826381234e+01
3.732941688608451614e+01
3.732718147342614401e+01
3.732494952868007232e+01
3.732272108030344526e+01
3.732049615686940314e+01
3.731827478709003287e+01
3.731605699985491498e+01
3.731384282427254107e+01
3.731163228967675138e+01
3.730942542561356134e+01
3.730722226187193513e+01
3.730502282857096930e+01
3.730282715623930301e+01
3.730063527584681538e+01
3.729844721881778469e+01
3.729626301705768299e+01
3.729408270299259698e+01
3.729190630961067399e+01
3.728973387050152866e+01
3.728756541989276485e+01
3.728540099266894003e+01
3.728324062434279540e+01
3.728108435097389872e+01
3.727893220907751726e+01
3.727678423556659482e+01
3.727464046773955175e+01
3.727250094331574104e+01
3.727036570049921238e+01
3.726823477803073814e+01
3.726610821520089445e+01
3.726398605180661150e+01
3.726186832806097726e+01
3.725975508452542329e+01
3.725764636213351366e+01
3.725554220228286084e+01
3.725344264691050000e+01
3.725134773852831671e+01
3.724925752026332049e+01
3.724717203590866887e+01
3.724509132992494642e+01
3.724301544734115055e+01
3.724094443358065121e+01
3.723887833429589023e+01
3.723681719526641132e+01
3.723476106234170402e+01
3.723270998139178545e+01
3.723066399825880524e+01
3.722862315871346794e+01
3.722658750840951569e+01
3.722455709282944269e+01
3.722253195722241514e+01
3.722051214653921392e+01
3.721849770536821467e+01
3.721648867787129689e+01
3.721448510772076901e+01
3.721248703804890567e+01
3.721049451142477693e+01
3.720850756986221342e+01
3.720652625485118392e+01
3.720455060740083297e+01
3.720258066808344921e+01
3.720061647707071728e+01
3.719865807415330039e+01
3.719670549873807630e+01
3.719475878982682104e+01
3.719281798598713351e+01
3.719088312532819884e+01
3.718895424548720996e+01
3.718703138361098581e+01
3.718511457631317541e+01
3.718320385963637165e+01
3.718129926908527949e+01
3.717940083972514032e+01
3.717750860625097431e+01
3.717562260297589916e+01
3.717374286378049675e+01
3.717186942207779765e+01
3.717000231080741912e+01
3.716814156244335976e+01
3.716628720899495875e+01
3.716443928199714009e+01
3.716259781250355587e+01
3.716076283109142508e+01
3.715893436788094562e+01
3.715711245257907791e+01
3.715529711454277617e+01
3.715348838282665156e+01
3.715168628619068159e+01
3.714989085308547345e+01
3.714810211164533627e+01
3.714632008969984867e+01
3.714454481479516090e+01
3.714277631420942072e+01
3.714101461495263834e+01
3.713925974375286643e+01
3.713751172703070580e+01
3.713577059085333332e+01
3.713403636086903248e+01
3.713230906224465144e+01
3.713058871962250862e+01
3.712887535709486997e+01
3.712716899819294269e+01
3.712546966589444963e+01
3.712377738265161753e+01
3.712209217043179166e+01
3.712041405075809308e+01
3.711874304474416419e+01
3.711707917312600813e+01
3.711542245629775749e+01
3.711377291435218950e+01
3.711213056711746106e+01
3.711049543418398855e+01
3.710886753491872270e+01
3.710724688846086394e+01
3.710563351370103646e+01
3.710402742925357700e+01
3.710242865342794261e+01
3.710083720420098530e+01
3.709925309919118064e+01
3.709767635563482457e+01
3.709610699036996806e+01
3.709454501983697128e+01
3.709299046009649459e+01
3.709144332686410905e+01
3.708990363555360403e+01
3.708837140130378174e+01
3.708684663896914202e+01
3.708532936307843642e+01
3.708381958776399756e+01
3.708231732666377667e+01
3.708082259283698789e+01
3.707933539874208861e+01
3.707785575626837016e+01
3.707638367678013225e+01
3.707491917114821689e+01
3.707346224977079174e+01
3.707201292260685221e+01
3.707057119923103983e+01
3.706913708889440784e+01
3.706771060057919698e+01
3.706629174303814267e+01
3.706488052480835904e+01
3.706347695420968336e+01
3.706208103935073694e+01
3.706069278814964463e+01
3.705931220835081064e+01
3.705793930752611232e+01
3.705657409307315220e+01
3.705521657222323739e+01
3.705386675206008107e+01
3.705252463955211084e+01
3.705119024159936458e+01
3.704986356507750145e+01
3.704854461684083589e+01
3.704723340363965889e+01
3.704592993195083750e+01
3.704463420779384109e+01
3.704334623660415815e+01
3.704206602317201202e+01
3.704079357162097352e+01
3.703952888540804622e+01
3.703827196733438143e+01
3.703702281956479681e+01
3.703578144367259029e+01
3.703454784072039985e+01
3.703332201134978874e+01
3.703210395584261505e+01
3.703089367415019950e+01
3.702969116590789156e+01
3.702849643043988692e+01
3.702730946674547141e+01
3.702613027346685470e+01
3.702495884886078414e+01
3.702379519080817261e+01
3.702263929686854738e+01
3.702149116435004572e+01
3.702035079036672727e+01
3.701921817187250952e+01
3.701809330567855483e+01
3.701697618846281301e+01
3.701586681675908608e+01
3.701476518692178530e+01
3.701367129509552001e+01
3.701258513720996746e+01
3.701150670898454109e+01
3.701043600593001770e+01
3.700937302338341084e+01
3.700831775661480094e+01
3.700727020097803432e+01
3.700623035205655498e+01
3.700519820578091412e+01
3.700417375848594759e+01
3.700315700687635001e+01
3.700214794790550599e+01
3.700114657861538348e+01
3.700015289600955271e+01
3.699916689700209105e+01
3.699818857844744002e+01
3.699721793724416585e+01
3.699625497046901756e+01
3.699529967547483267e+01
3.699435204993297788e+01
3.699341209184066059e+01
3.699247979950780518e+01
3.699155517153027262e+01
3.699063820676014558e+01
3.698972890428377269e+01
3.698882726340859506e+01
3.698793328364997279e+01
3.698704696470430520e+01
3.698616830639785746e+01
3.698529730862966147e+01
3.698443397135149269e+01
3.698357829458574741e+01
3.698273027843460881e+01
3.698188992306187828e+01
3.698105722867094869e+01
3.698023219549438778e+01
3.697941482378650591e+01
3.697860511380610404e+01
3.697780306579146270e+01
3.697700867993530238e+01
3.697622195635290154e+01
3.697544289503466075e+01
3.697467149579760104e+01
3.697390775825739695e+01
3.697315168181982870e+01
3.697240326567416702e+01
3.697166250877681648e+01
3.697092940983398535e+01
3.697020396730187031e+01
3.696948617940337556e+01
3.696877604414872565e+01
3.696807355936189055e+01
3.696737872271290826e+01
3.696669153173844080e+01
3.696601198383699227e+01
3.696534007624468643e+01
3.696467580600903347e+01
3.696401916997245252e+01
3.696337016476550019e+01
3.696272878680886009e+01
3.696209503232122273e+01
3.696146889732997209e+01
3.696085037769653070e+01
3.696023946915537550e+01
3.695963616734220381e+01
3.695904046781735275e+01
3.695845236609592632e+01
3.695787185764288552e+01
3.695729893780482911e+01
3.695673360171930000e+01
3.695617584424946500e+01
3.695562565995671633e+01
3.695508304310740044e+01
3.695454798770875726e+01
3.695402048756722735e+01
3.695350053635258547e+01
3.695298812765626195e+01
3.695248325505155407e+01
3.695198591215093131e+01
3.695149609263216917e+01
3.695101379022641908e+01
3.695053899869562031e+01
3.695007171182351158e+01
3.694961192341828848e+01
3.694915962731240455e+01
3.694871481735351182e+01
3.694827748738961049e+01
3.694784763125119298e+01
3.694742524273539885e+01
3.694701031559790749e+01
3.694660284355359892e+01
3.694620282028694191e+01
3.694581023946918208e+01
3.694542509475213166e+01
3.694504737969480601e+01
3.694467708763342984e+01
3.694431421156613737e+01
3.694395874409607217e+01
3.694361067741540694e+01
3.694327000330005006e+01
3.694293671310431648e+01
3.694261079775563417e+01
3.694229224774435494e+01
3.694198105310572089e+01
3.694167720341359029e+01
3.694138068781889217e+01
3.694109149513579382e+01
3.694080961393377294e+01
3.694053503258675164e+01
3.694026773925989460e+01
3.694000772187204973e+01
3.693975496811956560e+01
3.693950946558869219e+01
3.693927120186798874e+01
3.693904016457405959e+01
3.693881634131684422e+01
3.693859971969413891e+01
3.693839028735525432e+01
3.693818803207830825e+01
3.693799294178518267e+01
3.693780500450965576e+01
3.693762420840359795e+01
3.693745054181124488e+01
3.693728399334257517e+01
3.693712455186382471e+01
3.693697220641982426e+01
3.693682694617481843e+01
3.693668876041564886e+01
3.693655763860941477e+01
3.693643357051671927e+01
3.693631654633700379e+01
3.693620655681976928e+01
3.693610359331253790e+01
3.693600764776972767e+01
3.693591871274604443e+01
3.693583678137907356e+01
3.693576184737093371e+01
3.693569390499811789e+01
3.693563294915739448e+01
3.693557897541853663e+01
3.693553198006920724e+01
3.693549196016279268e+01
3.693545891357493360e+01
3.693543283904650565e+01
3.693541373616999124e+01
3.693540160531942007e+01
3.693539644757242257e+01
3.693539826464695608e+01
3.693540705883996367e+01
3.693542283296304873e+01
3.693544559027625240e+01
3.693547533441591924e+01
3.693551206932260556e+01
3.693555579918155729e+01
3.693560652837695102e+01
3.693566426145181225e+01
3.693572900307000140e+01
3.693580075798100637e+01
3.693587953098774790e+01
3.693596532691525880e+01
3.693605815057942010e+01
3.693615800675659955e+01
3.693626490015917341e+01
3.693637883542366751e+01
3.693649981711060093e+01
3.693662784970723578e+01
3.693676293762833041e+01
3.693690508521502380e+01
3.693705429672679230e+01
3.693721057631687188e+01
3.693737392799307173e+01
3.693754435558344085e+01
3.693772186271750257e+01
3.693790645280748208e+01
3.693809812901393741e+01
3.693829689420260820e+01
3.693850275090125024e+01
3.693871570125453019e+01
3.693893574698083881e+01
3.693916288933881020e+01
3.693939712910269435e+01
3.693963846654537519e+01
3.693988690143415710e+01
3.694014243303813316e+01
3.694040506013759284e+01
3.694067478103527691e+01
3.694095159359493863e+01
3.694123549532081796e+01
3.694152648342342360e+01
3.694182455480058991e+01
3.694212970595520318e+01
3.694244193294995426e+01
3.694276123146330804e+01
3.694308759691276123e+01
3.694342102457122934e+01
3.694376150964446737e+01
3.694410904731243761e+01
3.694446363274047229e+01
3.694482526107190523e+01
3.694519392741972297e+01
3.694556962687087065e+01
3.694595235450616144e+01
3.694634210543376440e+01
3.694673887484120200e+01
3.694714265805806264e+01
3.694755345059240881e+01
3.694797124811747580e+01
3.694839604642816511e+01
3.694882784139366549e+01
3.694926662891777625e+01
3.694971240489542907e+01
3.695016516511844173e+01
3.695062490512874120e+01
3.695109162010758297e+01
3.695156530485338919e+01
3.695204595379854595e+01
3.695253356100772635e+01
3.695302812016443994e+01
3.695352962459075030e+01
3.695403806731372498e+01
3.695455344115423912e+01
3.695507573882168373e+01
3.695560495299301351e+01
3.695614107634310130e+01
3.695668410152739369e+01
3.695723402114303013e+01
3.695779082768808621e+01
3.695835451352856182e+01
3.695892507087026502e+01
3.695950249175790248e+01
3.696008676815018390e+01
3.696067789204847998e+01
3.696127585559331408e+01
3.696188065109655696e+01
3.696249227104050306e+01
3.696311070807596622e+01
3.696373595502520004e+01
3.696436800485756891e+01
3.696500685058433078e+01
3.696565248507746304e+01
3.696630490090889509e+01
3.696696409028424313e+01
3.696763004506323114e+01
3.696830275685119460e+01
3.696898221712370969e+01
3.696966841730055364e+01
3.697036134873488322e+01
3.697106100265374096e+01
3.697176737009169045e+01
3.697248044184981808e+01
3.697320020849947042e+01
3.697392666042499343e+01
3.697465978788495278e+01
3.697539958107042679e+01
3.697614603014086754e+01
3.697689912523464528e+01
3.697765885646495576e+01
3.697842521389236481e+01
3.697919818746806442e+01
3.697997776700154304e+01
3.698076394220709062e+01
3.698155670278150353e+01
3.698235603841549590e+01
3.698316193873210267e+01
3.698397439324448754e+01
3.698479339138198441e+01
3.698561892251903771e+01
3.698645097594272357e+01
3.698728954078231368e+01
3.698813460596025493e+01
3.698898616020450447e+01
3.698984419211635810e+01
3.699070869024414066e+01
3.699157964312666280e+01
3.699245703931041618e+01
3.699334086734623384e+01
3.699423111574798639e+01
3.699512777290159704e+01
3.699603082695747958e+01
3.699694026575509298e+01
3.699785607679039146e+01
3.699877824720658737e+01
3.699970676379176382e+01
3.700064161298522691e+01
3.700158278091308262e+01
3.700253025346273006e+01
3.700348401637494078e+01
3.700444405532418557e+01
3.700541035597269257e+01
3.700638290400691943e+01
3.700736168518087510e+01
3.700834668536914762e+01
3.700933789059460111e+01
3.701033528699370123e+01
3.701133886072441470e+01
3.701234859785553510e+01
3.701336448426867776e+01
3.701438650557975762e+01
3.701541464707703000e+01
3.701644889368049718e+01
3.701748922992474888e+01
3.701853563995246787e+01
3.701958810751475681e+01
3.702064661598316064e+01
3.702171114836259846e+01
3.702278168728977192e+01
3.702385821499930785e+01
3.702494071323443592e+01
3.702602916312940806e+01
3.702712354515617221e+01
3.702822383917918359e+01
3.702933002453745814e+01
3.703044208005162119e+01
3.703155998396763948e+01
3.703268371391712321e+01
3.703381324691748944e+01
3.703494855938095753e+01
3.703608962711471264e+01
3.703723642534935578e+01
3.703838892885983824e+01
3.703954711214684181e+01
3.704071094956256616e+01
3.704188041538878196e+01
3.704305548398897940e+01
3.704423613005001670e+01
3.704542232881701835e+01
3.704661405625225967e+01
3.704781128910249066e+01
3.704901400490484775e+01
3.705022218201131068e+01
3.705143579968617473e+01
3.705265483823276895e+01
3.705387927906166823e+01
3.705510910466153973e+01
3.705634429850761791e+01
3.705758484499060756e+01
3.705883072942062739e+01
3.706008193810513518e+01
3.706133845849993236e+01
3.706260027940104607e+01
3.706386739107916384e+01
3.706513978528740694e+01
3.706641745515802455e+01
3.706770039505236269e+01
3.706898860043516919e+01
3.707028206779952484e+01
3.707158079461711253e+01
3.707288477929625259e+01
3.707419402115360185e+01
3.707550852039162947e+01
3.707682827805567882e+01
3.707815329595109688e+01
3.707948357652423255e+01
3.708081912272598402e+01
3.708215993787138842e+01
3.708350602550895303e+01
3.708485738931436515e+01
3.708621403300556096e+01
3.708757596026757852e+01
3.708894317468224955e+01
3.709031567965886467e+01
3.709169347836387232e+01
3.709307657365247479e+01
3.709446496800317306e+01
3.709585866345425131e+01
3.709725766154412696e+01
3.709866196326243681e+01
3.710007156902445757e+01
3.710148647866699179e+01
3.710290669143447673e+01
3.710433220594364911e+01
3.710576302015891059e+01
3.710719913139698178e+01
3.710864053634506377e+01
3.711008723107325835e+01
3.711153921103034037e+01
3.711299647103666643e+01
3.711445900530720365e+01
3.711592680751358131e+01
3.711739987086750148e+01
3.711887818821198692e+01
3.712036175210480593e+01
3.712185055487558571e+01
3.712334458865367282e+01
3.712484384537170001e+01
3.712634831674861147e+01
3.712785799426981015e+01
3.712937286917993873e+01
3.713089293247077904e+01
3.713241817484190221e+01
3.713394858664565845e+01
3.713548415784488554e+01
3.713702487799103835e+01
3.713857073620619076e+01
3.714012172115923960e+01
3.714167782104593840e+01
3.714323902358160012e+01
3.714480531601429192e+01
3.714637668517009672e+01
3.714795311750621920e+01
3.714953459910560696e+01
3.715112111558877217e+01
3.715271265200320983e+01
3.715430919276050759e+01
3.715591072163194042e+01
3.715751722177810734e+01
3.715912867578348511e+01
3.716074506566069857e+01
3.716236637281588884e+01
3.716399257799750444e+01
3.716562366123138617e+01
3.716725960173547350e+01
3.716890037784127543e+01
3.717054596695916047e+01
3.717219634558556152e+01
3.717385148931791861e+01
3.717551137285505547e+01
3.717717596998581087e+01
3.717884525357478509e+01
3.718051919554609697e+01
3.718219776686615319e+01
3.718388093753717527e+01
3.718556867660819165e+01
3.718726095219484051e+01
3.718895773150594408e+01
3.719065898088180688e+01
3.719236466582759704e+01
3.719407475101846927e+01
3.719578920028526170e+01
3.719750797660496744e+01
3.719923104209029674e+01
3.720095835795584094e+01
3.720268988447151770e+01
3.720442558093748886e+01
3.720616540569314168e+01
3.720790931615337627e+01
3.720965726885358293e+01
3.721140921947131375e+01
3.721316512283230793e+01
3.721492493296133119e+01
3.721668860319537941e+01
3.721845608630073343e+01
3.722022733452575238e+01
3.722200229955911510e+01
3.722378093242481611e+01
3.722556318338587289e+01
3.722734900190357621e+01
3.722913833665807459e+01
3.723093113562643452e+01
3.723272734620456248e+01
3.723452691533879744e+01
3.723632978963519946e+01
3.723813591543947155e+01
3.723994523889556518e+01
3.724175770597693713e+01
3.724357326246522604e+01
3.724539185386269224e+01
3.724721342527249135e+01
3.724903792129354230e+01
3.725086528590470181e+01
3.725269546231289297e+01
3.725452839287232365e+01
3.725636401914493234e+01
3.725820228197646600e+01
3.726004312149748898e+01
3.726188647712542235e+01
3.726373228762981427e+01
3.726558049122106553e+01
3.726743102559332499e+01
3.726928382786804406e+01
3.727113883441573705e+01
3.727299598062906227e+01
3.727485520077966896e+01
3.727671642799383989e+01
3.727857959428273915e+01
3.728044463057554481e+01
3.728231146677013896e+01
3.728418003188797769e+01
3.728605025437217790e+01
3.728792206241583784e+01
3.728979538421722140e+01
3.729167014819506676e+01
3.729354628318631626e+01
3.729542371855715999e+01
3.729730238419721644e+01
3.729918221048149718e+01
3.730106312828895909e+01
3.730294506905991625e+01
3.730482796481166474e+01
3.730671174804103174e+01
3.730859635149741393e+01
3.731048170790317187e+01
3.731236774972860104e+01
3.731425440904290980e+01
3.731614161742650282e+01
3.731802930604111168e+01
3.731991740594148155e+01
3.732180584848253346e+01
3.732369456561546883e+01
3.732558349003386411e+01
3.732747255521943686e+01
3.732936169542836780e+01
3.733125084565818241e+01
3.733313994162629257e+01
3.733502891976996807e+01
3.733691771725215602e+01
3.733880627194102431e+01
3.734069452237874032e+01
3.734258240780874871e+01
3.734446986826242210e+01
3.734635684462238459e+01
3.734824327862150284e+01
3.735012911279708447e+01
3.735201429041878640e+01
3.735389875541261517e+01
3.735578245231899785e+01
3.735766532630741210e+01
3.735954732322895211e+01
3.736142838966602397e+01
3.736330847295374724e+01
3.736518752116825226e+01
3.736706548308382025e+01
3.736894230810857920e+01
3.737081794621240505e+01
3.737269234785780725e+01
3.737456546394920309e+01
3.737643724581349147e+01
3.737830764519419091e+01
3.738017661422319549e+01
3.738204410536232558e+01
3.738391007134102040e+01
3.738577446511151692e+01
3.738763723981868736e+01
3.738949834877470835e+01
3.739135774543571245e+01
3.739321538338037243e+01
3.739507121629435460e+01
3.739692519795961800e+01
3.739877728222717934e+01
3.740062742295479836e+01
3.740247557392614652e+01
3.740432168878561470e+01
3.740616572100910986e+01
3.740800762391967993e+01
3.740984735076064283e+01
3.741168485482907613e+01
3.741352008962489606e+01
3.741535300894346960e+01
3.741718356688738112e+01
3.741901171783627689e+01
3.742083741642065320e+01
3.742266061750047612e+01
3.742448127611850595e+01
3.742629934742735287e+01
3.742811478662913061e+01
3.742992754895607987e+01
3.743173758967746778e+01
3.743354486408995996e+01
3.743534932747093791e+01
3.743715093503286795e+01
3.743894964191655106e+01
3.744074540319612510e+01
3.744253817386747585e+01
3.744432790885229423e+01
3.744611456303712060e+01
3.744789809130468683e+01
3.744967844852138938e+01
3.745145558949651132e+01
3.745322946894435745e+01
3.745500004146300910e+01
3.745676726151594238e+01
3.745853108338645399e+01
3.746029146110374342e+01
3.746204834839540609e+01
3.746380169871972043e+01
3.746555146537006920e+01
3.746729760161639433e+01
3.746904006085537731e+01
3.747077879672657019e+01
3.747251376316229710e+01
3.747424491439269900e+01
3.747597220495573112e+01
3.747769558973534032e+01
3.747941502399290670e+01
3.748113046333920551e+01
3.748284186367036597e+01
3.748454918115253065e+01
3.748625237228350215e+01
3.748795139398256282e+01
3.748964620365998002e+01
3.749133675924254305e+01
3.749302301914271141e+01
3.749470494217121797e+01
3.749638248739125146e+01
3.749805561392587805e+01
3.749972428079374964e+01
3.750138844687236883e+01
3.750304807102410365e+01
3.750470311232637499e+01
3.750635353027266916e+01
3.750799928482158663e+01
3.750964033630952343e+01
3.751127664534678985e+01
3.751290817275663869e+01
3.751453487953857291e+01
3.751615672684538083e+01
3.751777367597961188e+01
3.751938568842125221e+01
3.752099272590118773e+01
3.752259475048636261e+01
3.752419172460258778e+01
3.752578361098237991e+01
3.752737037259037578e+01
3.752895197255851656e+01
3.753052837412805331e+01
3.753209954059544629e+01
3.753366543526705357e+01
3.753522602141966047e+01
3.753678126226590450e+01
3.753833112095670543e+01
3.753987556064605258e+01
3.754141454457041505e+01
3.754294803608431863e+01
3.754447599868427687e+01
3.754599839608916056e+01
3.754751519236837254e+01
3.754902635206610029e+01
3.755053184031974922e+01
3.755203162297640063e+01
3.755352566663725611e+01
3.755501393853449343e+01
3.755649640622599605e+01
3.755797303721411140e+01
3.755944379862966542e+01
3.756090865703777126e+01
3.756236757833909934e+01
3.756382052772765689e+01
3.756526746969633024e+01
3.756670836814853232e+01
3.756814318669018604e+01
3.756957188901223077e+01
3.757099443914259496e+01
3.757241080149174906e+01
3.757382094080760737e+01
3.757522482217331117e+01
3.757662241109660073e+01
3.757801367365570400e+01
3.757939857665689942e+01
3.758077708779309489e+01
3.758214917576728453e+01
3.758351481029628616e+01
3.758487396198097485e+01
3.758622660217461231e+01
3.758757270298268338e+01
3.758891223737569476e+01
3.759024517932154197e+01
3.759157150390321078e+01
3.759289118739659585e+01
3.759420420724503487e+01
3.759551054192772312e+01
3.759681017077937071e+01
3.759810307379045469e+01
3.759938923142400569e+01
3.760066862452590186e+01
3.760194123436966152e+01
3.760320704279077120e+01
3.760446603233086194e+01
3.760571818632531205e+01
3.760696348888478724e+01
3.760820192477437729e+01
3.760943347924999358e+01
3.761065813792006907e+01
3.761187588668714454e+01
3.761308671174591467e+01
3.761429059955995058e+01
3.761548753683054969e+01
3.761667751052314657e+01
3.761786050792484559e+01
3.761903651668542636e+01
3.762020552487785352e+01
3.762136752110066595e+01
3.762252249455603703e+01
3.762367043504697506e+01
3.762481133291123570e+01
3.762594517895333013e+01
3.762707196444074498e+01
3.762819168116745061e+01
3.762930432150380256e+01
3.763040987837139539e+01
3.763150834517023213e+01
3.763259971570782625e+01
3.763368398414294802e+01
3.763476114495080793e+01
3.763583119292134427e+01
3.763689412316730198e+01
3.763794993109821974e+01
3.763899861235057642e+01
3.764004016269653619e+01
3.764107457796340839e+01
3.764210185400180819e+01
3.764312198670842236e+01
3.764413497207504378e+01
3.764514080625519199e+01
3.764613948563653167e+01
3.764713100689583314e+01
3.764811536707436090e+01
3.764909256372925483e+01
3.765006259511318376e+01
3.765102546027414832e+01
3.765198115903834974e+01
3.765292969193175310e+01
3.765387106011918661e+01
3.765480526538920003e+01
3.765573231014482047e+01
3.765665219737093850e+01
3.765756493061238785e+01
3.765847051397932432e+01
3.765936895212828261e+01
3.766026025016140721e+01
3.766114441343120944e+01
3.766202144731803969e+01
3.766289135709332925e+01
3.766375414789969511e+01
3.766460982479635788e+01
3.766545839283475061e+01
3.766629985714970985e+01
3.766713422302147762e+01
3.766796149585392328e+01
3.766878168112066305e+01
3.766959478441150111e+01
3.767040081158211251e+01
3.767119976889112110e+01
3.767199166305533709e+01
3.767277650119006438e+01
3.767355429064810579e+01
3.767432503888607442e+01
3.767508875347584762e+01
3.767584544220756015e+01
3.767659511312449183e+01
3.767733777440402321e+01
3.767807343415383059e+01
3.767880210026363841e+01
3.767952378037585248e+01
3.768023848194577852e+01
3.768094621237100483e+01
3.768164697918708583e+01
3.768234079027195804e+01
3.768302765395103648e+01
3.768370757892307665e+01
3.768438057404479480e+01
3.768504664813692528e+01
3.768570580996273378e+01
3.768635806837795599e+01
3.768700343251389739e+01
3.768764191186794932e+01
3.768827351629285261e+01
3.768889825593920762e+01
3.768951614118338256e+01
3.769012718255348204e+01
3.769073139066409794e+01
3.769132877617150967e+01
3.769191934979223646e+01
3.769250312238487766e+01
3.769308010498527750e+01
3.769365030872572220e+01
3.769421374468691965e+01
3.769477042375785203e+01
3.769532035656963842e+01
3.769586355354331886e+01
3.769640002502738696e+01
3.769692978144009032e+01
3.769745283334167851e+01
3.769796919144134506e+01
3.769847886658376268e+01
3.769898186971516196e+01
3.769947821179975023e+01
3.769996790371660467e+01
3.770045095621121334e+01
3.770092737991222265e+01
3.770139718538425910e+01
3.770186038322363231e+01
3.770231698418228916e+01
3.770276699928299990e+01
3.770321043994724874e+01
3.770364731814353831e+01
3.770407764647634252e+01
3.770450143815131838e+01
3.770491870687332181e+01
3.770532946679512065e+01
3.770573373253328242e+01
3.770613151914999150e+01
3.770652284205211657e+01
3.770690771686296472e+01
3.770728615929699146e+01
3.770765818501892142e+01
3.770802380951653987e+01
3.770838304804650676e+01
3.770873591564843963e+01
3.770908242716283354e+01
3.770942259721201140e+01
3.770975644016159833e+01
3.771008397009757829e+01
3.771040520082870273e+01
3.771072014590349397e+01
3.771102881863415490e+01
3.771133123212717209e+01
3.771162739931601493e+01
3.771191733298398674e+01
3.771220104577454180e+01
3.771247855018885531e+01
3.771274985855516348e+01
3.771301498296016774e+01
3.771327393517263715e+01
3.771352672660011507e+01
3.771377336826807891e+01
3.771401387077667522e+01
3.771424824424478572e+01
3.771447649829995186e+01
3.771469864210041578e+01
3.771491468430355098e+01
3.771512463296620865e+01
3.771532849546447608e+01
3.771552627850795147e+01
3.771571798822711230e+01
3.771590363025482873e+01
3.771608320974457484e+01
3.771625673129609169e+01
3.771642419879440666e+01
3.771658561524491660e+01
3.771674098270398190e+01
3.771689030232249706e+01
3.771703357447325544e+01
3.771717079893679880e+01
3.771730197509111093e+01
3.771742710205070637e+01
3.771754617876092652e+01
3.771765920408149242e+01
3.771776617688569644e+01
3.771786709616544186e+01
3.771796196107392518e+01
3.771805077087481806e+01
3.771813352488270255e+01
3.771821022246780331e+01
3.771828086306074113e+01
3.771834544605790285e+01
3.771840397064308092e+01
3.771845643565004025e+01
3.771850283957798666e+01
3.771854318075320123e+01
3.771857745753936086e+01
3.771860566851673724e+01
3.771862781259706310e+01
3.771864388906537613e+01
3.771865389756053588e+01
3.771865783801084859e+01
3.771865571053962185e+01
3.771864751535991189e+01
3.771863325267617029e+01
3.771861292259948328e+01
3.771858652506872289e+01
3.771855405978040920e+01
3.771851552616347192e+01
3.771847092341624830e+01
3.771842025058552395e+01
3.771836350667856408e+01
3.771830069078791325e+01
3.771823180217912608e+01
3.771815684032010552e+01
3.771807580489679879e+01
3.771798869590974590e+01
3.771789551386608963e+01
3.771779625993656282e+01
3.771769093597997369e+01
3.771757954447810590e+01
3.771746208844235326e+01
3.771733857129118661e+01
3.771720899668761007e+01
3.771707336838744595e+01
3.771693169019859937e+01
3.771678396606212402e+01
3.771663020013133405e+01
3.771647039677790048e+01
3.771630456059011038e+01
3.771613269638972810e+01
3.771595480917765997e+01
3.771577090398908183e+01
3.771558098577880003e+01
3.771538505939909669e+01
3.771518312959520358e+01
3.771497520096075817e+01
3.771476127789429000e+01
3.771454136459954753e+01
3.771431546510240196e+01
3.771408358324632104e+01
3.771384572268686242e+01
3.771360188693003579e+01
3.771335207936772349e+01
3.771309630319918682e+01
3.771283456128238498e+01
3.771256685608568660e+01
3.771229318976718758e+01
3.771201356427349083e+01
3.771172798141029858e+01
3.771143644289738006e+01
3.771113895037582608e+01
3.771083550532571138e+01
3.771052610893798374e+01
3.771021076201363087e+01
3.770988946488914451e+01
3.770956221735909253e+01
3.770922901863376353e+01
3.770888986740882842e+01
3.770854476204997496e+01
3.770819370080869248e+01
3.770783668198648542e+01
3.770747370398995457e+01
3.770710476527681010e+01
3.770672986430480478e+01
3.770634899957907038e+01
3.770596216975985726e+01
3.770556937375759787e+01
3.770517061076470355e+01
3.770476588019285913e+01
3.770435518154990717e+01
3.770393851432556431e+01
3.770351587791606818e+01
3.770308727155759954e+01
3.770265269420131915e+01
3.770221214431820300e+01
3.770176561973120499e+01
3.770131311756434656e+01
3.770085463428039674e+01
3.770039016572932411e+01
3.769991970718310625e+01
3.769944325337053215e+01
3.769896079850326487e+01
3.769847233628538419e+01
3.769797785994623496e+01
3.769747736232400825e+01
3.769697083594736853e+01
3.769645827305669172e+01
3.769593966558633014e+01
3.769541500514984023e+01
3.769488428301351490e+01
3.769434749004362573e+01
3.769380461666924731e+01
3.769325565290455415e+01
3.769270058843632398e+01
3.769213941275047830e+01
3.769157211524201756e+01
3.769099868527048613e+01
3.769041911217836827e+01
3.768983338528322236e+01
3.768924149379188293e+01
3.768864342660947386e+01
3.768803917214744814e+01
3.768742871827194563e+01
3.768681205240993393e+01
3.768618916173619482e+01
3.768556003334183657e+01
3.768492465427715388e+01
3.768428301144838599e+01
3.768363509148524315e+01
3.768298088069029461e+01
3.768232036504287663e+01
3.768165353017091235e+01
3.768098036127693007e+01
3.768030084306311522e+01
3.767961495968170738e+01
3.767892269470195998e+01
3.767822403107616935e+01
3.767751895110077953e+01
3.767680743637951224e+01
3.767608946781371770e+01
3.767536502566683509e+01
3.767463408969698690e+01
3.767389663927696830e+01
3.767315265345188635e+01
3.767240211094028268e+01
3.767164499007394340e+01
3.767088126870264375e+01
3.767011092415730644e+01
3.766933393330968016e+01
3.766855027265629730e+01
3.766775991835672954e+01
3.766696284622115343e+01
3.766615903168528945e+01
3.766534844981361374e+01
3.766453107533269673e+01
3.766370688266663080e+01
3.766287584596067006e+01
3.766203793911076048e+01
3.766119313581453554e+01
3.766034140962519672e+01
3.765948273397916779e+01
3.765861708219056680e+01
3.765774442742726080e+01
3.765686474268293438e+01
3.765597800074732504e+01
3.765508417417346720e+01
3.765418323524503563e+01
3.765327515595233621e+01
3.765235990798596788e+01
3.765143746273336234e+01
3.765050779124707248e+01
3.764957086417901877e+01
3.764862665171274614e+01
3.764767512354055867e+01
3.764671624890396373e+01
3.764574999664577604e+01
3.764477633519801714e+01
3.764379523250445914e+01
3.764280665595011754e+01
3.764181057235689565e+01
3.764080694804944471e+01
3.763979574895217439e+01
3.763877694065799062e+01
3.763775048844647841e+01
3.763671635731761711e+01
3.763567451210832360e+01
3.763462491763826279e+01
3.763356753878153427e+01
3.763250234046545728e+01
3.763142928769167384e+01
3.763034834564398068e+01
3.762925947985851849e+01
3.762816265638425506e+01
3.762705784186452718e+01
3.762594500349593574e+01
3.762482410886151030e+01
3.762369512568698582e+01
3.762255802162628271e+01
3.762141276417562352e+01
3.762025932070060463e+01
3.761909765849938481e+01
3.761792774488917246e+01
3.761674954732790610e+01
3.761556303354755215e+01
3.761436817168649327e+01
3.761316493041798736e+01
3.761195327904848540e+01
3.761073318756722728e+01
3.760950462665007166e+01
3.760826756761662182e+01
3.760702198234734084e+01
3.760576784320466714e+01
3.760450512300086245e+01
3.760323379498922947e+01
3.760195383283686965e+01
3.760066521061011713e+01
3.759936790282812780e+01
3.759806188455161902e+01
3.759674713142285896e+01
3.759542361966283863e+01
3.759409132609572168e+01
3.759275022818696499e+01
3.759140030402296162e+01
3.759004153222549860e+01
3.758867389184376151e+01
3.758729736225026130e+01
3.758591192306995765e+01
3.758451755419696383e+01
3.758311423590583189e+01
3.758170194896282368e+01
3.758028067464172750e+01
3.757885039465593735e+01
3.757741109108468436e+01
3.757596274635382372e+01
3.757450534329749559e+01
3.757303886529093973e+01
3.757156329640567805e+01
3.757007862154232214e+01
3.756858482652836528e+01
3.756708189817209131e+01
3.756556982426591418e+01
3.756404859357309789e+01
3.756251819585449425e+01
3.756097862193909265e+01
3.755942986379748305e+01
3.755787191461541852e+01
3.755630476889165692e+01
3.755472842253782062e+01
3.755314287292950581e+01
3.755154811889124744e+01
3.754994416063274798e+01
3.754833099966463550e+01
3.754670863870261854e+01
3.754507708154429224e+01
3.754343633294118376e+01
3.754178639850775312e+01
3.754012728462071635e+01
3.753845899824042931e+01
3.753678154671374045e+01
3.753509493767925420e+01
3.753339917912347090e+01
3.753169427956558479e+01
3.752998024829488344e+01
3.752825709556823597e+01
3.752652483274815154e+01
3.752478347241748224e+01
3.752303302848344657e+01
3.752127351626022289e+01
3.751950495251256967e+01
3.751772735544008697e+01
3.751594074461661421e+01
3.751414514094141595e+01
3.751234056663317773e+01
3.751052704523475256e+01
3.750870460157798192e+01
3.750687326170862690e+01
3.750503305282681765e+01
3.750318400326850110e+01
3.750132614248687446e+01
3.749945950100560310e+01
3.749758411036810912e+01
3.749570000310545481e+01
3.749380721270708250e+01
3.749190577358188392e+01
3.748999572104359856e+01
3.748807709136639232e+01
3.748614992190376682e+01
3.748421425121132700e+01
3.748227011912288731e+01
3.748031756677391257e+01
3.747835663660357142e+01
3.747638737238604989e+01
3.747440981929399584e+01
3.747242402392398475e+01
3.747043003424797547e+01
3.746842789954336439e+01
3.746641767036196313e+01
3.746439939853414103e+01
3.746237313715730721e+01
3.746033894053576319e+01
3.745829686408740855e+01
3.745624696425048228e+01
3.745418929840977995e+01
3.745212392485311881e+01
3.745005090274917592e+01
3.744797029212640638e+01
3.744588215386649921e+01
3.744378654973392173e+01
3.744168354242108165e+01
3.743957319557883778e+01
3.743745557381102884e+01
3.743533074261738847e+01
3.743319876832958215e+01
3.743105971812819632e+01
3.742891366014833210e+01
3.742676066359104681e+01
3.742460079877543677e+01
3.742243413712735389e+01
3.742026075112921291e+01
3.741808071424932081e+01
3.741589410086344714e+01
3.741370098619101014e+01
3.741150144626341500e+01
3.740929555791286987e+01
3.740708339875534705e+01
3.740486504715895677e+01
3.740264058219381127e+01
3.740041008355173346e+01
3.739817363146980966e+01
3.739593130673097221e+01
3.739368319074541347e+01
3.739142936563685993e+01
3.738916991427335290e+01
3.738690492022696077e+01
3.738463446766327536e+01
3.738235864118231433e+01
3.738007752566521447e+01
3.737779120617742734e+01
3.737549976792944051e+01
3.737320329627058868e+01
3.737090187671795150e+01
3.736859559503493955e+01
3.736628453733034405e+01
3.736396879011548577e+01
3.736164844029909204e+01
3.735932357514801083e+01
3.735699428223044549e+01
3.735466064933874009e+01
3.735232276441213628e+01
3.734998071549754428e+01
3.734763459075810488e+01
3.734528447851380406e+01
3.734293046729482768e+01
3.734057264588420111e+01
3.733821110333408200e+01
3.733584592894901988e+01
3.733347721223604765e+01
3.733110504285284748e+01
3.732872951059390942e+01
3.732635070539711108e+01
3.732396871731534560e+01
3.732158363646075117e+01
3.731919555300844138e+01
3.731680455731616064e+01
3.731441074011890890e+01
3.731201419270995956e+01
3.730961500704589895e+01
3.730721327576690527e+01
3.730480909216350227e+01
3.730240255013740835e+01
3.729999374419070790e+01
3.729758276945003104e+01
3.729516972172389444e+01
3.729275469757073580e+01
3.729033779432899820e+01
3.728791911009263060e+01
3.728549874366225936e+01
3.728307679450610124e+01
3.728065336275397357e+01
3.727822854921959816e+01
3.727580245541702197e+01
3.727337518355175661e+01
3.727094683647486306e+01
3.726851751757277498e+01
3.726608733060157874e+01
3.726365637953009724e+01
3.726122476843551112e+01
3.725879260144581195e+01
3.725635998273187965e+01
3.725392701656000582e+01
3.725149380736677784e+01
3.724906045979500391e+01
3.724662707867026512e+01
3.724419376893453659e+01
3.724176063554869387e+01
3.723932778336672555e+01
3.723689531701488420e+01
3.723446334084379572e+01
3.723203195898782525e+01
3.722960127546917164e+01
3.722717139423868105e+01
3.722474241911825033e+01
3.722231445370334058e+01
3.721988760128978413e+01
3.721746196484055247e+01
3.721503764697396832e+01
3.721261474994408758e+01
3.721019337559383899e+01
3.720777362529062060e+01
3.720535559987062157e+01
3.720293939960268403e+01
3.720052512416478407e+01
3.719811287263902955e+01
3.719570274354173733e+01
3.719329483486712462e+01
3.719088924409104635e+01
3.718848606812217383e+01
3.718608540324241574e+01
3.718368734507073725e+01
3.718129198854640549e+01
3.717889942792206170e+01
3.717650975677424441e+01
3.717412306803733202e+01
3.717173945404913837e+01
3.716935900658482694e+01
3.716698181685577396e+01
3.716460797548015904e+01
3.716223757246811488e+01
3.715987069724499037e+01
3.715750743868809280e+01
3.715514788514892075e+01
3.715279212446365165e+01
3.715044024397046485e+01
3.714809233054341320e+01
3.714574847064088203e+01
3.714340875035701828e+01
3.714107325545161586e+01
3.713874207133824257e+01
3.713641528304108874e+01
3.713409297514891705e+01
3.713177523177878925e+01
3.712946213655040850e+01
3.712715377257320881e+01
3.712485022244315047e+01
3.712255156823945157e+01
3.712025789151361721e+01
3.711796927327351625e+01
3.711568579397136602e+01
3.711340753349561794e+01
3.711113457115893510e+01
3.710886698568029374e+01
3.710660485516418561e+01
3.710434825707495321e+01
3.710209726820130527e+01
3.709985196461408208e+01
3.709761242163078521e+01
3.709537871379765761e+01
3.709315091489024496e+01
3.709092909793732673e+01
3.708871333527214631e+01
3.708650369859330453e+01
3.708430025901502347e+01
3.708210308710559389e+01
3.707991225291910808e+01
3.707772782602516770e+01
3.707554987553663750e+01
3.707337847012380649e+01
3.707121367800895939e+01
3.706905556694449189e+01
3.706690420417726273e+01
3.706475965641303816e+01
3.706262198979838018e+01
3.706049126991526066e+01
3.705836756177462377e+01
3.705625092982165825e+01
3.705414143796834026e+01
3.705203914963374245e+01
3.704994412776874668e+01
3.704785643487588231e+01
3.704577613304280703e+01
3.704370328397963164e+01
3.704163794904068396e+01
3.703958018923064088e+01
3.703753006520290114e+01
3.703548763725109438e+01
3.703345296528596720e+01
3.703142610877916496e+01
3.702940712667382428e+01
3.702739607730597271e+01
3.702539301837448704e+01
3.702339800694135619e+01
3.702141109942405706e+01
3.701943235157236956e+01
3.701746181844130490e+01
3.701549955436784245e+01
3.701354561295064372e+01
3.701160004702194328e+01
3.700966290860188934e+01
3.700773424884215501e+01
3.700581411798217601e+01
3.700390256533953703e+01
3.700199963933143721e+01
3.700010538750397870e+01
3.699821985655074030e+01
3.699634309231666407e+01
3.699447513979031754e+01
3.699261604308730256e+01
3.699076584542689261e+01
3.698892458910668068e+01
3.698709231548401988e+01
3.698526906496815769e+01
3.698345487701728018e+01
3.698164979014428866e+01
3.697985384195952463e+01
3.697806706926420617e+01
3.697628950816521609e+01
3.697452119418409922e+01
3.697276216235430724e+01
3.697101244729504543e+01
3.696927208325300285e+01
3.696754110411676209e+01
3.696581954340685883e+01
3.696410743423560064e+01
3.696240480923280103e+01
3.696071170046176491e+01
3.695902813937223641e+01
3.695735415680208291e+01
3.695568978298869922e+01
3.695403504755696389e+01
3.695238997948875692e+01
3.695075460709141169e+01
3.694912895797303776e+01
3.694751305902555316e+01
3.694590693641750079e+01
3.694431061559949114e+01
3.694272412131154226e+01
3.694114747756710671e+01
3.693958070761654966e+01
3.693802383393888533e+01
3.693647687829391657e+01
3.693493986180649813e+01
3.693341280503319268e+01
3.693189572798809905e+01
3.693038865013641470e+01
3.692889159037638791e+01
3.692740456702411223e+01
3.692592759780514911e+01
3.692446069984416823e+01
3.692300388964386570e+01
3.692155718305612311e+01
3.692012059523261058e+01
3.691869414052575138e+01
3.691727783236041915e+01
3.691587168314364220e+01
3.691447570423851943e+01
3.691308990597815409e+01
3.691171429769995171e+01
3.691034888779744705e+01
3.690899368378675405e+01
3.690764869237882095e+01
3.690631391954097751e+01
3.690498937053212813e+01
3.690367504991362324e+01
3.690237096154741181e+01
3.690107710859321344e+01
3.689979349352421423e+01
3.689852011817094279e+01
3.689725698377392860e+01
3.689600409102271072e+01
3.689476144008119007e+01
3.689352903060711242e+01
3.689230686176372842e+01
3.689109493222759539e+01
3.688989324021481053e+01
3.688870178353352713e+01
3.688752055963263388e+01
3.688634956561723044e+01
3.688518879824462005e+01
3.688403825393294255e+01
3.688289792878151729e+01
3.688176781857066544e+01
3.688064791872258041e+01
3.687953822423783379e+01
3.687843872963768632e+01
3.687734942893272461e+01
3.687627031561285662e+01
3.687520138264609670e+01
3.687414262249583885e+01
3.687309402716828544e+01
3.687205558826867957e+01
3.687102729702726833e+01
3.687000914427950704e+01
3.686900112043256428e+01
3.686800321546304815e+01
3.686701541894875334e+01
3.686603772011113023e+01
3.686507010785287974e+01
3.686411257078478343e+01
3.686316509724477442e+01
3.686222767531400279e+01
3.686130029282807641e+01
3.686038293737950511e+01
3.685947559631135562e+01
3.685857825669624077e+01
3.685769090528613390e+01
3.685681352843875658e+01
3.685594611205856097e+01
3.685508864157279163e+01
3.685424110190845681e+01
3.685340347743133549e+01
3.685257575186644630e+01
3.685175790825845610e+01
3.685094992900411626e+01
3.685015179592757306e+01
3.684936349033133496e+01
3.684858499298773182e+01
3.684781628409731979e+01
3.684705734325499549e+01
3.684630814945414556e+01
3.684556868114430728e+01
3.684483891631027319e+01
3.684411883251708986e+01
3.684340840690921937e+01
3.684270761619318790e+01
3.684201643663573833e+01
3.684133484408343406e+01
3.684066281396960107e+01
3.684000032126375856e+01
3.683934734035770475e+01
3.683870384495357087e+01
3.683806980803560549e+01
3.683744520190820282e+01
3.683682999820955217e+01
3.683622416789213361e+01
3.683562768124806297e+01
3.683504050799963636e+01
3.683446261739377547e+01
3.683389397823994926e+01
3.683333455887116514e+01
3.683278432707371763e+01
3.683224325006468547e+01
3.683171129452689030e+01
3.683118842664674730e+01
3.683067461213460803e+01
3.683016981625767983e+01
3.682967400389635770e+01
3.682918713959762869e+01
3.682870918760993817e+01
3.682824011189952529e+01
3.682777987614725390e+01
3.682732844373575176e+01
3.682688577774619176e+01
3.682645184097947322e+01
3.682602659600073736e+01
3.682561000519068983e+01
3.682520203078329502e+01
3.682480263486934291e+01
3.682441177936201626e+01
3.682402942595075501e+01
3.682365553607360198e+01
3.682329007092658912e+01
3.682293299151496768e+01
3.682258425872488772e+01
3.682224383338043339e+01
3.682191167626076833e+01
3.682158774807042079e+01
3.682127200938138856e+01
3.682096442058297470e+01
3.682066494186570793e+01
3.682037353324913909e+01
3.682009015466019974e+01
3.681981476604958203e+01
3.681954732750617154e+01
3.681928779934023055e+01
3.681903614213256759e+01
3.681879231676706610e+01
3.681855628447101481e+01
3.681832800685346285e+01
3.681810744591049911e+01
3.681789456400316141e+01
3.681768932383444337e+01
3.681749168842425490e+01
3.681730162106981652e+01
3.681711908529923960e+01
3.681694404484257177e+01
3.681677646363890233e+01
3.681661630587657896e+01
3.681646353604217836e+01
3.681631811895775286e+01
3.681618001982297272e+01
3.681604920428743100e+01
3.681592563853172351e+01
3.681580928931536789e+01
3.681570012398868386e+01
3.681559811049881148e+01
3.681550321740451892e+01
3.681541541388608607e+01
3.681533466973670699e+01
3.681526095532068865e+01
3.681519424148596187e+01
3.681513449946481131e+01
3.681508170082722131e+01
3.681503581750240528e+01
3.681499682182371203e+01
3.681496468655398502e+01
3.681493938488860351e+01
3.681492089045352145e+01
3.681490917730436507e+01
3.681490421991576056e+01
3.681490599315890933e+01
3.681491447228021485e+01
3.681492963286323317e+01
3.681495145073323982e+01
3.681497990182762692e+01
3.681501496210530178e+01
3.681505660751544440e+01
3.681510481400720636e+01
3.681515955757445369e+01
3.681522081432972726e+01
3.681528856060060662e+01
3.681536277302406290e+01
3.681544342859900354e+01
3.681553050472020772e+01
3.681562397926394681e+01
3.681572383071837606e+01
3.681583003828176004e+01
3.681594258189544178e+01
3.681606144223394494e+01
3.681618660066096282e+01
3.681631803913176526e+01
3.681645574004101462e+01
3.681659968606771116e+01
3.681674986008535910e+01
3.681690624516464538e+01
3.681706882465017827e+01
3.681723758226348053e+01
3.681741250218554740e+01
3.681759356910238523e+01
3.681778076820955903e+01
3.681797408517397230e+01
3.681817350606923611e+01
3.681837901731793750e+01
3.681859060566695518e+01
3.681880825820663006e+01
3.681903196243375476e+01
3.681926170632816309e+01
3.681949747839720999e+01
3.681973926769005345e+01
3.681998706382353248e+01
3.682024085702856553e+01
3.682050063818389418e+01
3.682076639882245672e+01
3.682103813113295132e+01
3.682131582797696012e+01
3.682159948292457585e+01
3.682188909030070789e+01
3.682218464521290002e+01
3.682248614353235183e+01
3.682279358184575102e+01
3.682310695741680462e+01
3.682342626817211340e+01
3.682375151270947811e+01
3.682408269033339820e+01
3.682441980111988045e+01
3.682476284597238703e+01
3.682511182661158244e+01
3.682546674550172838e+01
3.682582760576151060e+01
3.682619441107484448e+01
3.682656716560944687e+01
3.682694587397242714e+01
3.682733054120388516e+01
3.682772117277632162e+01
3.682811777457841629e+01
3.682852035287742609e+01
3.682892891425818505e+01
3.682934346554551297e+01
3.682976401372465602e+01
3.683019056587442464e+01
3.683062312912561964e+01
3.683106171064869017e+01
3.683150631766179117e+01
3.683195695744963416e+01
3.683241363739197283e+01
3.683287636500870121e+01
3.683334514802537996e+01
3.683381999444459609e+01
3.683430091259685213e+01
3.683478791115933859e+01
3.683528099914929754e+01
3.683578018590674930e+01
3.683628548108686118e+01
3.683679689466796248e+01
3.683731443695075569e+01
3.683783811852340051e+01
3.683836795019255561e+01
3.683890394290364867e+01
3.683944610768062944e+01
3.683999445559785357e+01
3.684054899777336800e+01
3.684110974536520189e+01
3.684167670955876162e+01
3.684224990154354629e+01
3.684282933248307046e+01
3.684341501347110892e+01
3.684400695544892557e+01
3.684460516909143735e+01
3.684520966472440051e+01
3.684582045230111902e+01
3.684643754139563043e+01
3.684706094118031672e+01
3.684769066041621244e+01
3.684832670750848393e+01
3.684896909062921821e+01
3.684961781784105739e+01
3.685027289717123722e+01
3.685093433664370366e+01
3.685160214429559034e+01
3.685227632819763954e+01
3.685295689647946205e+01
3.685364385734310133e+01
3.685433721906195359e+01
3.685503698997874267e+01
3.685574317850833381e+01
3.685645579314735443e+01
3.685717484249258291e+01
3.685790033525832854e+01
3.685863228027726279e+01
3.685937068647204740e+01
3.686011556279179047e+01
3.686086691813496685e+01
3.686162476130147780e+01
3.686238910097784327e+01
3.686315994570972521e+01
3.686393730384811818e+01
3.686472118351214533e+01
3.686551159258976185e+01
3.686630853874823543e+01
3.686711202942412768e+01
3.686792207178994119e+01
3.686873867272457517e+01
3.686956183882283256e+01
3.687039157643889808e+01
3.687122789172502024e+01
3.687207079064680215e+01
3.687292027897404978e+01
3.687377636223666144e+01
3.687463904565213113e+01
3.687550833406094597e+01
3.687638423189892478e+01
3.687726674322021125e+01
3.687815587177871635e+01
3.687905162114848423e+01
3.687995399483340009e+01
3.688086299633878440e+01
3.688177862922654526e+01
3.688270089718776745e+01
3.688362980414063941e+01
3.688456535431671313e+01
3.688550755228669686e+01
3.688645640293562167e+01
3.688741191143997611e+01
3.688837408326229195e+01
3.688934292413992466e+01
3.689031844005629779e+01
3.689130063720138253e+01
3.689228952192538458e+01
3.689328510068460787e+01
3.689428737997754837e+01
3.689529636625764653e+01
3.689631206581189105e+01
3.689733448462777687e+01
3.689836362828453531e+01
3.689939950188237816e+01
3.690044210999904095e+01
3.690149145666085673e+01
3.690254754534213788e+01
3.690361037901318042e+01
3.690467996021367725e+01
3.690575629109387279e+01
3.690683937338759790e+01
3.690792920834336854e+01
3.690902579667593386e+01
3.691012913855679045e+01
3.691123923361540449e+01
3.691235608094235943e+01
3.691347967910904515e+01
3.691461002619907106e+01
3.691574711984250001e+01
3.691689095727841163e+01
3.691804153545640332e+01
3.691919885112241673e+01
3.692036290083064642e+01
3.692153368090177423e+01
3.692271118740846703e+01
3.692389541623106197e+01
3.692508636314241244e+01
3.692628402385376063e+01
3.692748839400122307e+01
3.692869946910880685e+01
3.692991724456321379e+01
3.693114171560117853e+01
3.693237287729300533e+01
3.693361072450654348e+01
3.693485525186144969e+01
3.693610645370190326e+01
3.693736432409080805e+01
3.693862885680974983e+01
3.693990004535705651e+01
3.694117788293415572e+01
3.694246236241239245e+01
3.694375347628818673e+01
3.694505121664987968e+01
3.694635557519321623e+01
3.694766654330117461e+01
3.694898411214616374e+01
3.695030827275031982e+01
3.695163901596882994e+01
3.695297633240117108e+01
3.695432021226048391e+01
3.695567064524579592e+01
3.695702762048733803e+01
3.695839112662042680e+01
3.695976115194991252e+01
3.696113768460877225e+01
3.696252071266509631e+01
3.696391022419592076e+01
3.696530620735810402e+01
3.696670865046996113e+01
3.696811754208408018e+01
3.696953287102800090e+01
3.697095462642538877e+01
3.697238279770943592e+01
3.697381737462841755e+01
3.697525834726686611e+01
3.697670570609884066e+01
3.697815944204899097e+01
3.697961954653123939e+01
3.698108601146304153e+01
3.698255882927288241e+01
3.698403799292525918e+01
3.698552349597780164e+01
3.698701533265688113e+01
3.698851349792741416e+01
3.699001798753725012e+01
3.699152879801975047e+01
3.699304592666901925e+01
3.699456937154142366e+01
3.699609913150977292e+01
3.699763520633199931e+01
3.699917759669072126e+01
3.700072630419468567e+01
3.700228133133939679e+01
3.700384268141700517e+01
3.700541035838530490e+01
3.700698436672992386e+01
3.700856471134786574e+01
3.701015139746814953e+01
3.701174443062983244e+01
3.701334381670681495e+01
3.701494956191708496e+01
3.701656167278120080e+01
3.701818015605164192e+01
3.701980501862260553e+01
3.702143626740866011e+01
3.702307390921070862e+01
3.702471795061408244e+01
3.702636839794021029e+01
3.702802525723429028e+01
3.702968853425982587e+01
3.703135823448434394e+01
3.703303436305245810e+01
3.703471692474622046e+01
3.703640592393968944e+01
3.703810136456024082e+01
3.703980325006546792e+01
3.704151158343474037e+01
3.704322636717332529e+01
3.704494760333214742e+01
3.704667529353628197e+01
3.704840943900760664e+01
3.705015004058255812e+01
3.705189709873182835e+01
3.705365061357422718e+01
3.705541058487492023e+01
3.705717701202907222e+01
3.705894989403765294e+01
3.706072922948229831e+01
3.706251501651086500e+01
3.706430725285117944e+01
3.706610593584238700e+01
3.706791106243799305e+01
3.706972262916600869e+01
3.707154063208140116e+01
3.707336506673689769e+01
3.707519592817337895e+01
3.707703321092772342e+01
3.707887690905139522e+01
3.708072701612610444e+01
3.708258352527258950e+01
3.708444642916042255e+01
3.708631572002362020e+01
3.708819138967622564e+01
3.709007342952015307e+01
3.709196183055879459e+01
3.709385658343695269e+01
3.709575767848366468e+01
3.709766510571610354e+01
3.709957885481709638e+01
3.710149891513024301e+01
3.710342527567635074e+01
3.710535792516123621e+01
3.710729685195415328e+01
3.710924204404489046e+01
3.711119348900758297e+01
3.711315117398410024e+01
3.711511508566534445e+01
3.711708521025222041e+01
3.711906153342234660e+01
3.712104404034550242e+01
3.712303271573120611e+01
3.712502754384996706e+01
3.712702850851071901e+01
3.712903559301190626e+01
3.713104878008090282e+01
3.713306805181244385e+01
3.713509338961481632e+01
3.713712477417849556e+01
3.713916218549147175e+01
3.714120560292082729e+01
3.714325500534693703e+01
3.714531037129467705e+01
3.714737167900040049e+01
3.714943890638824797e+01
3.715151203098803023e+01
3.715359102986190010e+01
3.715567587956407891e+01
3.715776655610354595e+01
3.715986303488914189e+01
3.716196529065717158e+01
3.716407329738334653e+01
3.716618702819967268e+01
3.716830645535412714e+01
3.717043155022199841e+01
3.717256228332983170e+01
3.717469862435798689e+01
3.717684054212462996e+01
3.717898800456487862e+01
3.718114097871480084e+01
3.718329943069443999e+01
3.718546332566256041e+01
3.718763262774997003e+01
3.718980730003278268e+01
3.719198730458354873e+01
3.719417260256142299e+01
3.719636315424479278e+01
3.719855891893630684e+01
3.720075985479676461e+01
3.720296591874043912e+01
3.720517706643937572e+01
3.720739325236968398e+01
3.720961442982461875e+01
3.721184055090919429e+01
3.721407156660490045e+01
3.721630742692696714e+01
3.721854808108066237e+01
3.722079347753568612e+01
3.722304356402564451e+01
3.722529828752212211e+01
3.722755759421850996e+01
3.722982142953723184e+01
3.723208973818366019e+01
3.723436246424585505e+01
3.723663955129138259e+01
3.723892094243585404e+01
3.724120658039096554e+01
3.724349640748923207e+01
3.724579036569987522e+01
3.724808839667497296e+01
3.725039044181207259e+01
3.725269644227405053e+01
3.725500633897183178e+01
3.725732007256667089e+01
3.725963758349282529e+01
3.726195881196372284e+01
3.726428369796541062e+01
3.726661218128314346e+01
3.726894420158834009e+01
3.727127969856451983e+01
3.727361861203223015e+01
3.727596088203797819e+01
3.727830644889050404e+01
3.728065525316881690e+01
3.728300723574289322e+01
3.728536233781581899e+01
3.728772050096490176e+01
3.729008166715946260e+01
3.729244577875615363e+01
3.729481277851380128e+01
3.729718260968520127e+01
3.729955521618484937e+01
3.730193054275863318e+01
3.730430853509217570e+01
3.730668913985875434e+01
3.730907230472630687e+01
3.731145797832352429e+01
3.731384611017476516e+01
3.731623665063595752e+01
3.731862955085189526e+01
3.732102476273206548e+01
3.732342223893716238e+01
3.732582193286953753e+01
3.732822379866749429e+01
3.733062779121616614e+01
3.733303386616811537e+01
3.733544197992109304e+01
3.733785208952173917e+01
3.734026415255761577e+01
3.734267812713006407e+01
3.734509397193712488e+01
3.734751164642858612e+01
3.734993111096777341e+01
3.735235232694373764e+01
3.735477525679669952e+01
3.735719986393633008e+01
3.735962611255973087e+01
3.736205396742359852e+01
3.736448339365148286e+01
3.736691435661211358e+01
3.736934682184649148e+01
3.737178075501436325e+01
3.737421612184470376e+01
3.737665288808318564e+01
3.737909101943579770e+01
3.738153048150464031e+01
3.738397123971788716e+01
3.738641325927241610e+01
3.738885650510174230e+01
3.739130094185957631e+01
3.739374653390331105e+01
3.739619324526978517e+01
3.739864103964030306e+01
3.740108988029589909e+01
3.740353973006676114e+01
3.740599055127970729e+01
3.740844230571152451e+01
3.741089495455786818e+01
3.741334845841871726e+01
3.741580277729161708e+01
3.741825787056497887e+01
3.742071369700835248e+01
3.742317021475403749e+01
3.742562738126886757e+01
3.742808515332993835e+01
3.743054348701105738e+01
3.743300233766913010e+01
3.743546165992477626e+01
3.743792140764679033e+01
3.744038153394834723e+01
3.744284199118699519e+01
3.744530273095796247e+01
3.744776370407762300e+01
3.745022486055727029e+01
3.745268614956910369e+01
3.745514751940726939e+01
3.745760891744901500e+01
3.746007029012549339e+01
3.746253158290625862e+01
3.746499274028956705e+01
3.746745370579271395e+01
3.746991442194134692e+01
3.747237483025203630e+01
3.747483487120696566e+01
3.747729448423260834e+01
3.747975360769000730e+01
3.748221217887584800e+01
3.748467013403223547e+01
3.748712740836236890e+01
3.748958393605493455e+01
3.749203965032995711e+01
3.749449448351875702e+01
3.749694836717313251e+01
3.749940123216572374e+01
3.750185300873687311e+01
3.750430362647716720e+01
3.750675301426904440e+01
3.750920110022941145e+01
3.751164781169511286e+01
3.751409307526682113e+01
3.751653681688221553e+01
3.751897896187157500e+01
3.752141943501340648e+01
3.752385816066600199e+01
3.752629506297504491e+01
3.752873006606071726e+01
3.753116309410839335e+01
3.753359407134733061e+01
3.753602292195626688e+01
3.753844956998948135e+01
3.754087393940811523e+01
3.754329595421565813e+01
3.754571553863050326e+01
3.754813261723410278e+01
3.755054711504709530e+01
3.755295895752163915e+01
3.755536807050939530e+01
3.755777438025484827e+01
3.756017781339546246e+01
3.756257829693841899e+01
3.756497575820817758e+01
3.756737012476970250e+01
3.756976132432727411e+01
3.757214928460585668e+01
3.757453393324895075e+01
3.757691519775741540e+01
3.757929300546140183e+01
3.758166728353416630e+01
3.758403795906531997e+01
3.758640495917110513e+01
3.758876821111343247e+01
3.759112764240919091e+01
3.759348318088401442e+01
3.759583475464430080e+01
3.759818229201311368e+01
3.760052572149729144e+01
3.760286497180132415e+01
3.760519997184903218e+01
3.760753065078773716e+01
3.760985693799138829e+01
3.761217876306770336e+01
3.761449605583013778e+01
3.761680874618910764e+01
3.761911676397300397e+01
3.762142003875317187e+01
3.762371849973217763e+01
3.762601207568859962e+01
3.762830069494320639e+01
3.763058428532914235e+01
3.763286277417371650e+01
3.763513608831334523e+01
3.763740415413387552e+01
3.763966689759035944e+01
3.764192424420454586e+01
3.764417611911296291e+01
3.764642244720755571e+01
3.764866315329585689e+01
3.765089816219681040e+01
3.765312739880059922e+01
3.765535078814409076e+01
3.765756825548137243e+01
3.765977972632412474e+01
3.766198512646155905e+01
3.766418438196570406e+01
3.766637741917046611e+01
3.766856416461169488e+01
3.767074454494680680e+01
3.767291848690170042e+01
3.767508591726053879e+01
3.767724676285846641e+01
3.767940095052757243e+01
3.768154840699126140e+01
3.768368905875955477e+01
3.768582283208972683e+01
3.768794965302485167e+01
3.769006944744795362e+01
3.769218214107965537e+01
3.769428765942421933e+01
3.769638592774581554e+01
3.769847687115581181e+01
3.770056041478777331e+01
3.770263648394422518e+01
3.770470500414891291e+01
3.770676590113382787e+01
3.770881910082237454e+01
3.771086452935534794e+01
3.771290211314033769e+01
3.771493177886316772e+01
3.771695345347789896e+01
3.771896706424357859e+01
3.772097253880393453e+01
3.772296980526699883e+01
3.772495879226531201e+01
3.772693942896935937e+01
3.772891164505526262e+01
3.773087537070558994e+01
3.773283053669782561e+01
3.773477707452214247e+01
3.773671491642602405e+01
3.773864399535187886e+01
3.774056424483458727e+01
3.774247559893232307e+01
3.774437799219722933e+01
3.774627135968606950e+01
3.774815563700306598e+01
3.775003076031154592e+01
3.775189666628229190e+01
3.775375329203707508e+01
3.775560057512624468e+01
3.775743845349757066e+01
3.775926686542130994e+01
3.776108574939088669e+01
3.776289504401388086e+01
3.776469468788059203e+01
3.776648461942387769e+01
3.776826477684817718e+01
3.777003509820170990e+01
3.777179552155195807e+01
3.777354598517872120e+01
3.777528642777690493e+01
3.777701678865834367e+01
3.777873700790786415e+01
3.778044702650721831e+01
3.778214678642692093e+01
3.778383623061868946e+01
3.778551530290759786e+01
3.778718394786282175e+01
3.778884211067225607e+01
3.779048973700452052e+01
3.779212677290217215e+01
3.779375316477034374e+01
3.779536885944045110e+01
3.779697380424948250e+01
3.779856794713289503e+01
3.780015123671569910e+01
3.780172362233135885e+01
3.780328505396479954e+01
3.780483548218952450e+01
3.780637485813405618e+01
3.780790313346489029e+01
3.780942026037336490e+01
3.781092619156063250e+01
3.781242088021190995e+01
3.781390427996881698e+01
3.781537634493189870e+01
3.781683702970996563e+01
3.781828628950641757e+01
3.781972408022217280e+01
3.782115035853622942e+01
3.782256508192677558e+01
3.782396820863100118e+01
3.782535969756301597e+01
3.782673950822689335e+01
3.782810760067164324e+01
3.782946393548909469e+01
3.783080847383412504e+01
3.783214117750245009e+01
3.783346200908535195e+01
3.783477093212248832e+01
3.783606791116897483e+01
3.783735291177000448e+01
3.783862590037501406e+01
3.783988684423244564e+01
3.784113571129621079e+01
3.784237247014868899e+01
3.784359708995789617e+01
3.784480954049598722e+01
3.784600979219580807e+01
3.784719781619772760e+01
3.784837358438669241e+01
3.784953706945469776e+01
3.785068824499148121e+01
3.785182708556747855e+01
3.785295356679139900e+01
3.785406766536111434e+01
3.785516935912125547e+01
3.785625862710539025e+01
3.785733544952059759e+01
3.785839980765425139e+01
3.785945168372911951e+01
3.786049106076925597e+01
3.786151792251261128e+01
3.786253225333538808e+01
3.786353403813647844e+01
3.786452326218586961e+01
3.786549991097891166e+01
3.786646397011594445e+01
3.786741542522185000e+01
3.786835426194847543e+01
3.786928046605689957e+01
3.787019402350753694e+01
3.787109492050937831e+01
3.787198314353215522e+01
3.787285867929817584e+01
3.787372151475555171e+01
3.787457163703597729e+01
3.787540903342802068e+01
3.787623369138943019e+01
3.787704559859749054e+01
3.787784474305293259e+01
3.787863111322476328e+01
3.787940469814644473e+01
3.788016548740297651e+01
3.788091347105564921e+01
3.788164863957658923e+01
3.788237098381348744e+01
3.788308049497092611e+01
3.788377716459948630e+01
3.788446098459856159e+01
3.788513194724743016e+01
3.788579004527915828e+01
3.788643527199648275e+01
3.788706762141006834e+01
3.788768708838457400e+01
3.788829366878380966e+01
3.788888735958275333e+01
3.788946815889778463e+01
3.789003606591172257e+01
3.789059108072679294e+01
3.789113320421472508e+01
3.789166243792235633e+01
3.789217878407081486e+01
3.789268224562479759e+01
3.789317282632782735e+01
3.789365053064203437e+01
3.789411536364512756e+01
3.789456733095072849e+01
3.789500643865506646e+01
3.789543269328851949e+01
3.789584610178085455e+01
3.789624667147030124e+01
3.789663441014381107e+01
3.789700932604714723e+01
3.789737142785895685e+01
3.789772072468923625e+01
3.789805722610698524e+01
3.789838094213967423e+01
3.789869188323179827e+01
3.789899006021906303e+01
3.789927548435709070e+01
3.789954816736386789e+01
3.789980812141438093e+01
3.790005535909055112e+01
3.790028989333890053e+01
3.790051173745656854e+01
3.790072090506949820e+01
3.790091741008143345e+01
3.790110126662390400e+01
3.790127248903063872e+01
3.790143109182456271e+01
3.790157708971463535e+01
3.790171049761508471e+01
3.790183133067731092e+01
3.790193960430624287e+01
3.790203533414750581e+01
3.790211853605118364e+01
3.790218922602786478e+01
3.790224742022120097e+01
3.790229313492439189e+01
3.790232638665506926e+01
3.790234719226825177e+01
3.790235556905270187e+01
3.790235153477864571e+01
3.790233510772209513e+01
3.790230630669409351e+01
3.790226515105925387e+01
3.790221166072212355e+01
3.790214585608054421e+01
3.790206775793413385e+01
3.790197738733441213e+01
3.790187476540661748e+01
3.790175991319207327e+01
3.790163285152072348e+01
3.790149360092950559e+01
3.790134218168397950e+01
3.790117861388566922e+01
3.790100291755609874e+01
3.790081511266039627e+01
3.790061521911929532e+01
3.790040325683472133e+01
3.790017924572812547e+01
3.789994320577972786e+01
3.789969515702991032e+01
3.789943511952107258e+01
3.789916311320746445e+01
3.789887915786402317e+01
3.789858327301470098e+01
3.789827547789395368e+01
3.789795579142575832e+01
3.789762423219781340e+01
3.789728081842596197e+01
3.789692556789630373e+01
3.789655849788094599e+01
3.789617962506747517e+01
3.789578896553614129e+01
3.789538653476336805e+01
3.789497234760969491e+01
3.789454641826975489e+01
3.789410876019011454e+01
3.789365938597157424e+01
3.789319830725293770e+01
3.789272553459191073e+01
3.789224107741125636e+01
3.789174494404824856e+01
3.789123714183432412e+01
3.789071767709584293e+01
3.789018655510327704e+01
3.788964378012364165e+01
3.788908935563463842e+01
3.788852328457877405e+01
3.788794556952787929e+01
3.788735621276484267e+01
3.788675521635950361e+01
3.788614258227382692e+01
3.788551831247969659e+01
3.788488240903683391e+01
3.788423487405873402e+01
3.788357570956750209e+01
3.788290491738190013e+01
3.788222249917581763e+01
3.788152845666831325e+01
3.788082279182824408e+01
3.788010550701758206e+01
3.787937660503831694e+01
3.787863608913158942e+01
3.787788396301973393e+01
3.787712023098832503e+01
3.787634489792434067e+01
3.787555796925111196e+01
3.787475945076785422e+01
3.787394934846965810e+01
3.787312766842801182e+01
3.787229441672381824e+01
3.787144959938053290e+01
3.787059322230599179e+01
3.786972529129964471e+01
3.786884581213565326e+01
3.786795479066068992e+01
3.786705223285961353e+01
3.786613814491531116e+01
3.786521253328508863e+01
3.786427540476056208e+01
3.786332676647980122e+01
3.786236662590152946e+01
3.786139499077638249e+01
3.786041186913575274e+01
3.785941726929040385e+01
3.785841119985241221e+01
3.785739366982345189e+01
3.785636468873564553e+01
3.785532426675933237e+01
3.785427241472999071e+01
3.785320914412064042e+01
3.785213446698892170e+01
3.785104839591254944e+01
3.784995094392665749e+01
3.784884212445828666e+01
3.784772195124823924e+01
3.784659043828263947e+01
3.784544759976256501e+01
3.784429345010188683e+01
3.784312800391737852e+01
3.784195127599739550e+01
3.784076328127738975e+01
3.783956403483200859e+01
3.783835355184771032e+01
3.783713184757397130e+01
3.783589893730668763e+01
3.783465483643096405e+01
3.783339956048151720e+01
3.783213312517575844e+01
3.783085554645377613e+01
3.782956684057182173e+01
3.782826702420854303e+01
3.782695611451378426e+01
3.782563412908527312e+01
3.782430108590732942e+01
3.782295700330228527e+01
3.782160189992670496e+01
3.782023579479589870e+01
3.781885870729576737e+01
3.781747065717617318e+01
3.781607166455697921e+01
3.781466174994481122e+01
3.781324093420797539e+01
3.781180923849878894e+01
3.781036668418661151e+01
3.780891329283280555e+01
3.780744908615112365e+01
3.780597408589304820e+01
3.780448831368060070e+01
3.780299179086933492e+01
3.780148453849317747e+01
3.779996657727651410e+01
3.779843792768036792e+01
3.779689860995637929e+01
3.779534864417649231e+01
3.779378805022556520e+01
3.779221684779313506e+01
3.779063505639525999e+01
3.778904269540235816e+01
3.778743978405818638e+01
3.778582634152619590e+01
3.778420238696799061e+01
3.778256793959260307e+01
3.778092301863853919e+01
3.777926764334033294e+01
3.777760183295154661e+01
3.777592560679411093e+01
3.777423898423361237e+01
3.777254198458454226e+01
3.777083462705834904e+01
3.776911693080020882e+01
3.776738891495202921e+01
3.776565059868049445e+01
3.776390200116611595e+01
3.776214314158447394e+01
3.776037403912360446e+01
3.775859471306951320e+01
3.775680518292681143e+01
3.775500546850133787e+01
3.775319558993804492e+01
3.775137556776082448e+01
3.774954542292108073e+01
3.774770517682300408e+01
3.774585485130690898e+01
3.774399446859952434e+01
3.774212405125356184e+01
3.774024362209799222e+01
3.773835320420397466e+01
3.773645282085366404e+01
3.773454249549738648e+01
3.773262225169133899e+01
3.773069211302847492e+01
3.772875210309474880e+01
3.772680224546629546e+01
3.772484256373773803e+01
3.772287308157202546e+01
3.772089382277262359e+01
3.771890481138595419e+01
3.771690607183012389e+01
3.771489762901395437e+01
3.771287950840439862e+01
3.771085173604329555e+01
3.770881433855538489e+01
3.770676734318264778e+01
3.770471077783228964e+01
3.770264467108965079e+01
3.770056905215909637e+01
3.769848395074643577e+01
3.769638939695694546e+01
3.769428542127916160e+01
3.769217205463876752e+01
3.769004932844865863e+01
3.768791727461417196e+01
3.768577592551787347e+01
3.768362531403752769e+01
3.768146547363023302e+01
3.767929643845855736e+01
3.767711824349130012e+01
3.767493092455070069e+01
3.767273451833922593e+01
3.767052906246340171e+01
3.766831459544020788e+01
3.766609115667611718e+01
3.766385878641310825e+01
3.766161752564151755e+01
3.765936741597786863e+01
3.765710849949302741e+01
3.765484081850237885e+01
3.765256441539303722e+01
3.765027933257477599e+01
3.764798561255565801e+01
3.764568329807320879e+01
3.764337243223533136e+01
3.764105305866125661e+01
3.763872522161760514e+01
3.763638896614184404e+01
3.763404433813354899e+01
3.763169138438241390e+01
3.762933015250859370e+01
3.762696069082806360e+01
3.762458304820820842e+01
3.762219727397898339e+01
3.761980341790447113e+01
3.761740153017980504e+01
3.761499166143387640e+01
3.761257386274773751e+01
3.761014818568659734e+01
3.760771468231915549e+01
3.760527340521458939e+01
3.760282440741806909e+01
3.760036774240003865e+01
3.759790346400352234e+01
3.759543162643528547e+01
3.759295228432326041e+01
3.759046549282754768e+01
3.758797130775630535e+01
3.758546978563098406e+01
3.758296098368339955e+01
3.758044495979924449e+01
3.757792177243431553e+01
3.757539148052689626e+01
3.757285414341399132e+01
3.757030982076805259e+01
3.756775857258052298e+01
3.756520045918716733e+01
3.756263554131787430e+01
3.756006388016493247e+01
3.755748553743765683e+01
3.755490057536156456e+01
3.755230905662488539e+01
3.754971104429298379e+01
3.754710660170039915e+01
3.754449579234283618e+01
3.754187867979844384e+01
3.753925532769098083e+01
3.753662579967341628e+01
3.753399015939016437e+01
3.753134847043146038e+01
3.752870079635016509e+01
3.752604720075451183e+01
3.752338774740672278e+01
3.752072250027487144e+01
3.751805152355651529e+01
3.751537488169941525e+01
3.751269263941544096e+01
3.751000486169835568e+01
3.750731161385918710e+01
3.750461296156646540e+01
3.750190897088644704e+01
3.749919970832434757e+01
3.749648524084997803e+01
3.749376563590391953e+01
3.749104096140953857e+01
3.748831128580160055e+01
3.748557667803340365e+01
3.748283720753625659e+01
3.748009294417600046e+01
3.747734395824849685e+01
3.747459032048003991e+01
3.747183210198191716e+01
3.746906937417584516e+01
3.746630220875537276e+01
3.746353067769897649e+01
3.746075485327143184e+01
3.745797480796775147e+01
3.745519061444736764e+01
3.745240234554333369e+01
3.744961007436214828e+01
3.744681387440691367e+01
3.744401381965283093e+01
3.744120998456126870e+01
3.743840244407731177e+01
3.743559127366334849e+01
3.743277654936873944e+01
3.742995834789748244e+01
3.742713674665158408e+01
3.742431182374617293e+01
3.742148365800023413e+01
3.741865232891765203e+01
3.741581791667311307e+01
3.741298050210872361e+01
3.741014016673353382e+01
3.740729699270072217e+01
3.740445106275355869e+01
3.740160246017528323e+01
3.739875126876334832e+01
3.739589757279390625e+01
3.739304145696002735e+01
3.739018300632550051e+01
3.738732230632341924e+01
3.738445944277138011e+01
3.738159450186422106e+01
3.737872757013271752e+01
3.737585873437109996e+01
3.737298808154216800e+01
3.737011569867750183e+01
3.736724167278941877e+01
3.736436609080529792e+01
3.736148903952826572e+01
3.735861060560459634e+01
3.735573087546202231e+01
3.735284993519632479e+01
3.734996787040435606e+01
3.734708476598985527e+01
3.734420070600037178e+01
3.734131577354116160e+01
3.733843005075535615e+01
3.733554361882550410e+01
3.733265655797127636e+01
3.732976894744906815e+01
3.732688086557209317e+01
3.732399238977238554e+01
3.732110359669292876e+01
3.731821456223796929e+01
3.731532536152392510e+01
3.731243606876993368e+01
3.730954675721466174e+01
3.730665749910816942e+01
3.730376836577192989e+01
3.730087942768127363e+01
3.729799075452439894e+01
3.729510241522834235e+01
3.729221447796932409e+01
3.728932701017820506e+01
3.728644007852162190e+01
3.728355374882855955e+01
3.728066808597016291e+01
3.727778315375706342e+01
3.727489901491664170e+01
3.727201573113548250e+01
3.726913336310482094e+01
3.726625197054251259e+01
3.726337161221412231e+01
3.726049234597247306e+01
3.725761422881085849e+01
3.725473731693764279e+01
3.725186166587914016e+01
3.724898733056103595e+01
3.724611436530413044e+01
3.724324282373918749e+01
3.724037275871108932e+01
3.723750422224139811e+01
3.723463726559128872e+01
3.723177193944040653e+01
3.722890829411924329e+01
3.722604637977726583e+01
3.722318624644681506e+01
3.722032794404948675e+01
3.721747152238211243e+01
3.721461703109293495e+01
3.721176451965293808e+01
3.720891403732040459e+01
3.720606563308587056e+01
3.720321935557532811e+01
3.720037525291532887e+01
3.719753337260789294e+01
3.719469376145308104e+01
3.719185646551838431e+01
3.718902153013435452e+01
3.718618899989322557e+01
3.718335891864744269e+01
3.718053132953942708e+01
3.717770627509950288e+01
3.717488379739639726e+01
3.717206393815955323e+01
3.716924673882633812e+01
3.716643224056693384e+01
3.716362048432375786e+01
3.716081151080517486e+01
3.715800536038660340e+01
3.715520207296293620e+01
3.715240168782237618e+01
3.714960424358165625e+01
3.714680977817580043e+01
3.714401832885952359e+01
3.714122993220090763e+01
3.713844462408769687e+01
3.713566243976183046e+01
3.713288341387833214e+01
3.713010758055640537e+01
3.712733497336625277e+01
3.712456562524569392e+01
3.712179956841293915e+01
3.711903683431636836e+01
3.711627745359401587e+01
3.711352145601260588e+01
3.711076887039201466e+01
3.710801972453840847e+01
3.710527404520667716e+01
3.710253185809398957e+01
3.709979318785481439e+01
3.709705805813729285e+01
3.709432649163333195e+01
3.709159851011595066e+01
3.708887413445916792e+01
3.708615338466267985e+01
3.708343627989118119e+01
3.708072283852825990e+01
3.707801307825372561e+01
3.707530701613453772e+01
3.707260466868353888e+01
3.706990605184617493e+01
3.706721118094333178e+01
3.706452007064337550e+01
3.706183273497903485e+01
3.705914918736716857e+01
3.705646944061394521e+01
3.705379350691608664e+01
3.705112139786506731e+01
3.704845312444540895e+01
3.704578869701256849e+01
3.704312812527467713e+01
3.704047141832982248e+01
3.703781858475590383e+01
3.703516963270245554e+01
3.703252456997077502e+01
3.702988340410666268e+01
3.702724614249611790e+01
3.702461279241329350e+01
3.702198336100416043e+01
3.701935785523898659e+01
3.701673628185699982e+01
3.701411864732470036e+01
3.701150495784676764e+01
3.700889521943637561e+01
3.700628943802154680e+01
3.700368761956418240e+01
3.700108977015565870e+01
3.699849589607158151e+01
3.699590600382349947e+01
3.699332010024387074e+01
3.699073819256309292e+01
3.698816028841063286e+01
3.698558639578304508e+01
3.698301652312098753e+01
3.698045067954999610e+01
3.697788887518156287e+01
3.697533112132752109e+01
3.697277743055960286e+01
3.697022781667541835e+01
3.696768229468001010e+01
3.696514088079668880e+01
3.696260359243299121e+01
3.696007044806869857e+01
3.695754146711566790e+01
3.695501666981165556e+01
3.695249607716294094e+01
3.694997971090243993e+01
3.694746759342547193e+01
3.694495974770697444e+01
3.694245619722554608e+01
3.693995696588552846e+01
3.693746207792544567e+01
3.693497155784785235e+01
3.693248543040280651e+01
3.693000372061704439e+01
3.692752645385239418e+01
3.692505365586813326e+01
3.692258535284818777e+01
3.692012157138357509e+01
3.691766233843339506e+01
3.691520768126727603e+01
3.691275762737767963e+01
3.691031220438141958e+01
3.690787143993193098e+01
3.690543536164511806e+01
3.690300399707495416e+01
3.690057737377764369e+01
3.689815551942646721e+01
3.689573846189934869e+01
3.689332622929136107e+01
3.689091884989808534e+01
3.688851635233137216e+01
3.688611876583380678e+01
3.688372612062148903e+01
3.688133844808545803e+01
3.687895578084807369e+01
3.687657815273165340e+01
3.687420559869593717e+01
3.687183815479016857e+01
3.686947585811199701e+01
3.686711874673711264e+01
3.686476685962262678e+01
3.686242023651719535e+01
3.686007891788872115e+01
3.685774294484328095e+01
3.685541235901672508e+01
3.685308720248384873e+01
3.685076751775810777e+01
3.684845334787807047e+01
3.684614473649476452e+01
3.684384172790358747e+01
3.684154436704494628e+01
3.683925269952634807e+01
3.683696677168737921e+01
3.683468663068897797e+01
3.683241232460172654e+01
3.683014390247179648e+01
3.682788141432348539e+01
3.682562491106046565e+01
3.682337444429790452e+01
3.682113006621105455e+01
3.681889182943260153e+01
3.681665978696071306e+01
3.681443399205243594e+01
3.681221449811418012e+01
3.681000135860389122e+01
3.680779462694685122e+01
3.680559435645922406e+01
3.680340060027162252e+01
3.680121341125267520e+01
3.679903284195593471e+01
3.679685894462036799e+01
3.679469177121760737e+01
3.679253137350789871e+01
3.679037780307859151e+01
3.678823111136014745e+01
3.678609134962462690e+01
3.678395856897832772e+01
3.678183282036705037e+01
3.677971415461353644e+01
3.677760262248992973e+01
3.677549827479511890e+01
3.677340116239310674e+01
3.677131133619091230e+01
3.676922884705619055e+01
3.676715374568308903e+01
3.676508608242893672e+01
3.676302590715090446e+01
3.676097326906604223e+01
3.675892821664928789e+01
3.675689079757041355e+01
3.675486105866896480e+01
3.675283904597692697e+01
3.675082480477546198e+01
3.674881837963703646e+01
3.674681981442853385e+01
3.674482915229783941e+01
3.674284643566623743e+01
3.674087170622178178e+01
3.673890500490094269e+01
3.673694637186343215e+01
3.673499584647385063e+01
3.673305346729303977e+01
3.673111927207918370e+01
3.672919329779180231e+01
3.672727558057432873e+01
3.672536615570545848e+01
3.672346505754273238e+01
3.672157231948164480e+01
3.671968797393238049e+01
3.671781205230807643e+01
3.671594458503852110e+01
3.671408560163440882e+01
3.671223513078185618e+01
3.671039320044365439e+01
3.670855983802484701e+01
3.670673507061133733e+01
3.670491892515877197e+01
3.670311142855384645e+01
3.670131260756745917e+01
3.669952248870752243e+01
3.669774109799964634e+01
3.669596846079417674e+01
3.669420460166664100e+01
3.669244954439035666e+01
3.669070331193719881e+01
3.668896592647451627e+01
3.668723740933665312e+01
3.668551778097995708e+01
3.668380706093770982e+01
3.668210526776050528e+01
3.668041241893121196e+01
3.667872853078484496e+01
3.667705361846442713e+01
3.667538769590512970e+01
3.667373077581933671e+01
3.667208286967488107e+01
3.667044398768205582e+01
3.666881413880787477e+01
3.666719333082633625e+01
3.666558157039015953e+01
3.666397886308978116e+01
3.666238521348020640e+01
3.666080062508451931e+01
3.665922510038758730e+01
3.665765864082292325e+01
3.665610124675957593e+01
3.665455291750944866e+01
3.665301365136767942e+01
3.665148344567355565e+01
3.664996229686741458e+01
3.664845020053006408e+01
3.664694715140269210e+01
3.664545314337946991e+01
3.664396816946217683e+01
3.664249222171283549e+01
3.664102529131935171e+01
3.663956736884719589e+01
3.663811844455825195e+01
3.663667850859332020e+01
3.663524755094608309e+01
3.663382556132221879e+01
3.663241252904126100e+01
3.663100844307680148e+01
3.662961329218340012e+01
3.662822706498251790e+01
3.662684974995888609e+01
3.662548133540708761e+01
3.662412180936460260e+01
3.662277115954280049e+01
3.662142937326476044e+01
3.662009643741478726e+01
3.661877233840447587e+01
3.661745706216597540e+01
3.661615059416969586e+01
3.661485291945358966e+01
3.661356402266611809e+01
3.661228388812281764e+01
3.661101249985409822e+01
3.660974984162379542e+01
3.660849589694090156e+01
3.660725064912191584e+01
3.660601408141066315e+01
3.660478617709031823e+01
3.660356691957299091e+01
3.660235629250880152e+01
3.660115427990272963e+01
3.659996086623339551e+01
3.659877603661271195e+01
3.659759977694947253e+01
3.659643207402911713e+01
3.659527291550873684e+01
3.659412228987896043e+01
3.659298018640441086e+01
3.659184659504170156e+01
3.659072150635064702e+01
3.658960491140542359e+01
3.658849680171351793e+01
3.658739716916002749e+01
3.658630600596647042e+01
3.658522330462826488e+01
3.658414905782093030e+01
3.658308325829366936e+01
3.658202589876388089e+01
3.658097697182531505e+01
3.657993646988445136e+01
3.657890438512318099e+01
3.657788070947020032e+01
3.657686543455882600e+01
3.657585855166816202e+01
3.657486005168184562e+01
3.657386992510420498e+01
3.657288816214853000e+01
3.657191475288276195e+01
3.657094968739860263e+01
3.656999295596884991e+01
3.656904454916582381e+01
3.656810445793395559e+01
3.656717267362535750e+01
3.656624918797500357e+01
3.656533399297357789e+01
3.656442708066825276e+01
3.656352844298294258e+01
3.656263807161256807e+01
3.656175595799715694e+01
3.656088209335248251e+01
3.656001646869966493e+01
3.655915907485290717e+01
3.655830990238190026e+01
3.655746894159265992e+01
3.655663618257271708e+01
3.655581161531904399e+01
3.655499522989620687e+01
3.655418701654868840e+01
3.655338696575473989e+01
3.655259506825396443e+01
3.655181131506609660e+01
3.655103569750099268e+01
3.655026820716181390e+01
3.654950883594524669e+01
3.654875757603881681e+01
3.654801441991622823e+01
3.654727936033364699e+01
3.654655239032405234e+01
3.654583350318376489e+01
3.654512269245410039e+01
3.654441995190789783e+01
3.654372527554475170e+01
3.654303865759113989e+01
3.654236009249567729e+01
3.654168957489606839e+01
3.654102709954421613e+01
3.654037266123420125e+01
3.653972625479744352e+01
3.653908787515926804e+01
3.653845751739739001e+01
3.653783517676237835e+01
3.653722084865720632e+01
3.653661452859147118e+01
3.653601621212194317e+01
3.653542589478146141e+01
3.653484357200774468e+01
3.653426923909952961e+01
3.653370289122136683e+01
3.653314452345126995e+01
3.653259413083127072e+01
3.653205170838193538e+01
3.653151725108762804e+01
3.653099075387984129e+01
3.653047221162339753e+01
3.652996161911241302e+01
3.652945897110714668e+01
3.652896426240784677e+01
3.652847748791007376e+01
3.652799864262692608e+01
3.652752772171316309e+01
3.652706472049031561e+01
3.652660963444350273e+01
3.652616245918612492e+01
3.652572319039920501e+01
3.652529182375220529e+01
3.652486835482871186e+01
3.652445277908911692e+01
3.652404509189950943e+01
3.652364528862293724e+01
3.652325336471745487e+01
3.652286931579320850e+01
3.652249313763063299e+01
3.652212482617905209e+01
3.652176437754464189e+01
3.652141178796663468e+01
3.652106705378475482e+01
3.652073017141834299e+01
3.652040113738345184e+01
3.652007994834892202e+01
3.651976660119819940e+01
3.651946109306302901e+01
3.651916342132974336e+01
3.651887358363974556e+01
3.651859157788513244e+01
3.651831740217890143e+01
3.651805105479697033e+01
3.651779253411625348e+01
3.651754183856149183e+01
3.651729896655212571e+01
3.651706391644222549e+01
3.651683668644788128e+01
3.651661727456179563e+01
3.651640567847475438e+01
3.651620189552628659e+01
3.651600592269524981e+01
3.651581775663132845e+01
3.651563739370694606e+01
3.651546483004877075e+01
3.651530006152723473e+01
3.651514308372469486e+01
3.651499389190935574e+01
3.651485248101413106e+01
3.651471884560857006e+01
3.651459297987086927e+01
3.651447487758416344e+01
3.651436453217179690e+01
3.651426193675109033e+01
3.651416708417735180e+01
3.651407996707906989e+01
3.651400057789705045e+01
3.651392890893034604e+01
3.651386495238311625e+01
3.651380870040276250e+01
3.651376014510334045e+01
3.651371927857547206e+01
3.651368609288927303e+01
3.651366058009833893e+01
3.651364273224176316e+01
3.651363254132662206e+01
3.651362999927830799e+01
3.651363509787045558e+01
3.651364782866063763e+01
3.651366818295721117e+01
3.651369615182809270e+01
3.651373172613187990e+01
3.651377489654215935e+01
3.651382565356306031e+01
3.651388398755253917e+01
3.651394988875252778e+01
3.651402334730732946e+01
3.651410435326837955e+01
3.651419289660292833e+01
3.651428896720751283e+01
3.651439255490492286e+01
3.651450364941384663e+01
3.651462224029513948e+01
3.651474831687077938e+01
3.651488186812046877e+01
3.651502288259079876e+01
3.651517134834635669e+01
3.651532725295490422e+01
3.651549058348325616e+01
3.651566132648822105e+01
3.651583946799497227e+01
3.651602499345877817e+01
3.651621788771695520e+01
3.651641813494577349e+01
3.651662571862699735e+01
3.651684062152325794e+01
3.651706282566891559e+01
3.651729231239411178e+01
3.651752906240232477e+01
3.651777305589473599e+01
3.651802427270132512e+01
3.651828269238961866e+01
3.651854829436656047e+01
3.651882105800378042e+01
3.651910096276380813e+01
3.651938798828147981e+01
3.651968211441511158e+01
3.651998332130062153e+01
3.652029158939488696e+01
3.652060689948893213e+01
3.652092923269963620e+01
3.652125857045660240e+01
3.652159489449773844e+01
3.652193818688140681e+01
3.652228843000442282e+01
3.652264560660540127e+01
3.652300969976033684e+01
3.652338069291415934e+01
3.652375856997566217e+01
3.652414331543865700e+01
3.652453491447004552e+01
3.652493335295110910e+01
3.652533861749149224e+01
3.652575069541693864e+01
3.652616957471988002e+01
3.652659524399260960e+01
3.652702769237985336e+01
3.652746690955474662e+01
3.652791288569280681e+01
3.652836561143619321e+01
3.652882507786767974e+01
3.652929127651582064e+01
3.652976419939413688e+01
3.653024383904715222e+01
3.653073018856624543e+01
3.653122324157814660e+01
3.653172299224323893e+01
3.653222943528204780e+01
3.653274256602901460e+01
3.653326238051062091e+01
3.653378887552443643e+01
3.653432204868899902e+01
3.653486189847317434e+01
3.653540842423914370e+01
3.653596162630392996e+01
3.653652150599990023e+01
3.653708806574403667e+01
3.653766130913935939e+01
3.653824124107435978e+01
3.653882786775622549e+01
3.653942119667483723e+01
3.654002123654343137e+01
3.654062799723922694e+01
3.654124148974401720e+01
3.654186172609846039e+01
3.654248871939231691e+01
3.654312248379077488e+01
3.654376303457732433e+01
3.654441038820143461e+01
3.654506456233018241e+01
3.654572557589303017e+01
3.654639344910124521e+01
3.654706820344591733e+01
3.654774986169785933e+01
3.654843844789977680e+01
3.654913398728725582e+01
3.654983650611234225e+01
3.655054603147978298e+01
3.655126259133525224e+01
3.655198621457428487e+01
3.655271693112884179e+01
3.655345477198174109e+01
3.655419976915679570e+01
3.655495195571664624e+01
3.655571136576066493e+01
3.655647803441694776e+01
3.655725199784014023e+01
3.655803329320149686e+01
3.655882195862924533e+01
3.655961803310211877e+01
3.656042155635367408e+01
3.656123256882329997e+01
3.656205111162965693e+01
3.656287722651775596e+01
3.656371095576420061e+01
3.656455234206678995e+01
3.656540142844873742e+01
3.656625825818622388e+01
3.656712287474378797e+01
3.656799532170282419e+01
3.656887564269987223e+01
3.656976388139603529e+01
3.657066008147752001e+01
3.657156428668739068e+01
3.657247654087678512e+01
3.657339688803563149e+01
3.657432537228052638e+01
3.657526203781628737e+01
3.657620692889259573e+01
3.657716008976068878e+01
3.657812156463094055e+01
3.657909139764898754e+01
3.658006963290591074e+01
3.658105631446495920e+01
3.658205148637760118e+01
3.658305519268780159e+01
3.658406747744022880e+01
3.658508838470107349e+01
3.658611795858668359e+01
3.658715624328533522e+01
3.658820328306051550e+01
3.658925912223664056e+01
3.659032380517792404e+01
3.659139737627116773e+01
3.659247987991044937e+01
3.659357136047207604e+01
3.659467186227976754e+01
3.659578142956985403e+01
3.659690010645839209e+01
3.659802793691019929e+01
3.659916496471177538e+01
3.660031123345203241e+01
3.660146678652243679e+01
3.660263166713863825e+01
3.660380591836593567e+01
3.660498958313304740e+01
3.660618270423026388e+01
3.660738532429396486e+01
3.660859748578531736e+01
3.660981923097276081e+01
3.661105060191358263e+01
3.661229164040332051e+01
3.661354238787740911e+01
3.661480288532543881e+01
3.661607317328630984e+01
3.661735329189596655e+01
3.661864328092433141e+01
3.661994317978990665e+01
3.662125302756554390e+01
3.662257286298129344e+01
3.662390272442820560e+01
3.662524264996504542e+01
3.662659267731132928e+01
3.662795284379364347e+01
3.662932318624707051e+01
3.663070374093027937e+01
3.663209454349126304e+01
3.663349562895736966e+01
3.663490703172340801e+01
3.663632878554653871e+01
3.663776092357328906e+01
3.663920347841429503e+01
3.664065648223851923e+01
3.664211996684307593e+01
3.664359396369089694e+01
3.664507850390456412e+01
3.664657361818023418e+01
3.664807933664214801e+01
3.664959568873214835e+01
3.665112270319372811e+01
3.665266040811636827e+01
3.665420883097706195e+01
3.665576799864858515e+01
3.665733793736202273e+01
3.665891867260306469e+01
3.666051022896923683e+01
3.666211263007395615e+01
3.666372589852845465e+01
3.666535005596168872e+01
3.666698512306069802e+01
3.666863111963525768e+01
3.667028806467868662e+01
3.667195597638862381e+01
3.667363487215081364e+01
3.667532476850926315e+01
3.667702568113337946e+01
3.667873762479590027e+01
3.668046061338481678e+01
3.668219465994261697e+01
3.668393977669573758e+01
3.668569597506062507e+01
3.668746326564200189e+01
3.668924165822913608e+01
3.669103116178725088e+01
3.669283178445574833e+01
3.669464353354246100e+01
3.669646641545658383e+01
3.669830043558211230e+01
3.670014559820683075e+01
3.670200190658179906e+01
3.670386936304119985e+01
3.670574796906085879e+01
3.670763772519681112e+01
3.670953863095679282e+01
3.671145068472612394e+01
3.671337388380374023e+01
3.671530822448979592e+01
3.671725370215670381e+01
3.671921031130164437e+01
3.672117804559808718e+01
3.672315689791903282e+01
3.672514686030083197e+01
3.672714792388068616e+01
3.672916007887501166e+01
3.673118331462603692e+01
3.673321761967947907e+01
3.673526298183305272e+01
3.673731938813037345e+01
3.673938682482853579e+01
3.674146527737929802e+01
3.674355473041520526e+01
3.674565516770441320e+01
3.674776657208215624e+01
3.674988892540175556e+01
3.675202220852347068e+01
3.675416640132000623e+01
3.675632148267897747e+01
3.675848743052981860e+01
3.676066422193100891e+01
3.676285183319524208e+01
3.676505023999905575e+01
3.676725941745151260e+01
3.676947934014044250e+01
3.677170998220594100e+01
3.677395131745382884e+01
3.677620331943300869e+01
3.677846596138230240e+01
3.678073921605061969e+01
3.678302305551223839e+01
3.678531745108926287e+01
3.678762237337334540e+01
3.678993779227474903e+01
3.679226367705477685e+01
3.679459999633873934e+01
3.679694671811915185e+01
3.679930380975401505e+01
3.680167123796609019e+01
3.680404896884606103e+01
3.680643696785661945e+01
3.680883519984823238e+01
3.681124362909440606e+01
3.681366221932106697e+01
3.681609093370961006e+01
3.681852973488827985e+01
3.682097858491278686e+01
3.682343744519918971e+01
3.682590627638855807e+01
3.682838503817953324e+01
3.683087368918513249e+01
3.683337218683541892e+01
3.683588048730734954e+01
3.683839854546052095e+01
3.684092631479132507e+01
3.684346374744271202e+01
3.684601079426549575e+01
3.684856740487282423e+01
3.685113352764793859e+01
3.685370910971872149e+01
3.685629409693812164e+01
3.685888843391230552e+01
3.686149206409012180e+01
3.686410492987108967e+01
3.686672697268121368e+01
3.686935813301762721e+01
3.687199835048441088e+01
3.687464756381677944e+01
3.687730571089156939e+01
3.687997272875523436e+01
3.688264855367719974e+01
3.688533312118172347e+01
3.688802636603012530e+01
3.689072822217564607e+01
3.689343862273102559e+01
3.689615749997891214e+01
3.689888478542411576e+01
3.690162040984100145e+01
3.690436430325462425e+01
3.690711639486928419e+01
3.690987661302620637e+01
3.691264488522951126e+01
3.691542113822757898e+01
3.691820529811690221e+01
3.692099729040006650e+01
3.692379703995025153e+01
3.692660447090168674e+01
3.692941950648845051e+01
3.693224206884331551e+01
3.693507207884045584e+01
3.693790945609783449e+01
3.694075411911599360e+01
3.694360598540709617e+01
3.694646497154406006e+01
3.694933099316295255e+01
3.695220396494193693e+01
3.695508380055396458e+01
3.695797041261749172e+01
3.696086371269296933e+01
3.696376361132315225e+01
3.696667001806655151e+01
3.696958284150659324e+01
3.697250198924804465e+01
3.697542736789687012e+01
3.697835888302843443e+01
3.698129643917025788e+01
3.698423993980917146e+01
3.698718928740812828e+01
3.699014438342793909e+01
3.699310512836652265e+01
3.699607142182341590e+01
3.699904316257995163e+01
3.700202024865500761e+01
3.700500257730915621e+01
3.700799004506045975e+01
3.701098254777433993e+01
3.701397998076993190e+01
3.701698223888851658e+01
3.701998921656480945e+01
3.702300080791384573e+01
3.702601690677889223e+01
3.702903740672579147e+01
3.703206220102948976e+01
3.703509118269368372e+01
3.703812424450357099e+01
3.704116127909224332e+01
3.704420217902460877e+01
3.704724683689492082e+01
3.705029514539511837e+01
3.705334699733540305e+01
3.705640228564046623e+01
3.705946090333983278e+01
3.706252274355825449e+01
3.706558769948367171e+01
3.706865566426697711e+01
3.707172653088277769e+01
3.707480019206036559e+01
3.707787654030328639e+01
3.708095546789036945e+01
3.708403686683196554e+01
3.708712062889438954e+01
3.709020664570810766e+01
3.709329480883209129e+01
3.709638500975484732e+01
3.709947713992566776e+01
3.710257109079751103e+01
3.710566675377545920e+01
3.710876402008133113e+01
3.711186278067680178e+01
3.711496292635112582e+01
3.711806434793057718e+01
3.712116693648012244e+01
3.712427058342722574e+01
3.712737518060468034e+01
3.713048062021560014e+01
3.713358679476333890e+01
3.713669359702128503e+01
3.713980092007382439e+01
3.714290865740500180e+01
3.714601670299012426e+01
3.714912495134644388e+01
3.715223329753121817e+01
3.715534163712227667e+01
3.715844986621024049e+01
3.716155788138586757e+01
3.716466557970798590e+01
3.716777285867133429e+01
3.717087961618124581e+01
3.717398575050891907e+01
3.717709116021250537e+01
3.718019574404267047e+01
3.718329940085883578e+01
3.718640202957174523e+01
3.718950352911525670e+01
3.719260379842980058e+01
3.719570273642542446e+01
3.719880024191458290e+01
3.720189621355086018e+01
3.720499054982604292e+01
3.720808314913643500e+01
3.721117390986178464e+01
3.721426273037703680e+01
3.721734950895984895e+01
3.722043414364744507e+01
3.722351653217726408e+01
3.722659657209808870e+01
3.722967416098145321e+01
3.723274919659610305e+01
3.723582157699280515e+01
3.723889120054047197e+01
3.724195796596520580e+01
3.724502177242247569e+01
3.724808251961799499e+01
3.725114010796659159e+01
3.725419443875011183e+01
3.725724541422174951e+01
3.726029293760325345e+01
3.726333691295255335e+01
3.726637724496612236e+01
3.726941383886613579e+01
3.727244660046682867e+01
3.727547543634510419e+01
3.727850025399067846e+01
3.728152096190073195e+01
3.728453746962584603e+01
3.728754968776430445e+01
3.729055752792721279e+01
3.729356090271140545e+01
3.729655972566942523e+01
3.729955391123663588e+01
3.730254337465253656e+01
3.730552803198240497e+01
3.730850780024897517e+01
3.731148259756323426e+01
3.731445234318499615e+01
3.731741695752123178e+01
3.732037636207074627e+01
3.732333047933483527e+01
3.732627923273475545e+01
3.732922254657884054e+01
3.733216034611442069e+01
3.733509255762454870e+01
3.733801910848087857e+01
3.734093992715857979e+01
3.734385494327172950e+01
3.734676408762231148e+01
3.734966729223369697e+01
3.735256449035873771e+01
3.735545561645481882e+01
3.735834060614033092e+01
3.736121939616975851e+01
3.736409192443889538e+01
3.736695813000083177e+01
3.736981795308776100e+01
3.737267133515522488e+01
3.737551821893611503e+01
3.737835854846153438e+01
3.738119226903494052e+01
3.738401932717901843e+01
3.738683967055915502e+01
3.738965324786508404e+01
3.739246000866037178e+01
3.739525990327867078e+01
3.739805288286318330e+01
3.740083889953082519e+01
3.740361790652370644e+01
3.740638985826324614e+01
3.740915471033610373e+01
3.741191241946064139e+01
3.741466294344463250e+01
3.741740624112735247e+01
3.742014227232077417e+01
3.742287099777508530e+01
3.742559237916953663e+01
3.742830637911796288e+01
3.743101296118496890e+01
3.743371208990802756e+01
3.743640373082147477e+01
3.743908785048447641e+01
3.744176441651189435e+01
3.744443339759056499e+01
3.744709476345464338e+01
3.744974848481719931e+01
3.745239453328129287e+01
3.745503288124427144e+01
3.745766350180986848e+01
3.746028636876268791e+01
3.746290145660985615e+01
3.746550874058961966e+01
3.746810819661367731e+01
3.747069980121734289e+01
3.747328353154382086e+01
3.747585936536641071e+01
3.747842728117027633e+01
3.748098725823896871e+01
3.748353927667091057e+01
3.748608331734811827e+01
3.748861936190981936e+01
3.749114739271927021e+01
3.749366739280036853e+01
3.749617934577235445e+01
3.749868323582447260e+01
3.750117904775391509e+01
3.750366676706616431e+01
3.750614638008310209e+01
3.750861787399370684e+01
3.751108123685115459e+01
3.751353645755436617e+01
3.751598352582465168e+01
3.751842243218536055e+01
3.752085316796780745e+01
3.752327572533861400e+01
3.752569009730569149e+01
3.752809627768424861e+01
3.753049426104725228e+01
3.753288404268757716e+01
3.753526561859966648e+01
3.753763898545632571e+01
3.754000414054947043e+01
3.754236108171144082e+01
3.754470980724799745e+01
3.754705031584892083e+01
3.754938260643628212e+01
3.755170667802735096e+01
3.755402252971731514e+01
3.755633016074189356e+01
3.755862957050980100e+01
3.756092075858449419e+01
3.756320372466016266e+01
3.756547846856984307e+01
3.756774499034614223e+01
3.757000329032484842e+01
3.757225336924074810e+01
3.757449522825531574e+01
3.757672886891222674e+01
3.757895429307644974e+01
3.758117150286840058e+01
3.758338050055721169e+01
3.758558128849106339e+01
3.758777386920572638e+01
3.758995824565106858e+01
3.759213442134635841e+01
3.759430240043146654e+01
3.759646218768777715e+01
3.759861378852997404e+01
3.760075720892765361e+01
3.760289245526852397e+01
3.760501953423329269e+01
3.760713845272317712e+01
3.760924921780109997e+01
3.761135183663766668e+01
3.761344631651768822e+01
3.761553266490309255e+01
3.761761088948228604e+01
3.761968099816785838e+01
3.762174299906219943e+01
3.762379690042015312e+01
3.762584271061366081e+01
3.762788043809350569e+01
3.762991009134424303e+01
3.763193167883130741e+01
3.763394520894725304e+01
3.763595068995692117e+01
3.763794812993783978e+01
3.763993753672934872e+01
3.764191891790124345e+01
3.764389228071560467e+01
3.764585763204092217e+01
3.764781497820679590e+01
3.764976432481966384e+01
3.765170567657761325e+01
3.765363903715240212e+01
3.765556440924392234e+01
3.765748179483627212e+01
3.765939119550841951e+01
3.766129261263284889e+01
3.766318604744760279e+01
3.766507150106696855e+01
3.766694897446875245e+01
3.766881846847092419e+01
3.767067998370526283e+01
3.767253352059597660e+01
3.767437907935483565e+01
3.767621665999192260e+01
3.767804626231665566e+01
3.767986788590668112e+01
3.768168153004949517e+01
3.768348719367236299e+01
3.768528487526160831e+01
3.768707457276334338e+01
3.768885628346572503e+01
3.769063000386464779e+01
3.769239572951681794e+01
3.769415345493568026e+01
3.769590317362079901e+01
3.769764487818856225e+01
3.769937856045620350e+01
3.770110421144291024e+01
3.770282182138763716e+01
3.770453137983404446e+01
3.770623287573013016e+01
3.770792629747327140e+01
3.770961163289202034e+01
3.771128886923175827e+01
3.771295799323486619e+01
3.771461899132998496e+01
3.771627184983208281e+01
3.771791655504014784e+01
3.771955309321809580e+01
3.772118145052688476e+01
3.772280161295090295e+01
3.772441356619508923e+01
3.772601729555284322e+01
3.772761278580514954e+01
3.772920002117810157e+01
3.773077898533265540e+01
3.773234966137479773e+01
3.773391203191641807e+01
3.773546607922479978e+01
3.773701178541601564e+01
3.773854913258300314e+01
3.774007810283017506e+01
3.774159867827201253e+01
3.774311084104139979e+01
3.774461457331936032e+01
3.774610985738049607e+01
3.774759667564318022e+01
3.774907501072279103e+01
3.775054484549465883e+01
3.775200616314629087e+01
3.775345894716534190e+01
3.775490318125650901e+01
3.775633884925547790e+01
3.775776593510230583e+01
3.775918442288986654e+01
3.776059429698531744e+01
3.776199554220323051e+01
3.776338814395342780e+01
3.776477208826310772e+01
3.776614736166268926e+01
3.776751395104824383e+01
3.776887184363161509e+01
3.777022102695485728e+01
3.777156148885986653e+01
3.777289321738106764e+01
3.777421620062839480e+01
3.777553042671408434e+01
3.777683588371654366e+01
3.777813255964905892e+01
3.777942044242175257e+01
3.778069951982003971e+01
3.778196977951724023e+01
3.778323120909794142e+01
3.778448379605403318e+01
3.778572752775647103e+01
3.778696239147084412e+01
3.778818837448693557e+01
3.778940546433304348e+01
3.779061364896696773e+01
3.779181291686664679e+01
3.779300325700487662e+01
3.779418465873933286e+01
3.779535711169089751e+01
3.779652060568434280e+01
3.779767513077474916e+01
3.779882067729148787e+01
3.779995723578088729e+01
3.780108479683104150e+01
3.780220335091225792e+01
3.780331288835484571e+01
3.780441339941165779e+01
3.780550487424954298e+01
3.780658730282974034e+01
3.780766067477958359e+01
3.780872497935476417e+01
3.780978020553210683e+01
3.781082634218524419e+01
3.781186337821641530e+01
3.781289130259280284e+01
3.781391010433520705e+01
3.781491977245309499e+01
3.781592029582808578e+01
3.781691166317632735e+01
3.781789386316482648e+01
3.781886688458910584e+01
3.781983071652269501e+01
3.782078534842661810e+01
3.782173077023463748e+01
3.782266697241600184e+01
3.782359394598181268e+01
3.782451168241437500e+01
3.782542017355471131e+01
3.782631941151152688e+01
3.782720938862763660e+01
3.782809009747270323e+01
3.782896153081462387e+01
3.782982368158010900e+01
3.783067654284946713e+01
3.783152010790395536e+01
3.783235437029360781e+01
3.783317932387390670e+01
3.783399496282593333e+01
3.783480128171544976e+01
3.783559827557444777e+01
3.783638593995929256e+01
3.783716427099625434e+01
3.783793326542412672e+01
3.783869292058518141e+01
3.783944323433730261e+01
3.784018420497002211e+01
3.784091583121790592e+01
3.784163811232276231e+01
3.784235104801104654e+01
3.784305463835443106e+01
3.784374888362939515e+01
3.784443378426935567e+01
3.784510934086068801e+01
3.784577555411435412e+01
3.784643242481129022e+01
3.784707995371856981e+01
3.784771814149095803e+01
3.784834698862025704e+01
3.784896649544400304e+01
3.784957666214647531e+01
3.785017748870218668e+01
3.785076897478823810e+01
3.785135111974928890e+01
3.785192392267651229e+01
3.785248738256450451e+01
3.785304149845162414e+01
3.785358626949120264e+01
3.785412169496918011e+01
3.785464777429061201e+01
3.785516450693692292e+01
3.785567189242419772e+01
3.785616993029943700e+01
3.785665862016120542e+01
3.785713796170171719e+01
3.785760795480151586e+01
3.785806859963883397e+01
3.785851989672195828e+01
3.785896184686125565e+01
3.785939445120740743e+01
3.785981771139589114e+01
3.786023162969140543e+01
3.786063620902621807e+01
3.786103145291963301e+01
3.786141736533220126e+01
3.786179395050147178e+01
3.786216121276605406e+01
3.786251915639649468e+01
3.786286778547392373e+01
3.786320710384273980e+01
3.786353711515585019e+01
3.786385782300371972e+01
3.786416923108330934e+01
3.786447134337782217e+01
3.786476416431301573e+01
3.786504769883273980e+01
3.786532195238579135e+01
3.786558693087582839e+01
3.786584264061413307e+01
3.786608908828613806e+01
3.786632628092468167e+01
3.786655422587263331e+01
3.786677293075036488e+01
3.786698240347293165e+01
3.786718265231404246e+01
3.786737368596414655e+01
3.786755551356034033e+01
3.786772814472113424e+01
3.786789158960557700e+01
3.786804585895878006e+01
3.786819096410680174e+01
3.786832691690865715e+01
3.786845372969669654e+01
3.786857141523739045e+01
3.786867998672531854e+01
3.786877945780344845e+01
3.786886984260286937e+01
3.786895115578454352e+01
3.786902341255670734e+01
3.786908662866694897e+01
3.786914082038065743e+01
3.786918600443807037e+01
3.786922219798502454e+01
3.786924941849981252e+01
3.786926768374443952e+01
3.786927701174899141e+01
3.786927742081260106e+01
3.786926892948877565e+01
3.786925155654551389e+01
3.786922532094286709e+01
3.786919024186610727e+01
3.786914633876958902e+01
3.786909363135734452e+01
3.786903213949351965e+01
3.786896188309724920e+01
3.786888288208528763e+01
3.786879515637407678e+01
3.786869872587887897e+01
3.786859361045838313e+01
3.786847982983501026e+01
3.786835740354438684e+01
3.786822635092386946e+01
3.786808669113509751e+01
3.786793844321879021e+01
3.786778162615630094e+01
3.786761625891661964e+01
3.786744236048875933e+01
3.786725994989078714e+01
3.786706904615937219e+01
3.786686966835105039e+01
3.786666183556685894e+01
3.786644556698675501e+01
3.786622088189331237e+01
3.786598779966039530e+01
3.786574633971644488e+01
3.786549652153416190e+01
3.786523836467958404e+01
3.786497188889818943e+01
3.786469711417471018e+01
3.786441406072577109e+01
3.786412274895354813e+01
3.786382319940143049e+01
3.786351543270571085e+01
3.786319946951819304e+01
3.786287533039654107e+01
3.786254303568109947e+01
3.786220260539407434e+01
3.786185405920692659e+01
3.786149741646234901e+01
3.786113269617089117e+01
3.786075991698913157e+01
3.786037909730985973e+01
3.785999025549838137e+01
3.785959341013663959e+01
3.785918858017677024e+01
3.785877578504690177e+01
3.785835504477453384e+01
3.785792638011477607e+01
3.785748981263090229e+01
3.785704536471450865e+01
3.785659305956862397e+01
3.785613292117530193e+01
3.785566497423982923e+01
3.785518924407745800e+01
3.785470575644272628e+01
3.785421453735189345e+01
3.785371561294249432e+01
3.785320900938445021e+01
3.785269475285262075e+01
3.785217286954706850e+01
3.785164338570553610e+01
3.785110632759258920e+01
3.785056172153648646e+01
3.785000959405370224e+01
3.784944997198424232e+01
3.784888288254797573e+01
3.784830835332898147e+01
3.784772641226084744e+01
3.784713708767529283e+01
3.784654040841606815e+01
3.784593640396163039e+01
3.784532510448550369e+01
3.784470654081533070e+01
3.784408074431888735e+01
3.784344774678521617e+01
3.784280758034182668e+01
3.784216027742161970e+01
3.784150587078527650e+01
3.784084439356905705e+01
3.784017587931892024e+01
3.783950036201494527e+01
3.783881787609573166e+01
3.783812845646533418e+01
3.783743213846602771e+01
3.783672895783071510e+01
3.783601895063626586e+01
3.783530215325105672e+01
3.783457860228246261e+01
3.783384833455949092e+01
3.783311138715340149e+01
3.783236779740708755e+01
3.783161760295080001e+01
3.783086084169458019e+01
3.783009755180604827e+01
3.782932777168915806e+01
3.782855153996496256e+01
3.782776889545620236e+01
3.782697987717590848e+01
3.782618452430229183e+01
3.782538287615268757e+01
3.782457497219844811e+01
3.782376085211684824e+01
3.782294055583813019e+01
3.782211412356623725e+01
3.782128159578302729e+01
3.782044301324176416e+01
3.781959841693042534e+01
3.781874784799995837e+01
3.781789134767402771e+01
3.781702895713732460e+01
3.781616071740251783e+01
3.781528666920050341e+01
3.781440685297106796e+01
3.781352130900452835e+01
3.781263007768954054e+01
3.781173319974239178e+01
3.781083071632046710e+01
3.780992266901777299e+01
3.780900909980400826e+01
3.780809005096362085e+01
3.780716556505926462e+01
3.780623568491858322e+01
3.780530045362596070e+01
3.780435991450445243e+01
3.780341411109386485e+01
3.780246308713374503e+01
3.780150688654728697e+01
3.780054555342431399e+01
3.779957913202571262e+01
3.779860766684041806e+01
3.779763120266780163e+01
3.779664978464645486e+01
3.779566345821088191e+01
3.779467226903071264e+01
3.779367626297226224e+01
3.779267548607480620e+01
3.779166998451312764e+01
3.779065980456499574e+01
3.778964499265365617e+01
3.778862559547504674e+01
3.778760166012893507e+01
3.778657323419744785e+01
3.778554036578763231e+01
3.778450310354957509e+01
3.778346149664977105e+01
3.778241559470844635e+01
3.778136544773592220e+01
3.778031110606996634e+01
3.777925262029362585e+01
3.777819004113657542e+01
3.777712341939685814e+01
3.777605280593088111e+01
3.777497825171640500e+01
3.777389980793509494e+01
3.777281752602193166e+01
3.777173145767271478e+01
3.777064165482531166e+01
3.776954816962627604e+01
3.776845105439453931e+01
3.776735036161341696e+01
3.776624614397513113e+01
3.776513845444780770e+01
3.776402734631226821e+01
3.776291287315306278e+01
3.776179508881144642e+01
3.776067404730243027e+01
3.775954980270444139e+01
3.775842240905105029e+01
3.775729192025863767e+01
3.775615839009701347e+01
3.775502187216780925e+01
3.775388241984971671e+01
3.775274008621358490e+01
3.775159492395308547e+01
3.775044698537382004e+01
3.774929632243308930e+01
3.774814298679918778e+01
3.774698702994471944e+01
3.774582850326044081e+01
3.774466745807752233e+01
3.774350394553685817e+01
3.774233801639608288e+01
3.774116972093103328e+01
3.773999910900865729e+01
3.773882623022915084e+01
3.773765113397254822e+01
3.773647386933529191e+01
3.773529448508924133e+01
3.773411302973996584e+01
3.773292955161431195e+01
3.773174409889732317e+01
3.773055671963115287e+01
3.772936746172276656e+01
3.772817637297012539e+01
3.772698350108354504e+01
3.772578889367974853e+01
3.772459259823209266e+01
3.772339466197016122e+01
3.772219513174913175e+01
3.772099405392599891e+01
3.771979147427085621e+01
3.771858743792297020e+01
3.771738198938000863e+01
3.771617517249892870e+01
3.771496703050370769e+01
3.771375760601839033e+01
3.771254694114301032e+01
3.771133507754702663e+01
3.771012205650338700e+01
3.770890791880952264e+01
3.770769270465678602e+01
3.770647645357097844e+01
3.770525920443370893e+01
3.770404099548040477e+01
3.770282186427785831e+01
3.770160184782062629e+01
3.770038098275011862e+01
3.769915930552017613e+01
3.769793685242429149e+01
3.769671365956148890e+01
3.769548976282259645e+01
3.769426519789902841e+01
3.769304000027687351e+01
3.769181420522514969e+01
3.769058784781819327e+01
3.768936096298237715e+01
3.768813358551749104e+01
3.768690575006068144e+01
3.768567749099874220e+01
3.768444884236481585e+01
3.768321983776042572e+01
3.768199051031747615e+01
3.768076089267773909e+01
3.767953101696556217e+01
3.767830091475470766e+01
3.767707061702742521e+01
3.767584015411107856e+01
3.767460955559533176e+01
3.767337885025907696e+01
3.767214806603919186e+01
3.767091723006172543e+01
3.766968636874020859e+01
3.766845550787698471e+01
3.766722467267674546e+01
3.766599388775826185e+01
3.766476317733842194e+01
3.766353256553904316e+01
3.766230207663039664e+01
3.766107173514022577e+01
3.765984156585278697e+01
3.765861159374743039e+01
3.765738184392260024e+01
3.765615234151981383e+01
3.765492311165154860e+01
3.765369417931744778e+01
3.765246556927081656e+01
3.765123730583840000e+01
3.765000941274497848e+01
3.764878191298770815e+01
3.764755482876984161e+01
3.764632818146269244e+01
3.764510199156469383e+01
3.764387627868869401e+01
3.764265106161840890e+01
3.764142635838536677e+01
3.764020218630781045e+01
3.763897856203546866e+01
3.763775550162939965e+01
3.763653302059895367e+01
3.763531113383453430e+01
3.763408985548577590e+01
3.763286919888359705e+01
3.763164917653427466e+01
3.763042980013599248e+01
3.762921108058657893e+01
3.762799302798927670e+01
3.762677565167707883e+01
3.762555896030618641e+01
3.762434296206050988e+01
3.762312766490877891e+01
3.762191307678762797e+01
3.762069920564928083e+01
3.761948605940498425e+01
3.761827364581682076e+01
3.761706197236519955e+01
3.761585104610752950e+01
3.761464087355250996e+01
3.761343146056946551e+01
3.761222281235615839e+01
3.761101493346598801e+01
3.760980782782839782e+01
3.760860149871663083e+01
3.760739594872334379e+01
3.760619117985498860e+01
3.760498719378311705e+01
3.760378399212384437e+01
3.760258157656634381e+01
3.760137994882993695e+01
3.760017911054520567e+01
3.759897906311650218e+01
3.759777980758262572e+01
3.759658134449007605e+01
3.759538367378295476e+01
3.759418679471221481e+01
3.759299070578304480e+01
3.759179540475282266e+01
3.759060088867290261e+01
3.758940715395866761e+01
3.758821419646446316e+01
3.758702201153706568e+01
3.758583059403996174e+01
3.758463993836102901e+01
3.758345003841150600e+01
3.758226088762296513e+01
3.758107247897058301e+01
3.757988480504611317e+01
3.757869785817369745e+01
3.757751163055297638e+01
3.757632611440704551e+01
3.757514130209925440e+01
3.757395718619837766e+01
3.757277375949798426e+01
3.757159101499880904e+01
3.757040894586382507e+01
3.756922754536748954e+01
3.756804680685377917e+01
3.756686672369902880e+01
3.756568728928066747e+01
3.756450849696153682e+01
3.756333034008586935e+01
3.756215281197527389e+01
3.756097590592571578e+01
3.755979961521228461e+01
3.755862393311046787e+01
3.755744885294674162e+01
3.755627436816174480e+01
3.755510047234815829e+01
3.755392715927199987e+01
3.755275442291539179e+01
3.755158225753781664e+01
3.755041065772368114e+01
3.754923961839586610e+01
3.754806913480587838e+01
3.754689920253466795e+01
3.754572981750517613e+01
3.754456097596276010e+01
3.754339267440391836e+01
3.754222490948264834e+01
3.754105767792950132e+01
3.753989097650077156e+01
3.753872480196670836e+01
3.753755915113667641e+01
3.753639402089704191e+01
3.753522940823246046e+01
3.753406531022380932e+01
3.753290172403049496e+01
3.753173864686112182e+01
3.753057607594021761e+01
3.752941400849155684e+01
3.752825244174190544e+01
3.752709137292089991e+01
3.752593079925602382e+01
3.752477071798026742e+01
3.752361112632711837e+01
3.752245202149339320e+01
3.752129340061283358e+01
3.752013526077442407e+01
3.751897759908658259e+01
3.751782041280263513e+01
3.751666369948729596e+01
3.751550745713822721e+01
3.751435168423172684e+01
3.751319637975663568e+01
3.751204154327559337e+01
3.751088717498135594e+01
3.750973327571809790e+01
3.750857984695983305e+01
3.750742689072163216e+01
3.750627440938604451e+01
3.750512240549355170e+01
3.750397088157388481e+01
3.750281984003578373e+01
3.750166928307822189e+01
3.750051921260549648e+01
3.749936963019393232e+01
3.749822053716190595e+01
3.749707193469237865e+01
3.749592382390097356e+01
3.749477620582018034e+01
3.749362908135443462e+01
3.749248245126337054e+01
3.749133631619186247e+01
3.749019067672929850e+01
3.748904553347076529e+01
3.748790088706660129e+01
3.748675673826114263e+01
3.748561308792476154e+01
3.748446993706824770e+01
3.748332728681055670e+01
3.748218513829387177e+01
3.748104349259772761e+01
3.747990235072322918e+01
3.747876171369421883e+01
3.747762158276457711e+01
3.747648195963040507e+01
3.747534284654676640e+01
3.747420424638300318e+01
3.747306616271804813e+01
3.747192859998051517e+01
3.747079156354595142e+01
3.746965505974930011e+01
3.746851909584479756e+01
3.746738367992203678e+01
3.746624882076062590e+01
3.746511452764980987e+01
3.746398081021976623e+01
3.746284767830409379e+01
3.746171514183733109e+01
3.746058321079146936e+01
3.745945189515432361e+01
3.745832120494689121e+01
3.745719115026506785e+01
3.745606174132815624e+01
3.745493298853225639e+01
3.745380490251239536e+01
3.745267749419984682e+01
3.745155077485991768e+01
3.745042475611609234e+01
3.744929944996447801e+01
3.744817486876483059e+01
3.744705102520530460e+01
3.744592793226425442e+01
3.744480560318569218e+01
3.744368405145668532e+01
3.744256329077402512e+01
3.744144333500605626e+01
3.744032419816031165e+01
3.743920589436287827e+01
3.743808843785037510e+01
3.743697184296975422e+01
3.743585612417808761e+01
3.743474129602875422e+01
3.743362737313711364e+01
3.743251437016469652e+01
3.743140230186480721e+01
3.743029118314851189e+01
3.742918102910491740e+01
3.742807185498144662e+01
3.742696367617680409e+01
3.742585650830213950e+01
3.742475036732594162e+01
3.742364526973751282e+01
3.742254123264508792e+01
3.742143827378340148e+01
3.742033641145309275e+01
3.741923566443765736e+01
3.741813605193794956e+01
3.741703759352229497e+01
3.741594030907457835e+01
3.741484421872880972e+01
3.741374934278408659e+01
3.741265570165567311e+01
3.741156331592929973e+01
3.741047220647780591e+01
3.740938239456026082e+01
3.740829390187238346e+01
3.740720675053067623e+01
3.740612096299134492e+01
3.740503656194582049e+01
3.740395357024352307e+01
3.740287201085851621e+01
3.740179190687071298e+01
3.740071328143250184e+01
3.739963615773049810e+01
3.739856055895021569e+01
3.739748650822316023e+01
3.739641402856717889e+01
3.739534314287348593e+01
3.739427387396097657e+01
3.739320624466455456e+01
3.739214027791767592e+01
3.739107599680951921e+01
3.739001342461781974e+01
3.738895258483196926e+01
3.738789350118389621e+01
3.738683619769159350e+01
3.738578069870070664e+01
3.738472702890566524e+01
3.738367521334744481e+01
3.738262527739864538e+01
3.738157724674952220e+01
3.738053114740770866e+01
3.737948700571833882e+01
3.737844484840171333e+01
3.737740470259875991e+01
3.737636659591165511e+01
3.737533055642781932e+01
3.737429661272835801e+01
3.737326479389550826e+01
3.737223512952402160e+01
3.737120764972567599e+01
3.737018238512211354e+01
3.736915936683184469e+01
3.736813862645624340e+01
3.736712019606653712e+01
3.736610410819370287e+01
3.736509039582129077e+01
3.736407909238117497e+01
3.736307023175413633e+01
3.736206384826756022e+01
3.736105997667458922e+01
3.736005865212064947e+01
3.735905991012063510e+01
3.735806378654392290e+01
3.735707031758379060e+01
3.735607953972291284e+01
3.735509148974075799e+01
3.735410620477454557e+01
3.735312372238411882e+01
3.735214408057490232e+01
3.735116731780040311e+01
3.735019347299297010e+01
3.734922258562180986e+01
3.734825469573152645e+01
3.734728984392609163e+01
3.734632807130703469e+01
3.734536941941067312e+01
3.734441393018230571e+01
3.734346164598552065e+01
3.734251260962415131e+01
3.734156686436614336e+01
3.734062445397426444e+01
3.733968542274362790e+01
3.733874981553235983e+01
3.733781767777576022e+01
3.733688905547995063e+01
3.733596399519116460e+01
3.733504254394755151e+01
3.733412474922800328e+01
3.733321065891167478e+01
3.733230032125801756e+01
3.733139378489846649e+01
3.733049109881641670e+01
3.732959231230577046e+01
3.732869747491388779e+01
3.732780663637385032e+01
3.732691984653181549e+01
3.732603715527632460e+01
3.732515861246467637e+01
3.732428426784051823e+01
3.732341417095634029e+01
3.732254837111732115e+01
3.732168691734181465e+01
3.732082985832274602e+01
3.731997724238803471e+01
3.731912911747271977e+01
3.731828553110663904e+01
3.731744653040311022e+01
3.731661216203684006e+01
3.731578247221893463e+01
3.731495750667971123e+01
3.731413731065632788e+01
3.731332192888143595e+01
3.731251140557760948e+01
3.731170578445472330e+01
3.731090510869176313e+01
3.731010942089616833e+01
3.730931876305932349e+01
3.730853317652364609e+01
3.730775270195077553e+01
3.730697737926916346e+01
3.730620724760518669e+01
3.730544234521615010e+01
3.730468270944571429e+01
3.730392837675625373e+01
3.730317938285570989e+01
3.730243576284487972e+01
3.730169755134423326e+01
3.730096478261195614e+01
3.730023749060747917e+01
3.729951570893219071e+01
3.729879947066303458e+01
3.729808880816175076e+01
3.729738375293473496e+01
3.729668433559709939e+01
3.729599058595079697e+01
3.729530253310935706e+01
3.729462020557888025e+01
3.729394363126104395e+01
3.729327283741422150e+01
3.729260785061948980e+01
3.729194869675048807e+01
3.729129540092088746e+01
3.729064798742012954e+01
3.729000647969207449e+01
3.728937090037105406e+01
3.728874127130431049e+01
3.728811761351889231e+01
3.728749994719925809e+01
3.728688829173403008e+01
3.728628266579293893e+01
3.728568308737064285e+01
3.728508957377889743e+01
3.728450214159585130e+01
3.728392080658029784e+01
3.728334558355373218e+01
3.728277648627268803e+01
3.728221352733804395e+01
3.728165671816284288e+01
3.728110606897799073e+01
3.728056158884873383e+01
3.728002328569497337e+01
3.727949116633988069e+01
3.727896523661203076e+01
3.727844550147284508e+01
3.727793196510314999e+01
3.727742463092444325e+01
3.727692350159384915e+01
3.727642857901464879e+01
3.727593986436629336e+01
3.727545735813730232e+01
3.727498106015232793e+01
3.727451096960408705e+01
3.727404708510865561e+01
3.727358940477925842e+01
3.727313792628543609e+01
3.727269264687128469e+01
3.727225356332694162e+01
3.727182067191623815e+01
3.727139396827701745e+01
3.727097344731760131e+01
3.727055910312492415e+01
3.727015092890283654e+01
3.726974891695910230e+01
3.726935305873136883e+01
3.726896334481701700e+01
3.726857976498547487e+01
3.726820230817006063e+01
3.726783096242861149e+01
3.726746571487301907e+01
3.726710655160739805e+01
3.726675345771311498e+01
3.726640641727271941e+01
3.726606541341236323e+01
3.726573042835497063e+01
3.726540144346945027e+01
3.726507843930142627e+01
3.726476139558641876e+01
3.726445029124739250e+01
3.726414510436997318e+01
3.726384581215323522e+01
3.726355239084975324e+01
3.726326481571157245e+01
3.726298306094873425e+01
3.726270709970150108e+01
3.726243690401739883e+01
3.726217244481367175e+01
3.726191369182021162e+01
3.726166061352447656e+01
3.726141317713582168e+01
3.726117134856254864e+01
3.726093509239082380e+01
3.726070437186462669e+01
3.726047914886662227e+01
3.726025938390294812e+01
3.726004503610159446e+01
3.725983606323517705e+01
3.725963242177676449e+01
3.725943406698595339e+01
3.725924095300366901e+01
3.725905303293622239e+01
3.725887025893261750e+01
3.725869258226953917e+01
3.725851995344031309e+01
3.725835232223016646e+01
3.725818963777300752e+01
3.725803184858773420e+01
3.725787890258042268e+01
3.725773074700659038e+01
3.725758732840908038e+01
3.725744859255889452e+01
3.725731448441838722e+01
3.725718494812004877e+01
3.725705992693360002e+01
3.725693936319898114e+01
3.725682319821842725e+01
3.725671137212221140e+01
3.725660382376558744e+01
3.725650049073578174e+01
3.725640130946806039e+01
3.725630621534627096e+01
3.725621514266883594e+01
3.725612802450478966e+01
3.725604479255166268e+01
3.725596537705770572e+01
3.725588970680548329e+01
3.725581770914507729e+01
3.725574931005948542e+01
3.725568443422318410e+01
3.725562300501976409e+01
3.725556494451866740e+01
3.725551017343433813e+01
3.725545861108737711e+01
3.725541017537052824e+01
3.725536478271467189e+01
3.725532234805867660e+01
3.725528278483390210e+01
3.725524600496329697e+01
3.725521191886535632e+01
3.725518043546195912e+01
3.725515146219694884e+01
3.725512490506147145e+01
3.725510066860869074e+01
3.725507865594597234e+01
3.725505876872036737e+01
3.725504090712737337e+01
3.725502496994702994e+01
3.725501085457607076e+01
3.725499845702408663e+01
3.725498767187843896e+01
3.725497839227800512e+01
3.725497050992390058e+01
3.725496391511750005e+01
3.725495849680230975e+01
